[-6.56832904e-02  1.55739754e-01  1.16188481e-01 -1.20561132e-02
 -4.94336826e-04  2.35882983e-01 -5.39800227e-02 -9.47691128e-03
  5.85382394e-02 -2.10331306e-02  2.26807836e-02 -1.34126712e-02
 -9.85774398e-02 -1.93434119e-01 -7.24058831e-03 -6.31358996e-02
 -2.30305299e-01  4.39167432e-02 -9.34796967e-03 -1.64760485e-01
  1.49326891e-01  8.10153335e-02 -3.76616754e-02 -1.03706121e-02
  7.98226669e-02 -8.17427412e-02 -1.64898876e-02 -1.25777319e-01
  1.33825848e-02  4.27876674e-02  7.94795379e-02 -2.05339164e-01
 -4.39933725e-02 -1.32298190e-02  1.51015580e-01  1.16062472e-02
 -3.06252390e-02 -1.66943595e-01  4.15541977e-02  5.05063236e-02
  4.46033925e-02 -8.59885737e-02 -6.79204017e-02  4.47130352e-02
 -1.26766618e-02  2.07014638e-03  6.60694316e-02 -6.06608465e-02
 -1.26067564e-01 -4.57113385e-02  2.55979020e-02  1.12557419e-01
  1.19631765e-02  2.33428524e-04 -1.34850349e-02  7.32041597e-02
  7.01328069e-02 -6.19638264e-02 -1.17298901e-01 -7.12690577e-02
  1.60683505e-02 -1.67752765e-02  8.20450932e-02 -2.64005233e-02
  1.00214601e-01 -1.37560740e-01  4.70859967e-02  1.88743602e-02
  3.77067588e-02  2.14548096e-01  6.64858520e-02  7.71328285e-02
 -5.39413691e-02 -1.67560458e-01  2.24969666e-02  7.19040334e-02
 -1.79035932e-01  7.39388317e-02 -4.04184535e-02  8.27168524e-02
 -6.31360859e-02  1.12198807e-01  1.16492003e-01  1.61626294e-01
 -5.38954772e-02  6.56981170e-02  7.60911182e-02  2.07477901e-02
 -6.64776564e-02  6.84609935e-02 -1.68226045e-02 -7.61953071e-02
 -5.19236699e-02  5.26557527e-02 -1.55576512e-01 -1.10211961e-01
 -4.71877269e-02 -4.29165503e-03  1.13571528e-02  5.54503091e-02
  9.98496041e-02  5.86938001e-02 -7.89569616e-02 -1.09701924e-01
  7.44627044e-02  1.42406486e-02  5.36323860e-02  1.54216476e-02
 -1.28919005e-01  5.60215265e-02  2.34005116e-02 -9.02139470e-02
 -4.07996289e-02 -8.20583105e-02  7.35308826e-02  1.11125588e-01
 -1.62101537e-01  1.75074395e-02 -2.94634281e-03  2.46440396e-02
  8.93853530e-02 -4.08078171e-02 -1.60770882e-02 -6.74965382e-02
  1.13274552e-01  1.24716327e-01  1.25843450e-01  1.05128616e-01]