[-0.03591371  0.21727775  0.09637948  0.09013326  0.07350373  0.12113836
 -0.00155735 -0.14408958  0.06011182  0.04444787  0.00454786  0.00902453
 -0.1344388  -0.10162809  0.04395519 -0.03606277 -0.07316216  0.12329264
 -0.01620452 -0.15593921  0.00512512  0.10744972 -0.14508629 -0.0249798
  0.13777705 -0.12049878 -0.06262886  0.03785289 -0.03239284  0.14088213
 -0.01663968  0.01546492 -0.04082667  0.01098643  0.12034998  0.0032043
  0.04979306 -0.29701164  0.02761355 -0.02950558  0.09820785 -0.06910669
  0.12644024 -0.0313675   0.03396192  0.1124293   0.08119795 -0.0372454
 -0.09736051 -0.0933085   0.15399398  0.07605886 -0.00310322 -0.04116197
  0.03071845  0.08270054 -0.08147073 -0.12475104 -0.04319419  0.04129375
  0.0627737  -0.01159092 -0.06981497 -0.04568677  0.07504535 -0.01950704
 -0.0007367  -0.0323863  -0.02450552  0.18566017  0.07127358  0.0704348
  0.01368558 -0.13504285 -0.02808208  0.11358872 -0.05091416  0.05967016
 -0.10998534 -0.10976657  0.0342927   0.20335357  0.01378532  0.1245855
  0.00885049  0.07397889 -0.03225293 -0.05831407 -0.10167038  0.17919439
 -0.05272727 -0.05134241 -0.08371117 -0.0026669  -0.11723579  0.00960862
 -0.0369794  -0.09180843  0.09520507  0.02675581  0.06553008  0.04421625
  0.03925267 -0.10559323 -0.01911088  0.01358162  0.01284279  0.01550311
 -0.1834441   0.14389415  0.04891761 -0.13289751 -0.02439934 -0.08446168
  0.00218235 -0.09630389 -0.11489903  0.01888012 -0.01137319 -0.05977789
  0.12825473  0.05174902  0.02754887 -0.01154005  0.15991548  0.0640544
  0.1042344  -0.03563263]