[-0.06921911  0.20111947  0.12914854 -0.01584032 -0.00677699  0.22164953
 -0.03798817  0.01598703  0.04167634 -0.00826336 -0.00328329 -0.04701554
 -0.11145082 -0.16920914  0.01609135 -0.15511827 -0.17886889  0.03215235
  0.00281517 -0.12693405  0.06776586  0.06830184 -0.05108928 -0.01917305
  0.05775788 -0.13603494 -0.03854231 -0.03848854 -0.00726448 -0.00948126
  0.07602087 -0.31562042 -0.05183334 -0.03552716  0.17267147  0.0330086
 -0.00530574 -0.15951152 -0.05466679  0.01066864  0.03970869 -0.03487022
 -0.05026139  0.0744663  -0.05647072  0.03143258  0.05284646 -0.01384851
 -0.11448848  0.02595358  0.00339541  0.11048991 -0.02782131 -0.01033315
  0.01501384  0.05365024 -0.02509444 -0.06808968 -0.06679117 -0.12359143
 -0.00477396  0.02182732  0.0643886  -0.05266678  0.09990902 -0.12815887
  0.07655848 -0.01112131 -0.00542689  0.2142431   0.13007702  0.07909583
  0.02794831 -0.12889816  0.00089443  0.07935433 -0.1775443   0.08558769
  0.0381117   0.02615499 -0.08370274  0.09148121  0.09139391  0.15493529
 -0.00077072  0.00562104  0.03024738  0.04118401  0.01040533  0.11013874
 -0.00710852 -0.07762801  0.01110255 -0.01814057 -0.12018222 -0.17733485
  0.01359859 -0.01349588 -0.04855216  0.03022428  0.06418488  0.14104341
 -0.03159964 -0.19786513 -0.01050606  0.05006707  0.07453269 -0.02405034
 -0.09634718  0.11234486  0.10441668 -0.10119464 -0.01260784 -0.02837823
  0.02070247  0.05354167 -0.11873359  0.00673716 -0.01696067 -0.01704256
  0.03895532 -0.05030828 -0.03106413 -0.03191089  0.14060581  0.08101722
  0.15845992  0.06857947]