[ 3.66864391e-02  1.77738648e-02 -5.44475242e-02 -4.66318689e-02
  1.41408935e-01  1.53251007e-01  1.07975351e-02 -2.00442076e-02
 -1.65414453e-01  1.69792715e-02  3.89963463e-02  7.02506304e-02
  1.47936791e-01  2.05557924e-02  3.93556841e-02  3.49746495e-02
 -5.06618321e-02  5.75394146e-02 -5.12193106e-02  7.86481500e-02
  1.23007171e-01 -5.90468682e-02  1.18635230e-01  6.63595796e-02
  1.10379010e-01 -1.39088228e-01 -1.08694052e-02 -8.45377427e-03
  6.62273029e-03  1.38194427e-01  1.50601687e-02 -5.11683226e-02
 -3.32203172e-02  8.12426582e-02 -4.61676009e-02 -1.09310178e-02
 -1.03249602e-01 -1.24049075e-01  4.80423942e-02 -1.02608874e-02
 -2.22933435e-04 -8.99081007e-02  1.50192440e-01  8.34660158e-02
 -1.50449723e-01 -1.62697241e-01  7.39411786e-02  6.24741837e-02
 -2.44883057e-02  1.43758982e-01  9.90682468e-02 -1.36602730e-01
 -1.07684664e-01  5.79738058e-04  1.54375099e-02  1.27904788e-02
 -5.40798716e-02  1.48277879e-01 -4.05055052e-03  1.48854777e-03
 -7.88004994e-02  3.82100753e-02  9.41209793e-02 -7.47635886e-02
  2.99791321e-02  1.38963861e-02 -1.30193189e-01  1.65129136e-02
 -1.86783597e-01 -1.79556292e-02  7.53526203e-03  1.68158680e-01
 -4.90862355e-02 -6.71684220e-02 -2.36750627e-03  4.76890765e-02
  1.02684960e-01 -8.09157044e-02  2.77923401e-02  1.24313347e-01
  4.66119237e-02 -1.61028966e-01  1.18800968e-01  1.07305855e-01
 -1.41119510e-01  6.27663210e-02  2.04547066e-02 -8.09247885e-03
  6.77685887e-02  3.45068574e-02 -1.55866425e-02 -1.27680257e-01
 -8.09223503e-02  8.18944871e-02 -8.88665617e-02 -4.13136035e-02
 -1.67761087e-01  1.51080891e-01 -7.22912550e-02 -1.19658681e-02
  2.78685372e-02  2.79582888e-02  1.46847907e-02  9.12164152e-02
 -9.00699757e-03  1.14106745e-01 -1.04728781e-01  1.26671925e-01
  1.46773858e-02 -7.47620687e-02 -3.19876038e-02  3.37239727e-02
 -1.28578572e-02  1.35133296e-01 -5.64969666e-02  7.38827288e-02
  6.09429628e-02  2.17293426e-01 -2.91901771e-02  2.44279325e-01
  1.55062722e-02 -1.23955801e-01 -5.63138761e-02 -2.28273608e-02
 -1.18514203e-01  6.04427569e-02 -2.64077261e-02  5.35103977e-02]