[ 8.78706574e-02  3.84010784e-02 -1.58609360e-01 -5.20301312e-02
  1.35829464e-01  8.33668709e-02  8.09458271e-02 -8.01998526e-02
 -1.04617804e-01  1.07569382e-01  1.05012402e-01  1.31074965e-01
  1.39064550e-01  6.74980730e-02  6.41531171e-03  7.62694106e-02
  5.12532890e-02  3.03409398e-02 -3.14850770e-02  8.61211121e-02
  7.81933367e-02 -2.16935258e-02  4.58029471e-02  1.25980899e-01
  3.02621238e-02  1.13678828e-01  6.99085593e-02 -9.25179869e-02
  1.38781339e-01  1.77452147e-01 -7.49029592e-02  1.71433657e-01
 -1.94458384e-02  6.13542050e-02 -1.07132845e-01 -2.53358353e-02
 -3.15753855e-02  1.49678499e-01  9.17302966e-02  3.41423936e-02
  1.35185139e-03 -1.85982510e-02  4.05768631e-03  5.71659319e-02
 -1.44136861e-01 -5.87236881e-02  1.00079313e-01  8.62016622e-03
 -5.30049987e-02 -7.04768300e-02  1.11354277e-01  8.77779350e-03
 -1.07694231e-01 -5.56720006e-05  1.06985383e-01  4.58094738e-02
 -1.21911224e-02  2.55034864e-01 -4.41627242e-02 -2.24528853e-02
 -1.09478913e-01 -1.31744117e-01  2.33219594e-01 -8.85981619e-02
  5.09564579e-02  4.60700132e-02 -6.16144203e-02  1.14761390e-01
 -4.45372052e-02  1.10064941e-02 -2.92869844e-02  1.45450130e-01
 -7.73996860e-02  2.55210306e-02  6.32106140e-02 -5.39475353e-03
  5.04384302e-02  3.78562398e-02 -3.35979648e-02 -1.09100379e-02
  2.31681596e-02  7.14101940e-02  5.33432290e-02 -5.66399619e-02
 -6.72327578e-02 -6.83470815e-02  9.93143246e-02  2.85237618e-02
  6.68371543e-02 -2.70424113e-02 -1.43312290e-02 -1.16584949e-01
 -8.70391056e-02  7.11642131e-02  1.39690805e-02 -5.46134897e-02
 -3.34004387e-02  4.36286330e-02  1.10688858e-01 -3.47877033e-02
 -2.73121591e-03 -2.65588611e-02  9.72443819e-03  2.08239526e-01
 -1.64726004e-01  6.01952188e-02 -1.56890303e-01  4.77828644e-02
  6.92492723e-02 -1.66655660e-01  4.63399589e-02  1.94222182e-01
 -5.57611845e-02  7.94755816e-02  7.43975118e-02  2.95555070e-02
 -1.03417739e-01 -5.44238575e-02 -2.41145846e-02  1.31173715e-01
  5.06357886e-02 -1.06834536e-02  3.40188630e-02  2.37652138e-02
 -1.08125210e-01  1.15622938e-01 -8.03712532e-02 -2.65866145e-02]