[ 0.09800994  0.02389449  0.01387824 -0.07907138  0.10840248  0.10904471
  0.07339726  0.09248833 -0.05362651 -0.05949687  0.02386581 -0.02238079
  0.11725562 -0.09933267  0.04811754  0.09597373 -0.05820043  0.08880087
 -0.19906479  0.07973785  0.17994986  0.06070464  0.07477155  0.11897023
 -0.05173656 -0.22729214 -0.05903201 -0.05860975  0.03493628  0.10474069
 -0.04118562 -0.05831589 -0.03531536  0.15829571  0.03660576 -0.04469733
  0.02006005 -0.08352638 -0.0474897  -0.00124034 -0.04540366 -0.05782919
  0.12604231  0.05648767 -0.02334701 -0.08913254  0.05498273  0.09110146
 -0.10794433  0.21704403  0.01577066 -0.23957114 -0.10435741  0.0325023
 -0.02397478  0.00548914 -0.04206081  0.0557902  -0.03889363  0.01007951
 -0.0124797   0.06850322  0.04119341 -0.08621991 -0.01325712 -0.07282665
 -0.11460246 -0.05678217 -0.15801051 -0.07399864 -0.04614493  0.0234182
 -0.03984981 -0.05855135 -0.06340791 -0.00030214  0.11026487 -0.00184923
  0.04830303  0.01884684  0.15335387 -0.0905438  -0.06825986  0.02005613
 -0.07758954  0.16058111 -0.06307118 -0.07349422 -0.0038757   0.17276032
  0.13266538 -0.1511464  -0.18435282  0.02058826 -0.03677025  0.12773496
 -0.18757723  0.08713988 -0.06933152  0.07064911  0.08093361 -0.05253855
 -0.04537965  0.04303693  0.00848744  0.02066759 -0.08503     0.06057923
 -0.0345871  -0.02461766 -0.02301872  0.03912979  0.02188414  0.05712205
 -0.05314374  0.10460021  0.05818176  0.1611536  -0.09931231  0.14520721
 -0.01073567 -0.01546641  0.01022888  0.11943175 -0.09382031 -0.03145796
 -0.05669672 -0.11292581]