[ 0.16094738 -0.02567253  0.03246976  0.05577382 -0.0004273   0.07800986
  0.0490374   0.07979647 -0.0810725  -0.22475988  0.02037271  0.03806619
  0.05856638 -0.10823966 -0.09972679 -0.04074058 -0.02414539 -0.06088715
 -0.18261215  0.12753539  0.17723262 -0.07413089  0.05537805  0.07960796
  0.01369545 -0.15728703 -0.07461686 -0.10563063 -0.07007837  0.03363911
  0.00758535 -0.08610909 -0.06611221  0.09535433 -0.0685417  -0.07975869
 -0.16637038  0.08879452 -0.1163336  -0.02417987 -0.07346632 -0.00580023
 -0.06968649  0.06623006  0.03478793 -0.00853459  0.00435014 -0.06438211
 -0.15165424  0.15083502  0.00918094 -0.04850005 -0.00896866 -0.02167288
 -0.02932002 -0.0801548  -0.08372484  0.1146806  -0.00467271 -0.05681364
  0.03455368  0.06985335  0.0596749  -0.03617998 -0.00491147 -0.12699205
 -0.01098542  0.00840854 -0.15380625 -0.03250118  0.04185572 -0.02507668
 -0.02079441 -0.04348851 -0.07772703  0.01529365  0.04049169 -0.12125801
  0.02442803  0.27541503 -0.08637852 -0.19895625 -0.05393943 -0.10076114
 -0.08878303  0.02574187  0.00624141 -0.09438232 -0.05551413  0.0027141
  0.03819729 -0.14368494 -0.07753575  0.069704   -0.05097999  0.04051382
  0.02646456 -0.05339089 -0.06407584  0.01633103 -0.01439361  0.07456947
 -0.09368641  0.11901853 -0.08544073  0.00502414 -0.04573287  0.18022971
  0.0048609  -0.13740753  0.04087208  0.06475604 -0.11532442  0.03601106
  0.04323679  0.13098118 -0.1074879   0.08462177  0.04457332  0.1691419
 -0.17062312  0.04239067 -0.09234845  0.05483985  0.13456406 -0.03066663
  0.06175442 -0.11981211]