[ 0.07292079 -0.07694179  0.01569828  0.02568887  0.06014428 -0.06242768
  0.01404251  0.12924117  0.09681828 -0.14181499 -0.06598606  0.08736204
  0.01686471 -0.17143871 -0.06627961 -0.01050874 -0.04562597 -0.10936709
 -0.15188108  0.21520181  0.07257126  0.06836595  0.01439322 -0.06487428
 -0.07673861 -0.03760272 -0.0590915  -0.03667266 -0.07776093  0.03850129
 -0.02388109  0.00373985  0.0658249   0.07867355  0.01627293 -0.07215456
  0.03523719  0.10453055 -0.11518899 -0.10744441 -0.01751168 -0.00984919
  0.02027799  0.0593459  -0.00564998 -0.05144159 -0.03186751 -0.01010746
  0.08764654  0.2396183  -0.00199381 -0.02397145 -0.03461155  0.04545034
  0.11858902 -0.15588315 -0.10086128 -0.16736764 -0.0854104  -0.0674155
  0.00606371 -0.13628805 -0.05154727  0.058577   -0.03832072 -0.23747331
 -0.00699391 -0.00892048 -0.0199932  -0.1312447   0.03800412 -0.05956657
  0.02698566 -0.00282999 -0.11786277  0.02554713  0.04835608 -0.0371215
  0.04786206  0.1953381   0.06377471 -0.07676759  0.00582579  0.08008049
  0.14735869 -0.09331553 -0.00569028  0.12636013  0.13067192  0.07405405
 -0.03106538 -0.04397195 -0.16073865  0.09898961 -0.10905498  0.00785939
  0.04272134 -0.08571187 -0.11824968 -0.07039313  0.03289399  0.03015614
 -0.05018202 -0.03074404 -0.07079975 -0.06157225 -0.0064313   0.05680294
  0.08099129  0.07260266  0.00332707  0.016698   -0.16876948  0.09087387
 -0.03153729  0.00204015  0.04670243 -0.00369932 -0.07754811  0.06454898
 -0.07323714  0.20968094  0.09396672  0.05417143  0.13715696 -0.14325045
  0.19654565 -0.06135354]