[ 0.03022551 -0.0379634  -0.07501833 -0.08038697 -0.04150162  0.12354842
 -0.05480274  0.12471361  0.10029958 -0.12826091 -0.08817831  0.04116449
  0.03708072 -0.16794682 -0.06967749 -0.07298306 -0.17926712 -0.23735999
 -0.14042011  0.13119803 -0.00425932  0.02757665  0.03355229 -0.05611598
 -0.13740003 -0.01684786 -0.02137111 -0.09789017 -0.16161138 -0.0630032
  0.06725866 -0.11261256 -0.03594343  0.05721122 -0.03991682  0.07164635
 -0.04397933  0.07150451 -0.16843796  0.04464779 -0.04325101 -0.07807573
 -0.12923266  0.07996266  0.05188311 -0.00934866 -0.02706497  0.06747493
  0.00507874  0.27981883 -0.05320695 -0.01936079 -0.02398653  0.01523385
  0.09374947 -0.09405494 -0.11982828 -0.01132426 -0.04147722 -0.09957661
 -0.03956633  0.01224027  0.08683014 -0.01363056 -0.01679971 -0.24561682
  0.06864478  0.10313255 -0.00041688 -0.02006871  0.04293347 -0.0150579
  0.00389429  0.00036785 -0.05692613  0.03548305 -0.03368777 -0.06006301
  0.04721024  0.23587392  0.03032515 -0.1397159  -0.01959056  0.04056358
 -0.05134298 -0.05790628  0.05020354  0.05808834  0.11083314  0.0561801
 -0.01685434 -0.10855749 -0.03558975  0.08843701 -0.10477173  0.04571975
  0.07593905 -0.13344309 -0.09357867 -0.01062393  0.0412816   0.04980898
 -0.17680731 -0.08808343 -0.10586625 -0.01000185 -0.13358192  0.01055599
 -0.10497083  0.088544    0.08219667  0.08583619 -0.0859081   0.02920611
 -0.03636843  0.10409763 -0.02064196  0.02595114 -0.00851889  0.09715731
 -0.03489453  0.04329743  0.12116385  0.04183235  0.0990567  -0.08536977
  0.09155831 -0.02170905]