[-0.11189381  0.13493019  0.14482491 -0.06145855  0.04357435 -0.00944479
 -0.06562319  0.01079226  0.10868548 -0.01806658 -0.07340424 -0.07143444
 -0.07772905 -0.0623474   0.04126883 -0.05046899 -0.02868432 -0.01478775
  0.03622684 -0.0669101   0.12577896  0.04434338 -0.0121516  -0.07562362
  0.07309243 -0.04151926 -0.08890623 -0.02849342  0.08063577  0.02853842
  0.08272912 -0.18129551  0.11053997 -0.0540239   0.20038275 -0.04040061
  0.12745577  0.07289034  0.07195666 -0.09495044 -0.00363181  0.04315523
  0.00266075 -0.08096264  0.04161566  0.12176272  0.0092708  -0.04265068
 -0.02786245 -0.0742357  -0.14021739  0.13604265  0.11624511  0.01155062
  0.02085214 -0.0032243   0.13097098 -0.16856794 -0.16157939 -0.14413878
  0.05860033 -0.02625652 -0.06358964  0.03640268  0.03170761 -0.04166391
  0.00646138  0.09372271  0.06598841 -0.00241723  0.09835731 -0.03513116
 -0.09503064 -0.1722859   0.06421965  0.11431847 -0.15058148  0.06262082
  0.10527006  0.04097088 -0.13406086  0.1716653   0.09426787  0.22116089
  0.13545229 -0.0354671  -0.01093766  0.15249018  0.03769915  0.00827523
 -0.01908155  0.02179503  0.06796016  0.06131291 -0.09262083 -0.17767254
 -0.00684706  0.08129808 -0.08847214 -0.04920866  0.10908077  0.01597507
 -0.04679789 -0.1021943   0.00294596 -0.00785176  0.11834318 -0.05265757
  0.07977267  0.05811362  0.0209071  -0.14739344 -0.11319292  0.00494512
  0.03549894  0.08629285 -0.19002587 -0.06889524 -0.11225671 -0.01414348
  0.00698073  0.11459407 -0.06464439 -0.03783234  0.02928428  0.0608684
  0.12611397  0.04321156]