[-1.41023785e-01  1.20427527e-01  6.36011660e-02 -1.20322637e-01
  3.22727375e-02 -2.39120089e-02 -1.35186419e-01 -2.64484398e-02
  1.57006502e-01 -4.56602760e-02 -8.38094950e-03 -7.71630183e-03
 -7.81312138e-02 -1.61904972e-02  2.42400784e-02 -1.83161087e-02
 -1.04463860e-01 -1.18269034e-01  4.32922989e-02 -4.21151072e-02
  5.44473380e-02  1.33502945e-01 -4.07866873e-02 -4.46821414e-02
  5.46566956e-02  7.66697228e-02  8.74416307e-02 -2.14087650e-05
  4.14204933e-02  4.22092602e-02  7.39451051e-02 -1.94376975e-01
  1.20146856e-01 -1.90069247e-02  7.56153017e-02  7.79884905e-02
  1.46659702e-01  2.42378674e-02  6.20527565e-02  1.00076616e-01
  4.18707654e-02  2.13699713e-02  1.54975662e-02  1.23862447e-02
  3.54463048e-02  1.10557944e-01  7.03184605e-02 -5.86228110e-02
  6.13156632e-02 -2.88369861e-02 -9.22021866e-02  1.23538576e-01
 -1.63996369e-02  5.57791740e-02  9.48587805e-02  3.03284768e-02
  4.05280367e-02 -9.55747291e-02 -1.71984822e-01 -5.60643673e-02
 -3.92833631e-03 -1.29133880e-01 -1.40009308e-03  7.50058591e-02
 -2.71424255e-03 -1.78061470e-01  5.43032959e-02  1.05418749e-01
  1.89074293e-01  6.77455068e-02  9.13523212e-02  1.65657811e-02
 -6.54971600e-02 -1.23858795e-01  1.65155962e-01  9.80029032e-02
 -1.62031963e-01  1.76395431e-01 -1.93919484e-02  3.73699181e-02
 -3.02079488e-02  2.19855189e-01  1.47132799e-01  2.57054210e-01
  2.90507898e-02  7.86703825e-03  7.38761425e-02  1.43860012e-01
 -2.01251474e-03 -1.96286049e-02 -6.78165033e-02 -3.90988700e-02
  2.71506049e-02  6.11974262e-02 -8.24167430e-02 -1.60124287e-01
 -5.35430610e-02 -6.71515847e-03  7.24737532e-03 -6.64310083e-02
 -3.80853228e-02 -2.50078291e-02 -5.26508503e-02 -5.34499437e-02
 -2.44760457e-02 -2.53993389e-03 -3.17582749e-02 -2.75953747e-02
 -4.70566042e-02  3.55677009e-02  1.81626640e-02 -1.06561773e-01
 -1.37002319e-01  6.86421022e-02 -3.68047096e-02  6.60288334e-02
 -1.02492779e-01 -1.29434362e-01 -1.14156105e-01  6.51254645e-03
  9.31416079e-02  1.71793222e-01 -1.22493301e-02  5.02197072e-03
 -3.30700241e-02  4.21727225e-02  6.81853965e-02  1.25327870e-01]