[-0.05918597  0.07520083  0.12366758  0.00624762 -0.00796619 -0.02418676
 -0.04169177  0.06683771  0.06759507 -0.02478523  0.01824882 -0.04885563
 -0.1022952  -0.03717548  0.11117133 -0.16009551 -0.05267899 -0.1230937
  0.08114536  0.00822459 -0.03264036  0.01377924 -0.04263572 -0.10412685
  0.0637598  -0.01778014 -0.03461859 -0.01839636 -0.06403158 -0.08450482
  0.04553128 -0.21628919  0.09227928 -0.025343    0.09030771  0.08062895
  0.12229458  0.02625079 -0.01340057 -0.02350658  0.09451357  0.01362295
 -0.07241584 -0.05563475 -0.06520077  0.18373755  0.00297593 -0.08861141
  0.00404587 -0.02366153 -0.13256897  0.15626    -0.00104539  0.05883484
  0.08071687 -0.02917784 -0.00105248 -0.19424    -0.12434968 -0.03404233
  0.00105524 -0.07549378 -0.0948784   0.00249816  0.05017475 -0.06699841
  0.09469628  0.10366642  0.15353432  0.04511156  0.15034062  0.0165892
 -0.00387189 -0.09913258  0.12354426  0.10971069 -0.15073699  0.13465582
  0.05730792  0.04894943 -0.19252613  0.08400539  0.08474423  0.16591591
  0.07578696  0.02950677  0.05865287  0.11431742  0.01057575 -0.00836685
 -0.0115693  -0.01828455  0.09738376 -0.00649867 -0.16284561 -0.23523471
  0.06166391 -0.09100377 -0.02059093 -0.07980929 -0.03919165  0.06228967
  0.00479937 -0.1643182  -0.00943164  0.04059026  0.08407578  0.02662993
 -0.0084329   0.06632269  0.01434574 -0.12328648 -0.09813679 -0.02160402
 -0.00062782 -0.00590271 -0.11047748 -0.16064771 -0.04825088 -0.03148988
  0.01792205  0.10521379 -0.05305942  0.09695975  0.15591668 -0.00191799
  0.19358689  0.09996282]