[-0.06126968  0.13441914  0.0675951  -0.12376901  0.02416623 -0.07525256
 -0.08522376 -0.1275501   0.09681725 -0.07023343  0.04399227 -0.06967412
  0.04406301  0.12462399  0.15574251 -0.06171592 -0.01554616 -0.12896644
 -0.02203541 -0.01975697 -0.057455    0.19256479 -0.01645745 -0.07031387
  0.04255793  0.02906006  0.0354874   0.10800857  0.0808203   0.08358373
  0.07541241 -0.05474254  0.15469967 -0.01178759  0.06030984  0.0501333
  0.15929092  0.08541396  0.09945635  0.05891204  0.05812928  0.00068626
  0.00388377 -0.026032   -0.04546798  0.16228117 -0.02447808  0.03533155
  0.04616902 -0.0919437  -0.14783005  0.10480583  0.08831423  0.01826869
 -0.04773983 -0.00828026 -0.06311438 -0.03243694 -0.14406176  0.00811383
 -0.12104237 -0.05983848 -0.03834843  0.10060486 -0.08912061  0.06118431
  0.08041558  0.11497844  0.06061611 -0.12341548  0.09168191 -0.12238906
 -0.03756968 -0.12423315  0.21683212  0.08235127 -0.15047339 -0.10359024
  0.00228948  0.14159997  0.10150667  0.06148183  0.07755161  0.15346633
  0.07651664  0.01759068  0.01712325 -0.01531815 -0.1049644   0.04845965
  0.00252189 -0.075441    0.07519449  0.09138465 -0.14805061 -0.1699035
 -0.12077482 -0.0138167   0.06218565 -0.10515021 -0.01550994  0.01369211
  0.04129536  0.00229346 -0.10338619  0.02842188  0.00515048  0.07176033
  0.08564413 -0.00777685  0.10810658 -0.11410775 -0.1823207   0.11167829
 -0.12688437  0.03186182 -0.16712762 -0.00296572 -0.06953318  0.0233194
  0.09245507  0.0284148  -0.12189458  0.05518741  0.01357224 -0.00663999
  0.01596187  0.06443988]