[ 0.00706912  0.20100911 -0.10207435 -0.04141827 -0.00791156  0.09354292
 -0.01708882 -0.18626003  0.00153605 -0.07871716  0.07538091 -0.02939474
  0.03303222  0.01443219 -0.02383984  0.00635003 -0.10647385 -0.11420298
  0.0063397  -0.06900041  0.05373815  0.02605739 -0.13421021 -0.0945166
  0.08102939  0.04803642 -0.0344038  -0.02436357  0.06920832  0.18823779
  0.01401344  0.05306138 -0.00430518 -0.02714601  0.0488636   0.03879864
  0.06253099 -0.04869619  0.18763947 -0.0047231   0.03976863 -0.0990026
  0.09973314  0.0256815   0.05457935  0.14014095  0.11764009 -0.01828536
 -0.17377472 -0.17607008 -0.11823351  0.08027412  0.09158409  0.03084248
  0.01502415  0.05934236 -0.10857543  0.08872565 -0.13196085 -0.0299821
 -0.04848671  0.00943018  0.1730784  -0.02498247 -0.00934792  0.1424194
  0.04231159  0.05347607  0.02723137 -0.10787115  0.02789208 -0.06200987
 -0.08166182 -0.1215089   0.16296351  0.07602118 -0.0686795  -0.09460801
 -0.07107386  0.13091369  0.07372817  0.05628496  0.01448743  0.04731139
 -0.098009    0.14228652 -0.00313081 -0.1171909  -0.08108695  0.06716929
  0.06094132 -0.16247863 -0.04477993  0.08970036 -0.12367519 -0.06009602
 -0.04348159 -0.00101246  0.11797315 -0.01932147 -0.00982026  0.00660958
  0.00156109  0.03490202 -0.15313487  0.13935447 -0.00357508  0.21884161
 -0.1204441  -0.03576411  0.09711206 -0.11411577 -0.17369576 -0.02549762
  0.00207627  0.04296049 -0.21263555  0.02846352  0.06481779 -0.00406973
  0.07305977 -0.06615425  0.02193587  0.01544181  0.04146007  0.0799716
  0.01603471  0.00324311]