[ 0.03098823  0.02455558 -0.02133408  0.01577225  0.07625197  0.13786739
  0.03470748 -0.2334439   0.03914436 -0.09737437  0.06160604  0.09334557
 -0.07150684  0.05760466  0.00985204 -0.07117862 -0.10520934  0.01154035
  0.02295609 -0.14386782 -0.01065047  0.10488892 -0.12394676 -0.01402284
  0.13489251  0.01574037  0.01365379  0.01961711 -0.0471685   0.13536824
  0.05136098 -0.00199687 -0.07641447 -0.05872985  0.07135995  0.05069859
 -0.07492712 -0.20417055  0.15512584  0.03588322  0.10940769  0.0172181
  0.01382851  0.0153915  -0.02464041  0.02775489 -0.03085891 -0.04523233
 -0.01897899 -0.16540562 -0.02771182  0.0155978   0.10046101 -0.04747181
 -0.02253791  0.09120936 -0.1403188   0.21991782 -0.17768897  0.12639864
 -0.04850345  0.03645008  0.16379964 -0.02535578  0.04857682  0.10356282
  0.01550503  0.04415095 -0.05779253  0.04606595  0.11248798  0.06524494
  0.0050584  -0.12514916  0.02880227  0.10414311 -0.0763967  -0.19150099
 -0.11903711  0.03867411  0.06745015  0.09310262  0.06907786  0.03530793
 -0.13080463  0.01548891  0.07171284 -0.09797519 -0.17541347  0.03329143
  0.02855886 -0.10172042  0.01135767  0.10002819 -0.06324393 -0.02211095
 -0.07483344 -0.14404406  0.13089505  0.05766311 -0.0053026  -0.00261038
 -0.01800534 -0.05406565 -0.07080556  0.10151263  0.02858709  0.02346305
 -0.17469719  0.02961727  0.13413309 -0.11091524 -0.018029    0.00371708
  0.00437719  0.0348226  -0.16289899  0.14529108  0.03816637  0.00865079
  0.10420214 -0.12478069 -0.05340561 -0.07951599  0.06672629  0.15391339
 -0.0117377   0.01333585]