[ 9.61287394e-02  1.14700317e-01 -6.79592788e-02 -2.38497909e-02
 -6.70973659e-02  5.57686388e-02  4.67745550e-02 -1.64867088e-01
 -8.08687434e-02  1.63168255e-02  1.29389435e-01 -3.07299066e-02
  1.37646068e-02  8.30980316e-02  1.07674934e-02 -4.80355546e-02
 -2.12868750e-02 -2.44775862e-02  8.81382897e-02 -1.08053088e-01
 -6.74290489e-03  1.14350528e-01 -2.39158884e-01 -8.67294371e-02
  8.34774692e-03  1.37220815e-01 -3.85108292e-02  2.24367362e-02
  5.43616824e-02  1.99701339e-01 -1.04898356e-01  7.27770701e-02
 -9.78292525e-02 -6.12379760e-02  7.83507824e-02  4.07776758e-02
 -3.38709680e-03 -9.77403373e-02  2.21139103e-01  3.00873723e-02
 -5.31140566e-02 -2.80005317e-02 -2.17621028e-02  2.59903725e-02
  8.84195194e-02  1.54484481e-01  3.61377560e-02 -1.90522652e-02
 -1.43763930e-01 -2.23346561e-01  2.69483444e-05  1.71903268e-01
  2.83714719e-02  2.81630401e-02 -5.17288735e-03  3.85869667e-02
 -1.14663601e-01  9.48152840e-02 -1.05530933e-01  8.80479589e-02
  4.71643768e-02 -1.92962456e-02  1.50894046e-01  3.08190770e-02
 -3.90648246e-02  5.95807210e-02  9.93418992e-02  4.15518731e-02
  8.23411867e-02 -4.93175350e-02  8.16230774e-02 -6.02670982e-02
 -5.61412470e-03 -7.74364322e-02 -7.26249476e-04 -2.66893581e-03
 -6.29573464e-02 -9.61411446e-02 -5.70147671e-02  4.39662002e-02
  1.19749404e-01  7.99385756e-02 -2.48946100e-02 -5.47704250e-02
 -6.35416210e-02  2.42563989e-02  2.18721181e-02 -1.91857770e-01
 -5.19769341e-02  6.84605017e-02  3.32846753e-02 -7.60073438e-02
 -1.90356299e-02  1.06996194e-01 -1.01758331e-01 -4.39813882e-02
  4.99250628e-02 -1.48736268e-01  1.45200565e-01  1.28521277e-02
  1.40230861e-02  1.48524150e-01  5.90667641e-03 -3.52843851e-02
 -1.35703221e-01  1.02385245e-01  3.51377875e-02  8.43561664e-02
 -9.62659344e-02  2.12810673e-02  1.56066418e-01 -1.48288250e-01
 -1.53506264e-01 -6.04629405e-02  2.56845038e-02  2.00189240e-02
 -1.10939175e-01 -4.59983982e-02  2.42568068e-02 -1.43249914e-01
  3.55087854e-02 -1.21062584e-01  7.33709186e-02 -3.46540153e-04
  1.09638676e-01  5.92598841e-02  6.79216310e-02 -2.63145659e-02]