[ 0.02605033  0.09993489 -0.08042252 -0.08216851  0.02584765  0.1016463
 -0.02011425 -0.18177602 -0.07881219 -0.01484798  0.07530721  0.01924402
 -0.00864528  0.10146815  0.03337814 -0.00236269 -0.06039812 -0.07770387
  0.09652318 -0.06907655 -0.05525667  0.1249863  -0.15260965 -0.02615456
  0.03237791  0.13297564  0.0490678   0.02418833  0.03737139  0.13152331
 -0.04856139 -0.04343694 -0.0725513  -0.08376256  0.03505477  0.13742569
 -0.03043139 -0.14473544  0.15265268  0.09665012 -0.00583633  0.01083467
  0.01236787  0.01884191  0.04239402  0.2097404   0.08240303 -0.01436368
 -0.1454979  -0.1635343  -0.05905923  0.04186337  0.02130653 -0.02675983
  0.02435935  0.08243839 -0.15116829  0.21673846 -0.11919451  0.1311139
 -0.02268923  0.05352577  0.19430402 -0.01704063  0.02931639  0.0634359
  0.02635304  0.09409177  0.03823265 -0.01028655  0.10700452  0.0338736
 -0.02070164 -0.10265847  0.09751417  0.09781809 -0.07196568 -0.03839849
 -0.05277696 -0.0126844   0.13169265  0.09240931 -0.01887957  0.00029727
 -0.15153901  0.05186507  0.03511083 -0.11763063 -0.11324471  0.06363904
  0.03791796 -0.06365582 -0.01330001  0.13392745 -0.03448585  0.01041353
  0.01069169 -0.11740158  0.14810862  0.01146758 -0.06800857  0.03506148
 -0.04447413 -0.08767378 -0.19450092  0.1618973  -0.03702721  0.02109846
 -0.16452941  0.00982215  0.17916693 -0.09575289 -0.02089346 -0.03499755
 -0.01083978  0.05935749 -0.17417386  0.03167148 -0.02730244 -0.05028209
  0.05136592 -0.13011558  0.03615666 -0.01085709  0.00184595  0.15951653
 -0.03923635 -0.03526409]