[ 0.0785744   0.07782252 -0.05543307 -0.03558052  0.05581964  0.13714947
  0.00163986 -0.21832664 -0.11449677 -0.0457517   0.09104372  0.00153169
 -0.01681021  0.09733347  0.02539946  0.023312   -0.07158207  0.01517475
  0.06151797 -0.12531008  0.03850414  0.14186066 -0.11512474 -0.13599353
  0.08499999  0.07984258 -0.04061817  0.0168989   0.01494757  0.15962099
 -0.04946722  0.02985095 -0.10456289 -0.07551613  0.08828825  0.07287481
 -0.07125925 -0.18388656  0.23814788  0.04928256 -0.00784453  0.02703587
  0.03178323  0.00741335  0.01707699  0.13729115  0.03696675 -0.03390107
 -0.12282462 -0.17437479 -0.0058927   0.08933544  0.02533988  0.01743918
 -0.05051497  0.02768594 -0.04932734  0.14422107 -0.12578867  0.13108753
  0.01925249  0.06135642  0.16058433  0.00984674  0.02078527  0.06945905
  0.00814658  0.119132    0.05112949  0.03444227  0.13725229  0.06231954
  0.00965485 -0.12731934  0.00609444  0.07045353 -0.10042183 -0.16053776
 -0.11078818  0.03188132  0.15382117  0.09520466  0.03587214  0.02069695
 -0.15601738  0.07959843  0.03217369 -0.14809835 -0.14929451  0.03959347
  0.04026165 -0.05930201 -0.05990439  0.12249682 -0.08549532 -0.02694473
 -0.02663335 -0.05517345  0.08900438  0.04202892  0.0005177   0.07061719
  0.01177193 -0.05467136 -0.0925805   0.12361393  0.01531123  0.09464218
 -0.10918264  0.01662984  0.1368266  -0.15407577 -0.06531171 -0.01724132
  0.0254438   0.05227899 -0.15968674  0.09215883 -0.00582108 -0.05947563
  0.06106654 -0.13524067  0.05297416 -0.05628124  0.06223581  0.11158364
  0.03257613  0.0309833 ]