[ 0.04086354  0.23349956 -0.0222395  -0.1275818  -0.0058568   0.14958312
 -0.03846542 -0.02481246  0.06918428 -0.0655377   0.0547607  -0.13111934
 -0.11390365 -0.04351182  0.03707644 -0.05223766 -0.08764637 -0.10728768
  0.00976483 -0.14974287 -0.02917034  0.18659504 -0.01451835 -0.09428667
  0.0139923  -0.10381926  0.11733813  0.05903201  0.10872713  0.00444713
  0.03022085 -0.21633603 -0.02992702 -0.05254127  0.06156015  0.06190825
  0.03468404 -0.11414887  0.04637665  0.1515245  -0.05286408 -0.02880618
 -0.12210301  0.02059193  0.03404503  0.25983909 -0.01979425  0.02360077
 -0.14784311  0.01038819 -0.12351712  0.27938339 -0.02005551 -0.01911457
 -0.1464249  -0.00295621  0.01520096  0.01187385 -0.16462982  0.07455222
 -0.03794452  0.04223775  0.14877591 -0.04323899 -0.02681814 -0.10792796
  0.06938101  0.10216913  0.05097384  0.18105362  0.08280332  0.00251795
 -0.07767528 -0.07922336  0.08038549  0.04463834 -0.09232578  0.04945782
 -0.07677767  0.00797016  0.03336718  0.07111739 -0.01230858  0.08915137
 -0.00950409  0.09287294 -0.07641061 -0.09229138 -0.09745257  0.10351304
  0.10435402 -0.09063848 -0.08124713  0.08291768  0.04490366 -0.09134025
  0.01245585 -0.08432431  0.06643818  0.02432833  0.00223847  0.03953717
 -0.07830346 -0.07805288 -0.0962664   0.06351166  0.02831986  0.02956319
 -0.06152014  0.01472599  0.16893405 -0.06058827  0.01096642  0.02796863
  0.01906606  0.07385496 -0.13040464  0.01961002  0.08557361  0.03187923
  0.03500909 -0.05710869  0.01967193  0.07325408  0.10298394  0.00808493
  0.06409509 -0.01722069]