[ 0.08096938  0.26151818 -0.09975562 -0.07744534  0.06152352  0.14866816
 -0.02138413 -0.07157057  0.00945328  0.06405385  0.14507981 -0.04639704
  0.04570547  0.05261894 -0.01843201 -0.04195842  0.06973755  0.0721418
 -0.01648472 -0.00432231  0.05292111  0.15364048 -0.04638819 -0.03487057
 -0.01993108 -0.14527561  0.04343338  0.0870169   0.11858851  0.20684454
 -0.1036371  -0.12334934  0.00854673 -0.02132788  0.07048857  0.059748
  0.05585165 -0.09819748  0.00229304  0.07307029 -0.13779315  0.02406552
 -0.03469221  0.03872989 -0.07350615  0.13788263  0.04773342  0.07461363
 -0.08645885  0.03073492  0.06191172  0.247922   -0.1569194   0.02043628
 -0.0384642   0.01532645 -0.05699912 -0.03614506 -0.0987537   0.03591174
 -0.02138884 -0.04050361  0.15292223 -0.12185585  0.01494264 -0.17685901
  0.03946132  0.09848082 -0.0342849   0.16059563  0.14135961  0.0382825
 -0.02504661 -0.16022396 -0.02984671  0.09408399 -0.00778298  0.10741838
 -0.04345933 -0.07879886  0.06641348  0.0925248   0.000815    0.10468578
  0.02126157  0.06277662 -0.0717361  -0.06906595  0.04686462  0.16573344
 -0.02308476 -0.16775726 -0.08741321  0.09594582 -0.01518168 -0.19170038
 -0.03307653 -0.04345087  0.03457321 -0.00303164  0.09172457  0.17057107
 -0.00368875 -0.05185974 -0.13126671  0.10535592 -0.00256231 -0.01647438
 -0.03709672  0.05575997  0.09663841 -0.09515522 -0.01794226  0.10582671
 -0.03860757  0.03510852 -0.07559505  0.01813852 -0.0409771   0.03076269
 -0.03938071 -0.07229326  0.02814671  0.0716029   0.11607863  0.05072213
  0.07410299 -0.03052521]