[ 0.04047167  0.26525354  0.01008269 -0.0147855  -0.00519987  0.18110816
 -0.00211978 -0.03847037  0.13082747 -0.00235198  0.12229284 -0.09819036
 -0.05289846  0.00126511 -0.00591407 -0.01188296 -0.05327485 -0.05941267
 -0.09582603 -0.14479768  0.0717759   0.1360385  -0.10507807 -0.0126998
  0.05013011 -0.16624363  0.02217433  0.09576461  0.09589842  0.105708
 -0.01101379 -0.13772415 -0.08153098 -0.02217462 -0.00115684  0.08558767
  0.01208246 -0.14516215 -0.02978484  0.1518714  -0.04539621  0.00083456
 -0.07381566 -0.0102495   0.07802512  0.12861705 -0.00947517 -0.00087571
 -0.04732225 -0.0340395   0.06566713  0.2810016  -0.13574809 -0.00148571
 -0.02747161  0.02803119 -0.05556711 -0.04961991 -0.04154244  0.01299973
 -0.01092626 -0.04586679  0.06143835 -0.07231691 -0.03732273 -0.11866099
  0.10781834  0.10688274  0.07001566  0.23766147  0.13446258  0.09552222
 -0.00422758 -0.1329053   0.04640783  0.0882589  -0.05410927  0.13433871
 -0.12993236 -0.02248602  0.09356411  0.12108204  0.05418532  0.0905097
  0.00620859  0.1171814  -0.00801099 -0.07024562 -0.06510548  0.11200096
 -0.042197   -0.14896694 -0.10292795  0.05478527 -0.0667044  -0.11263958
 -0.00336962 -0.15010421  0.10182858  0.05699845  0.05913767  0.08712361
 -0.01560881 -0.06111873 -0.11420496  0.05236034 -0.03784196  0.00897511
 -0.09739494  0.02187753  0.08504933 -0.05216894 -0.05254893  0.03164433
  0.04624145  0.06155264 -0.13533279  0.05506955 -0.03519804 -0.00740451
  0.00268524  0.01087692  0.05906235  0.08368544  0.14397463  0.06435324
  0.08789627  0.02920123]