[ 1.01036495e-02  2.41710469e-01  4.81339842e-02 -3.78016122e-02
 -2.15138476e-02  6.94370121e-02  4.08274345e-02 -8.90829340e-02
  4.66998015e-03 -2.80688014e-02  1.22756138e-02 -1.79446876e-01
  2.98833288e-02  8.21514502e-02  2.91197114e-02 -5.23159988e-02
  1.68430358e-02  1.29897863e-01 -8.33452940e-02 -8.17989111e-02
  9.15141478e-02  1.13051925e-02 -8.22332278e-02 -1.81101225e-02
  4.83248532e-02 -1.26744166e-01 -2.10819229e-01  8.47502723e-02
  1.67340785e-01  1.12337299e-01  3.14143896e-02  3.99166308e-02
 -3.18711810e-02 -2.54982207e-02  1.52600482e-01 -3.49124297e-02
  3.23442705e-02  5.06029800e-02  6.82434514e-02 -1.29561871e-01
 -7.20271543e-02  4.13402952e-02  7.06206933e-02 -1.51487188e-02
  6.18057735e-02  1.77028552e-02  3.54317240e-02  6.44537956e-02
 -1.66305259e-01 -8.66512582e-02 -1.21701494e-01  8.78759101e-02
  1.01221204e-01 -1.40262218e-02 -7.72459283e-02  3.57861556e-02
 -3.07218842e-02  4.87049259e-02 -1.10457214e-02 -2.00958833e-01
 -3.07827033e-02  1.50678903e-01  7.24538639e-02 -6.79922337e-03
 -9.11194980e-02  2.53598303e-01  4.16966341e-02 -4.48013991e-02
 -1.21722020e-01 -4.18626629e-02  6.44181445e-02 -1.17155500e-01
  2.77535524e-02 -3.74442488e-02 -6.07855106e-03 -5.59185408e-02
 -5.38631715e-02 -1.93495259e-01  6.55464381e-02 -7.70812482e-02
  6.21996559e-02  1.38740480e-01 -8.10060874e-02 -6.36642724e-02
  9.42021161e-02  3.90048251e-02 -1.53012544e-01 -9.26615819e-02
  7.12762624e-02  1.54820427e-01  1.40227616e-01 -9.83811095e-02
  7.71790091e-03 -3.43294069e-02  2.94240545e-02 -5.55071384e-02
 -5.94507083e-02  1.29655525e-01 -5.26595674e-02  2.74583865e-02
  9.82130617e-02  7.80241638e-02  6.67271540e-02 -1.42323151e-02
 -1.66401893e-01  1.44550875e-01  7.34205842e-02 -1.08214726e-05
  1.12346217e-01 -2.08141860e-02  1.40344024e-01 -4.43465337e-02
 -1.23680927e-01  1.99909098e-02  2.35761888e-02 -1.02189668e-02
 -8.61901119e-02  1.06239412e-02  7.52179250e-02 -8.92463550e-02
  7.34932628e-03 -8.14946592e-02  1.51000004e-02 -1.56947095e-02
 -1.43359397e-02  1.75923835e-02  8.47518444e-02 -7.76568949e-02]