[ 0.02340249  0.1712548  -0.04323337 -0.09364853  0.07898777  0.07441766
 -0.02702195 -0.18842529  0.0353576  -0.09220663  0.0368888  -0.10034937
  0.03852383  0.1574042   0.02344646  0.00874736  0.05198706  0.06693142
 -0.06003609 -0.13529691  0.10606173  0.12790532 -0.02833635 -0.12115166
  0.08440816 -0.07522867 -0.09990545  0.09716976  0.12116524  0.17042905
  0.07662088  0.01605036  0.00968198 -0.08907884  0.14301322 -0.01135824
  0.03781153  0.00598476  0.19345963 -0.01472883 -0.05650309  0.1402557
  0.05251038 -0.01238708  0.03010962  0.05293785 -0.02542219  0.03172191
 -0.04108827 -0.15832627 -0.11112077  0.09616519  0.10212213 -0.00695377
 -0.1591465   0.01408207  0.00526075  0.09811688 -0.11066297 -0.05666531
 -0.04889179  0.0828457   0.09143632  0.00489775 -0.07133594  0.12340123
  0.02151628  0.11868524 -0.03313997 -0.04891071  0.15854344 -0.06235751
  0.00442233 -0.17264363  0.00185796  0.05951939 -0.12447733 -0.23584345
 -0.05246175  0.00877491  0.11553979  0.15055136  0.0251827   0.0679224
  0.01675886  0.05845136 -0.06934062 -0.10529923 -0.07944948  0.02962447
  0.04238727 -0.12343594 -0.00136056  0.06147024  0.02062126 -0.11109756
 -0.11007726  0.08693266 -0.06317125  0.04681391  0.05504324  0.03956023
  0.04983596  0.03679901 -0.13273506  0.09100261  0.05173563  0.02957861
  0.06465865 -0.01849248  0.11563069 -0.15798582 -0.13164128  0.12896591
 -0.02719625  0.05694126 -0.19844402  0.1028695  -0.00946283 -0.04400173
  0.02323642 -0.06241757 -0.04731771 -0.05507292  0.0160037   0.01331049
 -0.0143239   0.00155645]