[ 5.68189248e-02 -3.24836485e-02  3.16820219e-02  3.30529176e-02
  1.31125497e-02 -8.90361741e-02  6.26394874e-04 -4.38994467e-02
 -9.56464037e-02 -2.35675573e-02  3.38922814e-02 -9.49485973e-02
  8.15547481e-02  1.53888211e-01  1.19016923e-01 -4.34255078e-02
  1.30815014e-01 -2.88184900e-02  1.41452059e-01  1.14876233e-01
  8.58696997e-02 -4.40746397e-02  1.47976195e-02 -4.57143970e-02
  5.37748188e-02  7.58561268e-02 -1.36494294e-01 -8.97496492e-02
  3.65367793e-02  7.80244395e-02 -9.66723729e-03 -1.60815939e-02
  6.86356351e-02 -5.85177466e-02  1.53963178e-01  1.84070338e-02
  8.16580206e-02  2.43113220e-01  9.16877389e-02 -1.98839098e-01
 -8.84921700e-02  1.09460466e-01 -3.50859910e-02 -4.55080792e-02
 -5.43835685e-02  1.04275331e-01  4.04078141e-02 -6.25391956e-03
  1.63075150e-04 -1.21023417e-01 -1.23576179e-01  1.52548999e-02
  1.37131333e-01  4.38464247e-02  8.72560740e-02 -8.08787644e-02
  2.43673958e-02 -3.52517143e-02 -2.52871606e-02 -1.33974239e-01
  3.12122945e-02 -5.08813076e-02 -7.22108921e-03 -8.48174281e-03
  5.07377200e-02  1.12154074e-01  6.01719320e-02  8.92218351e-02
  7.30030611e-02 -1.85158357e-01  7.83138499e-02 -2.53830329e-02
 -1.53930020e-02 -1.25700578e-01  5.52259502e-04 -1.79765802e-02
 -7.76635036e-02 -5.90430386e-02  1.56232551e-01  1.39902636e-01
 -4.46338169e-02  1.82425343e-02 -4.61499058e-02 -6.76868632e-02
  1.26425818e-01 -1.30370706e-01 -2.04994865e-02  7.41690621e-02
  8.08078051e-02 -5.95678836e-02  4.32222635e-02  6.88038394e-02
  1.02877297e-01  2.76353415e-02 -1.22956589e-01 -1.91335589e-01
  8.26153159e-02  7.61638433e-02 -2.13123970e-02 -1.06344163e-01
  3.12113706e-02  9.93971899e-02  6.82169795e-02 -8.55135769e-02
 -1.30660519e-01  6.25443757e-02  1.23157606e-01 -2.06920132e-02
  2.08812773e-01  7.22238515e-03  4.31360118e-02 -6.87663481e-02
 -1.54584169e-01 -2.77246423e-02  3.70266624e-02  5.79940155e-02
 -1.41368285e-01 -1.15411520e-01 -1.65793806e-01 -8.11532885e-02
 -1.21922068e-01  3.64017151e-02 -2.53334101e-02  4.25836481e-02
  2.31176019e-02  3.07297409e-02  1.26841500e-01  1.01952255e-02]