[-0.02763702 -0.02951182 -0.0247431  -0.15624736  0.04327068  0.00921121
  0.02467534  0.11550827  0.11566624 -0.18570127 -0.18131351  0.10632273
 -0.03866581 -0.1392445  -0.11374532 -0.05897676 -0.17638347 -0.14821428
 -0.16446429  0.03559977 -0.00626473  0.1522038  -0.01038595  0.03419621
 -0.13663228  0.00305025  0.11708841  0.0121137  -0.06659527  0.00315827
 -0.05271502 -0.14095934  0.01455978  0.05781357 -0.02099566 -0.11684006
  0.03020998  0.05607734 -0.18909428  0.06766769  0.0594737   0.01051145
  0.05230632  0.1098619   0.02555118 -0.00571893  0.01648993 -0.00028589
 -0.00230893  0.21621661 -0.05453276 -0.16286506  0.03756069  0.04193262
  0.11446971 -0.02737348 -0.10523949  0.08985946 -0.09874203 -0.10651217
  0.00688905  0.01325398  0.07926629  0.09410185 -0.06248737 -0.14586593
 -0.01380532 -0.01945902 -0.01958596 -0.10292729 -0.01422272 -0.08078927
  0.03888945  0.03209023  0.02402805  0.1091534  -0.0267384  -0.09429767
  0.04387012  0.03333053  0.11685349  0.03397694  0.01892477  0.06055127
  0.02198792 -0.09160496  0.03613955  0.09474652  0.05994405  0.10678883
  0.02103616 -0.10440474 -0.0984538  -0.00784255  0.00079289  0.11380725
  0.02009326 -0.06654838  0.01233142 -0.0008879  -0.00745218 -0.05993171
 -0.05840666 -0.00972539 -0.20119581 -0.08935326 -0.17788975 -0.01341693
 -0.19615947  0.00828667  0.24123964  0.07251845 -0.05131622  0.05153911
 -0.11933641  0.07975606 -0.05180536  0.06085917 -0.04598907  0.02270534
  0.01586263  0.11582453  0.05305012 -0.05982267 -0.02293876 -0.04398707
 -0.06596939 -0.13366295]