[-0.01108656 -0.09379015 -0.01186917 -0.05943809  0.01283781 -0.03268811
 -0.02306482  0.00322647  0.02102053 -0.23362856 -0.09621175  0.12988883
 -0.04799883 -0.12489758 -0.16523005 -0.0621247  -0.1826323  -0.09591959
 -0.07990731  0.07113486  0.06057618  0.06937182 -0.07774337  0.0937646
 -0.02715254  0.09474978  0.13312708 -0.05599373 -0.10822027  0.03696045
 -0.07829278 -0.15234393 -0.04422812  0.03812465  0.01177816 -0.07704026
 -0.03503053 -0.0121633  -0.08600467 -0.01708676  0.0692934  -0.01425504
  0.0778613   0.16928446  0.04687646  0.00436035  0.09994514 -0.03868672
 -0.05739003  0.08686332 -0.06249734 -0.21995652  0.07914248  0.04003697
  0.14544678 -0.02742136 -0.15367685  0.1312393  -0.07355928 -0.12348776
  0.10823095  0.00697668  0.13006765  0.16734831 -0.0438006  -0.09708527
  0.00190969 -0.04281864  0.06241444 -0.13695793 -0.04403764 -0.0743019
  0.04957514 -0.05433697  0.02565149  0.04826158 -0.0504694  -0.04538816
  0.0301054   0.11990123  0.08664288  0.05933858 -0.01427085 -0.04191009
 -0.07300773 -0.04865765  0.06126339  0.06150356 -0.013456    0.03944628
  0.04413326 -0.06340659 -0.06504924 -0.00803138 -0.09875034  0.0970661
 -0.00402654 -0.08127929  0.09739292 -0.06810981 -0.0564373  -0.05744765
 -0.03253084 -0.00940938 -0.14122429 -0.049814   -0.1239697   0.09559888
 -0.26315418 -0.00786515  0.22226803  0.03884421 -0.09045421  0.00333416
 -0.10288806  0.07392947 -0.13835461  0.01746967 -0.06362362 -0.05550207
 -0.04318594  0.10867198  0.01503807 -0.06987535 -0.0355733   0.01185292
 -0.0828423  -0.13290033]