[ 0.02972581 -0.10568511 -0.10268411  0.01436572 -0.04040299 -0.0277787
 -0.01631046  0.09413563  0.05634966 -0.14691113 -0.13871218  0.07079785
 -0.00327774 -0.12632854 -0.14636123 -0.05059635 -0.09122632 -0.14554097
 -0.06099543  0.13416107 -0.000329   -0.0299882   0.00793898  0.03719882
 -0.11741877 -0.0145983   0.05931403 -0.14031205 -0.19942102  0.0169806
 -0.09140335 -0.06383826  0.03499014  0.02053507 -0.04416199 -0.02252881
 -0.02372504  0.05022324 -0.26636723 -0.05188856 -0.0312166  -0.05714079
 -0.02931394  0.08921787  0.05895003  0.13913856  0.05700986 -0.02939849
 -0.06411512  0.15762311  0.00813083 -0.14064831  0.1150507   0.00119518
  0.14605469 -0.04578513 -0.07357462 -0.0508929   0.05351994 -0.09104593
  0.1000836   0.0182203  -0.00980645  0.04907341  0.01069418 -0.20786037
 -0.01140135  0.02779739  0.03429508 -0.11065742 -0.03230892 -0.12494832
 -0.00194197 -0.10977548 -0.04610246  0.13712053  0.00052939  0.00368929
  0.01852484  0.11723713 -0.00783396 -0.07814059 -0.14745748 -0.06012764
 -0.03121606  0.00966539 -0.0105058  -0.00257161 -0.00489923  0.07546952
 -0.06077025 -0.04939813 -0.07758367 -0.00711562 -0.09692772  0.17356446
  0.1031002  -0.1247429   0.07087093 -0.04374859  0.05778499  0.00204397
 -0.06019579 -0.06518852 -0.1485672  -0.12085161 -0.14494501  0.04684484
 -0.23774216  0.05079659  0.10399568  0.04829048 -0.02634827 -0.12955403
 -0.08592723  0.09030695 -0.11341178 -0.04958011 -0.0487088   0.01188378
 -0.10187882  0.09478533  0.05739604  0.01130091  0.1033544  -0.03213923
 -0.00966118 -0.14718159]