[ 0.02686934 -0.08182085  0.0890072  -0.03710794 -0.00112543 -0.09189358
  0.03059537  0.14983515  0.11821464 -0.23432072 -0.12175077  0.0077253
  0.00055743 -0.18789676 -0.11519631 -0.04006055 -0.13780485 -0.06210318
 -0.22689454  0.14773527  0.13067047  0.0513759   0.03371248  0.07080655
 -0.12856533 -0.07931499 -0.03314755 -0.08952276 -0.0370658  -0.01972447
 -0.03165306 -0.11555052  0.03095522  0.07311176  0.04973511 -0.13167675
  0.00382999  0.17635696 -0.19871309 -0.07385993 -0.02669626  0.0123869
 -0.03201504  0.08894559  0.05650019 -0.02833217 -0.01333169 -0.0073406
 -0.01582829  0.20444752 -0.11755801 -0.15226209  0.07276659  0.04091461
  0.06126037 -0.0988225  -0.03804082 -0.04689262 -0.07007781 -0.16356838
  0.07079476  0.00365152 -0.00127604  0.14516634 -0.0763759  -0.16190287
  0.00714816 -0.07599162 -0.01023918 -0.16032614 -0.03621629 -0.15267594
  0.03816776  0.01097301 -0.05993126 -0.0056699  -0.0189796  -0.06792501
  0.09756731  0.13294572  0.05769238 -0.02963257 -0.10499058 -0.04017979
  0.08763769 -0.0393376  -0.03047728  0.09117664  0.03676145  0.07694514
  0.10088693 -0.05419637 -0.0912305  -0.02092729 -0.05623407  0.09144356
 -0.01880635 -0.02782917 -0.02956011 -0.01222236  0.05286967 -0.0499781
 -0.06688341 -0.01041918 -0.0650141  -0.11244891 -0.03084379  0.04211222
  0.01569421 -0.00072968  0.09603649  0.08130142 -0.1220798   0.01818878
 -0.05169401  0.11918599 -0.04335247  0.01392747 -0.06757898  0.00312955
 -0.11223514  0.18954501 -0.00657303  0.034654    0.01878159 -0.09199882
  0.01833256 -0.15244827]