[ 0.02627521 -0.05965138  0.03854971 -0.03488442  0.01592715 -0.06141482
  0.03878652  0.1567968   0.16420829 -0.22047058 -0.13474622  0.04325368
 -0.02480254 -0.21072109 -0.14888273 -0.04256216 -0.10739402 -0.03669893
 -0.23723871  0.1137552   0.11685678  0.07370338  0.0221319   0.06395964
 -0.14191788 -0.08664935 -0.01816633 -0.10765109 -0.06122975 -0.00913703
 -0.030874   -0.08775915  0.04337356  0.06434672  0.03906295 -0.14646703
  0.01560602  0.16244462 -0.2254467  -0.05096469 -0.00906808  0.04065581
 -0.04311353  0.09843148  0.04665524 -0.01547433 -0.01261023 -0.03717891
 -0.02021675  0.19390813 -0.07981803 -0.1327132   0.07194807  0.02328634
  0.05206946 -0.07604007 -0.02529847 -0.05592363 -0.05217865 -0.16397889
  0.05829307 -0.01617596 -0.00438283  0.10436159 -0.06457663 -0.21860145
  0.00986213 -0.05146552 -0.00683725 -0.11890742 -0.00807571 -0.15562308
  0.04008943 -0.02019964 -0.08984344  0.0382259  -0.04697967 -0.04982882
  0.04620307  0.08344719  0.02008064  0.033397   -0.09916718 -0.01865179
  0.09918272 -0.04011519 -0.01232411  0.07362437  0.02449309  0.07339718
  0.04762277 -0.07155015 -0.1241161  -0.0400276  -0.01638094  0.1054762
  0.0074587  -0.05638108 -0.04987682  0.00369974  0.0567023  -0.05063782
 -0.0587628   0.00579416 -0.09960452 -0.14933601 -0.05815307  0.00986946
 -0.04398392  0.0190233   0.11707798  0.0674848  -0.1078144   0.00438625
 -0.05344293  0.09358954 -0.08174813 -0.03689272 -0.05388683 -0.0044578
 -0.08888032  0.21119323  0.00568271  0.02445814  0.06531307 -0.10621148
  0.00924099 -0.16372791]