[ 0.17453675  0.08324907  0.04201509  0.03220736  0.04003998  0.26130885
  0.00841712  0.01725448 -0.04617085 -0.1378088   0.12317184  0.00505499
  0.00614869  0.02410547  0.06939419 -0.04854132  0.0844826   0.10938767
 -0.09278189 -0.10390162  0.13558613  0.15399505 -0.00215494  0.1468229
  0.1030709  -0.21637252  0.02833444  0.00478125 -0.05676099  0.09076893
  0.04140331 -0.11250542 -0.05555754  0.12635505  0.00560435  0.00055843
 -0.01398513 -0.16392928 -0.0005885   0.08942097  0.00770965  0.05864199
  0.03877838  0.0506419  -0.06968066 -0.12314583  0.03272619 -0.07321832
 -0.10609363  0.08608794  0.16459565 -0.04085051 -0.06763123  0.04061816
 -0.05485195  0.06304668 -0.06757456  0.13780759  0.03293114 -0.02291054
 -0.07025496  0.03812199  0.04485395 -0.21850909 -0.01816419 -0.04656738
  0.04905773 -0.00831906 -0.14884597  0.18254821  0.08645408  0.05082208
 -0.00431883 -0.13820009 -0.04004842  0.00889739 -0.01091179 -0.06294886
 -0.08603975  0.04832943  0.00918234  0.0437169   0.08775979 -0.06369437
 -0.05135463  0.09371919  0.01786088 -0.19150847 -0.12456905  0.1152931
  0.01687377 -0.23320188 -0.118041    0.0110357   0.00243395  0.01000508
 -0.07287369 -0.02338189 -0.07241174  0.08524006 -0.03441645  0.1167478
  0.0210304   0.08988769 -0.09186432  0.04558111 -0.06685756 -0.02926957
 -0.15920405 -0.10084628  0.06094017 -0.03879635  0.00605385  0.05695868
  0.02686776  0.01108839 -0.03880518  0.02707925  0.01376001  0.08841038
  0.07160395 -0.07448734 -0.02306806  0.03128598  0.16565248 -0.02184689
  0.10652603 -0.00358334]