[ 4.46513481e-02  1.56726256e-01  1.51648924e-01  4.91975294e-03
  1.29575595e-01  1.67866871e-01 -1.28856823e-02 -6.05331250e-02
  6.20782562e-02 -1.71126872e-02  6.98757470e-02 -6.77853376e-02
 -1.32438108e-01 -3.34217250e-02  2.21158966e-01 -8.30500796e-02
 -4.85647324e-04  5.45461215e-02 -3.51081379e-02 -1.35661811e-01
 -2.43096277e-02  1.87094539e-01  4.47164886e-02 -3.93089168e-02
  1.71809703e-01 -2.09762961e-01  7.54219713e-03  9.70599949e-02
  3.77458595e-02 -4.23556343e-02  1.39510244e-01 -1.53552487e-01
 -2.95369737e-02  3.24857272e-02  1.32708743e-01  4.93748635e-02
  1.84345655e-02 -1.51104212e-01  3.15148644e-02  1.55633017e-02
  8.16690773e-02  3.66289169e-02 -4.45096381e-02 -1.57665852e-02
 -1.25989974e-01  4.37240824e-02 -8.64453763e-02  5.09487130e-02
 -1.50062284e-02  2.67164726e-02  1.06748519e-02  1.27414525e-01
 -6.66431636e-02 -8.67947042e-02 -1.21001333e-01  2.90205865e-03
 -9.38346088e-02  4.59392508e-03 -1.38451055e-01  8.46678764e-02
 -1.02768287e-01 -9.59438831e-03  1.16680767e-02 -1.18342586e-01
  8.85043442e-02  1.17831277e-02  1.42928939e-02  5.82623556e-02
 -1.05344757e-01  2.62118548e-01  1.24123208e-01  1.42072409e-01
  1.71781480e-02 -8.48161429e-02 -4.04002331e-02 -1.45905111e-02
 -4.87089194e-02 -3.45442221e-02 -5.23851141e-02 -3.48385051e-02
  1.96759626e-02  8.14994797e-02  5.49922474e-02  6.74473569e-02
  5.34599237e-02 -6.68286085e-02 -3.68384011e-02 -5.98991662e-03
 -9.27025527e-02  1.43041342e-01  9.34587568e-02 -6.47133887e-02
 -6.23144805e-02  4.70268354e-02  1.19213033e-02 -1.19239070e-01
 -7.43223503e-02 -8.40441063e-02 -4.43237498e-02  3.06851547e-02
 -1.96326990e-02  2.28319634e-02 -1.60521623e-02 -1.41869888e-01
 -9.78846382e-03  6.77095354e-02  9.31894258e-02 -7.48672113e-02
  7.94696808e-02  5.26464172e-02  9.19425488e-02 -1.17009459e-02
  3.70621569e-02  1.19056150e-01  7.06048980e-02 -8.03766921e-02
 -5.98884188e-02  8.83178413e-02  2.96741277e-02  7.72549286e-02
  9.12292749e-02  9.10299423e-05 -5.33010848e-02  9.18417349e-02
  1.86931625e-01 -2.51556486e-02  1.74657360e-01 -1.60705429e-02]