[ 9.00903866e-02  1.51949897e-01  5.89152388e-02  3.61792408e-02
 -3.31385620e-02  1.98931292e-01 -7.86017105e-02 -6.77887052e-02
  2.89459899e-02 -1.38560578e-01  2.10353777e-01  7.41165131e-03
 -5.42889945e-02  1.50539856e-02  2.40905341e-02 -7.30453804e-02
 -1.09307829e-03  7.80892447e-02 -4.47681658e-02 -7.72429556e-02
  1.09809503e-01  1.46072969e-01 -1.49823707e-02  9.70114693e-02
  1.01209685e-01 -1.02417529e-01  9.72959474e-02  3.12386882e-02
  1.91751067e-02  7.17663988e-02  6.21822402e-02 -1.62853822e-01
  1.71764717e-02  6.03778847e-02  3.82816829e-02  7.20201656e-02
 -1.73826516e-02 -6.58087954e-02  2.87781414e-02  1.19467258e-01
 -1.77491028e-02  5.42686656e-02 -4.83026393e-02  8.56843740e-02
 -7.64773190e-02 -9.59171802e-02  6.04329631e-02 -9.48752910e-02
 -1.07545316e-01  3.61771174e-02  6.38731942e-02  1.32489949e-01
 -9.12375227e-02  4.95999716e-02 -3.34291272e-02  6.90617859e-02
 -8.27488005e-02  1.04086399e-01 -8.22898820e-02 -2.64497921e-02
 -1.32741466e-01 -6.06648475e-02  1.75365865e-01 -1.39408976e-01
  2.16187946e-02 -6.02342114e-02  1.01329230e-01 -3.31538878e-02
 -9.77577791e-02  2.72112280e-01  1.11374326e-01  1.39771877e-02
 -1.60933792e-04 -6.65485039e-02  4.70976718e-02 -6.67974353e-02
 -7.14997649e-02 -1.39495041e-02 -1.21951163e-01  3.75705846e-02
 -2.74575781e-02  1.06743507e-01  9.19495001e-02 -5.27317449e-02
 -4.74648625e-02  5.59854321e-02  7.51084508e-03 -1.35167390e-01
 -9.19861719e-02  9.45328623e-02  4.30524796e-02 -2.27798030e-01
 -7.67040104e-02  2.93555893e-02  5.47352955e-02 -1.06661953e-01
 -8.50127190e-02 -2.80768368e-02 -6.78652758e-03  3.98581997e-02
 -9.40271392e-02  1.18196696e-01 -1.03327194e-02  2.93577444e-02
 -4.40427363e-02  1.22849815e-01  3.96056548e-02 -2.93115918e-02
 -4.64001149e-02 -1.25022322e-01  4.35852408e-02 -1.49716968e-02
 -3.37411873e-02  9.60446745e-02  7.09964335e-02 -8.28956906e-03
 -2.26283539e-02 -5.11886701e-02  1.08573936e-01  7.05127344e-02
  8.98761228e-02 -6.28825650e-02 -2.52723712e-02  2.86546405e-02
  1.83934003e-01  4.01304401e-02  2.23159030e-01  7.45299235e-02]