[ 0.14891824  0.22526182 -0.03756161  0.03081232  0.03148968  0.21895485
  0.01949831 -0.10299499  0.01381647 -0.08451297  0.18134238  0.00125566
 -0.00166089 -0.01881191 -0.00485543 -0.06389038  0.02523738  0.12803328
 -0.10769659 -0.08020979  0.09969628  0.11905784 -0.00785722  0.0981327
  0.09660648 -0.20623665  0.047466    0.01726165  0.00890666  0.16492818
  0.00161641 -0.095319   -0.04253799  0.08810654  0.04080795 -0.02452969
  0.00290721 -0.09010839  0.02945229  0.09296469 -0.03598061  0.01932937
  0.01339964  0.09855039 -0.09306169 -0.06382355  0.06156125 -0.01946772
 -0.12548155  0.07993598  0.13991283  0.08370005 -0.1112267   0.0160514
 -0.06815923  0.050269   -0.08717322  0.11806283 -0.03207826 -0.02220727
 -0.08845657 -0.03080481  0.16540192 -0.18518126 -0.00462642 -0.07708009
  0.0473274  -0.0149289  -0.1553759   0.20523134  0.08466476  0.03617942
 -0.00312574 -0.08055416 -0.02635971 -0.03755495 -0.02178899 -0.04791367
 -0.11103402  0.030746    0.00886412  0.07650869  0.03779549 -0.04069953
 -0.04685844  0.076409   -0.03705738 -0.19606654 -0.06353633  0.1259806
  0.01783758 -0.26665136 -0.10372905 -0.0137485   0.0239837  -0.09096536
 -0.09311475 -0.0219055   0.00521485  0.03868399 -0.03023032  0.13033649
  0.02928422  0.10474278 -0.09479408  0.06102148 -0.01895668  0.05665303
 -0.09111244 -0.06703903  0.09945248 -0.00766008 -0.02018362  0.11743242
  0.00439129 -0.00596445 -0.05922836  0.02372428  0.08052037  0.07805171
  0.0645986  -0.0449224  -0.03364277  0.07600595  0.16201314 -0.02377058
  0.11829436 -0.02194673]