[-1.06780805e-01  8.51720497e-02 -6.33403882e-02 -1.67715967e-01
  8.55115205e-02  5.61353788e-02 -1.80136859e-01 -7.29721040e-02
 -7.06697851e-02  7.16892332e-02 -2.34376756e-04 -8.38059336e-02
  8.91054887e-03  3.12633812e-02  1.60208493e-01  5.60366884e-02
  6.96990266e-03 -2.85855364e-02  1.46170452e-01  1.12886205e-02
 -9.06871930e-02  8.63007680e-02  5.64729609e-02 -1.11267731e-01
  2.48528458e-02  7.65317306e-02  7.74578378e-02 -1.02040274e-02
  3.43953408e-02 -5.01941144e-02  5.35914153e-02 -1.46772236e-01
  1.38923481e-01 -6.76867142e-02  1.49764508e-01  1.51191890e-01
  1.34934440e-01 -8.55640918e-02  9.98226702e-02 -5.68284653e-02
 -1.28334984e-02 -3.09763849e-02  8.86583924e-02  6.96821231e-03
 -4.62189950e-02  2.00925797e-01  1.15681633e-01  1.09860212e-01
 -1.43845797e-01 -3.65279764e-02 -1.98156655e-01 -1.05269536e-01
  7.29578733e-02 -3.14817280e-02 -5.43240942e-02  4.70444225e-02
 -3.79042737e-02 -4.21573408e-02 -1.13399327e-01  1.08788060e-02
 -7.68707544e-02  7.85609260e-02  7.47519359e-02 -2.07354967e-02
  7.79563338e-02  1.04736865e-01 -8.83408114e-02  1.29953772e-01
  4.63878624e-02 -9.18826833e-02  3.47113125e-02 -3.83167118e-02
 -7.39601478e-02 -2.04938322e-01  1.36365980e-01  8.03070366e-02
 -1.19797818e-01  4.46859114e-02  6.54639453e-02 -5.70083521e-02
  5.03840782e-02  7.28143603e-02 -6.01625927e-02  1.21979579e-01
 -7.04953298e-02  1.01564206e-01 -7.63703659e-02  4.24726978e-02
 -8.14753771e-03  1.04060531e-01  9.00999382e-02  5.14160842e-02
 -1.52767282e-02  1.08737327e-01 -1.72125653e-03 -1.18361823e-02
 -8.39809328e-02  1.13031127e-01 -6.42947406e-02 -8.16887096e-02
 -8.02036002e-03 -8.48496631e-02 -3.66108827e-02 -2.35738605e-01
 -5.19670323e-02  1.43046364e-01  3.04884203e-02 -6.99872002e-02
 -2.89505068e-02  8.80166367e-02  5.96901290e-02 -9.17810500e-02
  9.83258486e-02 -7.45578855e-03 -4.26033251e-02 -1.69924907e-02
 -1.73530445e-01 -2.52867187e-03 -7.33818561e-02 -8.25622398e-03
  7.88775831e-02 -1.17179446e-01  2.73444280e-02  2.95769852e-02
 -7.09332377e-02  6.08651191e-02 -6.67527493e-04 -3.73427453e-03]