[-0.0706754   0.01847825 -0.01261829 -0.13911095  0.05601741 -0.00996984
 -0.06397745 -0.06182689 -0.05775471 -0.0140996  -0.02160762  0.00776982
 -0.03356908  0.16834423  0.0782031  -0.03295424  0.01465925 -0.04134968
  0.1643216  -0.06031326 -0.07519332  0.16247961 -0.0971989  -0.12436984
 -0.01712323  0.11214489  0.07802851  0.07270546 -0.0485368   0.05226085
 -0.07893051 -0.17679885  0.09451423 -0.09525087  0.11611272  0.13307701
  0.10906897 -0.14276753  0.0542789   0.01991358  0.00467974  0.09344383
  0.11849263  0.01583102 -0.02327147  0.23922156  0.0753304  -0.05663453
 -0.0644693  -0.10920317 -0.11346085 -0.08250288  0.02212055  0.05436868
  0.05905638  0.08449501 -0.09245375  0.03960579 -0.12519839  0.1133049
  0.03124109  0.02747089  0.02559079  0.0182087   0.08792375 -0.00040521
 -0.03421514  0.08659354  0.10872609 -0.03650388  0.1439679  -0.05000876
  0.01067885 -0.21115786  0.08514626  0.19648382 -0.10781766  0.0251735
  0.00038349 -0.15931703  0.04808504  0.11483938  0.00911779  0.14489602
 -0.08444455  0.06251834  0.01428582 -0.02205236 -0.07148115  0.09064802
 -0.00533334 -0.02833341  0.00869293  0.03686325 -0.01542554  0.00245664
 -0.01299504 -0.02119124  0.03582392  0.02634099 -0.06387997  0.04093014
  0.02298747 -0.21668543 -0.11911065  0.09235926 -0.02160374 -0.07748143
 -0.20932035  0.05307588  0.09584464 -0.2415709   0.02911493 -0.03871521
 -0.06660259  0.01832199 -0.07705188 -0.04985303 -0.1110585  -0.09470409
  0.05473887 -0.08574333  0.0216272  -0.0267689   0.0245525   0.08633408
 -0.00054167  0.02173621]