[-8.97315145e-02  9.21138152e-02 -6.68083653e-02 -1.72150239e-01
  6.73018247e-02  8.16315413e-03 -1.72689259e-01 -1.22150645e-01
 -5.37505336e-02  7.10436329e-02  1.53981810e-02 -7.47863799e-02
  1.61264639e-03  1.01292193e-01  1.47676289e-01  5.09286411e-02
  5.06530330e-03 -3.51174399e-02  1.64514169e-01 -8.19786452e-04
 -1.03743941e-01  1.77333340e-01  2.88210828e-02 -1.20004781e-01
 -5.98799856e-03  9.73172486e-02  1.01827554e-01  3.70464660e-02
  3.45301889e-02  3.50741297e-02 -1.87558662e-02 -1.70358241e-01
  1.44223943e-01 -1.02325305e-01  1.52630523e-01  1.48088515e-01
  1.33123562e-01 -8.70675370e-02  1.05702661e-01  1.84656009e-02
 -7.28892460e-02  2.59621143e-02  6.79067001e-02  1.36180939e-02
 -4.02836464e-02  2.41108567e-01  9.98832881e-02  8.91145468e-02
 -6.63047060e-02 -3.19532603e-02 -1.27615646e-01 -3.79014276e-02
  4.21717390e-02 -1.08507148e-03 -3.10893822e-02  3.82534303e-02
 -1.58083625e-02 -4.00763117e-02 -1.04449078e-01  7.10661337e-02
 -5.01392968e-02  3.46964113e-02  6.58322424e-02  3.49230878e-02
  4.35420647e-02  6.48279907e-03 -5.89051098e-02  1.29634678e-01
  9.72759426e-02 -6.97270110e-02  9.07655507e-02 -3.52158286e-02
 -4.06145491e-02 -1.97974831e-01  1.20525479e-01  1.05066590e-01
 -1.40377104e-01  3.07416935e-02  3.45534608e-02 -6.09158911e-02
  1.37549773e-01  9.50465947e-02 -3.87613848e-02  1.55123293e-01
 -5.08713797e-02  8.01493973e-02 -7.50397444e-02 -6.90542220e-04
 -2.68133506e-02  9.44461450e-02  2.05864646e-02  4.24977615e-02
 -3.10271070e-03  1.05671719e-01 -1.67154130e-02 -4.52267304e-02
 -7.95905814e-02  7.09076449e-02 -1.02439686e-03 -7.32934773e-02
 -7.56732479e-05 -1.41198076e-02  4.27275430e-03 -2.36935705e-01
 -8.52880552e-02  1.00587405e-01  1.28258131e-02 -9.08992141e-02
 -3.65893878e-02  1.18448630e-01  9.91882011e-02 -1.46601692e-01
  7.45239183e-02  1.38866715e-02 -1.03465661e-01  2.37432476e-02
 -1.19182341e-01  5.37406653e-03 -1.35443673e-01 -5.13769537e-02
  7.13148639e-02 -1.02580182e-01  3.33506614e-02  3.25563899e-03
 -7.02701434e-02  6.79372549e-02  3.10992170e-03  3.04192267e-02]