[-0.02701411  0.03561807 -0.14680597 -0.11942428  0.07949237 -0.00764032
 -0.0674748  -0.09295989 -0.02583061  0.09786741  0.01858001 -0.04222653
 -0.0232331   0.09604266  0.08806435  0.04717025  0.05026153  0.04276725
  0.19397926 -0.04033056 -0.07864653  0.14828712 -0.0152912  -0.14986478
 -0.00179861  0.06876329  0.13770123  0.02471877  0.03752819  0.1112893
 -0.09388947 -0.10658439  0.16523534 -0.11127151  0.16222338  0.06861419
  0.11105843 -0.14274687  0.05834882 -0.09085913 -0.0795527  -0.00629273
  0.11238182  0.09148499 -0.05905592  0.22336301  0.05133622  0.05838133
 -0.06111176 -0.100747   -0.07462752 -0.03760062  0.06772272 -0.02879995
 -0.0160725   0.07595865 -0.04398676 -0.04966705 -0.09532727  0.10842308
 -0.01117226 -0.04912996  0.08342773  0.03215866  0.09838466  0.00737039
 -0.1301578   0.05554403  0.06569328 -0.06298205  0.0525311  -0.0865806
 -0.05218657 -0.26936537 -0.00192096  0.10874195 -0.03243897  0.02109753
 -0.02074386 -0.14465429  0.11105607  0.05538017 -0.08343685  0.11856944
 -0.00601068  0.03899553 -0.10373711 -0.03715202  0.00031764  0.15499669
  0.01033892  0.02675806 -0.12654018  0.07005752  0.03356256  0.03349146
 -0.04800536  0.04008687  0.04852087 -0.0223806   0.07430381  0.02249353
  0.06575967 -0.27297807 -0.09270009  0.05038096  0.05633768 -0.1074257
 -0.06552328  0.09643444  0.09015934 -0.18180291  0.09600224 -0.05065544
 -0.0330495  -0.01548604 -0.04475332 -0.00372039 -0.07171398 -0.06480643
  0.06190263 -0.14485395  0.06021633 -0.01378287  0.0185476   0.05305108
  0.05332645 -0.00570678]