[ 1.29368767e-01 -2.71657873e-02 -4.50190194e-02 -4.71985452e-02
  4.82542999e-02  6.49082884e-02  6.25220612e-02  1.01086579e-01
  8.41363966e-02 -1.55257076e-01  9.38355774e-02  2.46305298e-02
  9.23473313e-02 -1.05259463e-01 -9.83177051e-02  4.87575568e-02
 -2.79314462e-02 -2.94030625e-02 -2.48471498e-01  1.10659383e-01
  2.04345748e-01 -2.44379044e-02 -4.55099344e-02  1.71026483e-01
 -4.58045714e-02 -1.22902602e-01  2.37300284e-02 -7.23167434e-02
  2.66658105e-02  7.23669305e-02 -1.02827018e-02 -3.45067084e-02
 -1.56717692e-02  1.60557374e-01 -7.41553009e-02 -2.04288214e-02
 -2.73775272e-02  2.48462148e-02 -9.07058641e-02 -4.44734246e-02
  4.51965770e-03 -7.56928623e-02  1.87325608e-02  6.77300841e-02
  9.64790285e-02 -5.82649224e-02 -8.09011515e-03  5.16395196e-02
 -1.39059603e-01  7.40198344e-02 -1.01526886e-01 -1.29897565e-01
 -2.78130043e-02 -1.02589643e-02  3.54371853e-02  2.48810183e-02
 -1.77890539e-01  1.10948548e-01 -1.05287030e-01 -5.37328646e-02
 -2.11815592e-02 -9.31892646e-05  1.38167039e-01 -3.10210604e-02
 -7.45514780e-02 -1.96235441e-02 -6.35647774e-02  3.63523737e-02
 -9.17714015e-02 -1.06884085e-01 -5.10803163e-02 -1.01811200e-01
 -9.74134207e-02 -1.15763053e-01  6.65684743e-03  2.42671445e-02
  1.08222492e-01  3.16849463e-02 -1.19188093e-02  1.00817524e-01
  1.50840431e-02 -5.78444004e-02 -6.43879920e-02 -8.40548053e-02
 -9.45068225e-02  1.48500368e-01  2.30483189e-02 -4.56213690e-02
 -1.82661340e-02  1.25256732e-01  1.44238025e-01 -2.14563534e-01
 -1.60650387e-01  8.76540914e-02 -2.79992558e-02  1.29851475e-01
 -1.16177961e-01 -9.30582210e-02  1.82436761e-02  2.28609610e-03
  7.65632465e-02 -8.37058872e-02 -1.05897419e-01  7.33075738e-02
 -8.18594024e-02  3.92885767e-02 -1.05792381e-01  9.09016728e-02
 -9.48081017e-02 -1.43508449e-01  2.94256862e-02  8.00156370e-02
 -8.07557181e-02  2.74488740e-02  7.09349290e-02  1.13006160e-01
 -1.26146346e-01  4.87106405e-02  7.66123272e-03  1.34146973e-01
 -5.29649667e-02  3.86877693e-02 -1.87637694e-02  1.48235604e-01
 -2.91460147e-03  1.87018923e-02 -3.50649506e-02 -1.54287159e-01]