[ 0.11500958 -0.12861633  0.00385478 -0.11889582  0.10459106  0.09724648
  0.02300708  0.19792594  0.07167525 -0.19128916 -0.00456403  0.02876716
  0.01730896 -0.16361398 -0.01349205  0.02475071 -0.05911404  0.04156759
 -0.17308255  0.07239532  0.14530694  0.17782028  0.03146207  0.12902319
 -0.1211033  -0.13562535  0.07398372 -0.05805099 -0.00818291 -0.02428458
 -0.00207093 -0.16584206  0.00319595  0.14705615  0.04900489 -0.04504996
  0.05814638 -0.09645424 -0.08803373 -0.00603989  0.03453411  0.01098918
  0.04094601  0.11370356 -0.01729752 -0.15498394 -0.02325943  0.06456576
 -0.02341967  0.252323   -0.10774205 -0.244856   -0.03203847  0.05273146
 -0.01417299 -0.01520021 -0.05426794  0.03540569 -0.12278935 -0.02332516
 -0.02227695  0.04063834  0.08688952 -0.01743934 -0.09526687 -0.1351483
 -0.04535782 -0.07333005 -0.04250952 -0.07956328 -0.06419933 -0.08255032
 -0.02136162 -0.05235755 -0.07890832 -0.03643232  0.05667347  0.01110511
  0.03812356  0.02060249  0.13011628  0.01063561 -0.03050995 -0.00095548
  0.03669779  0.09443609 -0.00844255  0.02448104 -0.00468567  0.15320134
  0.21159194 -0.10646686 -0.21710382  0.02690411  0.0430975   0.12996009
 -0.14385794  0.01358641 -0.12563385  0.04929704  0.05424509 -0.09833229
 -0.05369143 -0.0526483  -0.00614779 -0.01607654 -0.04045863 -0.07025617
 -0.11110792  0.00925066  0.06804603  0.02117538  0.04645195  0.05003766
 -0.03588428  0.07953551  0.06453092  0.04755266 -0.07069066  0.05951541
  0.01811999  0.0282527   0.04346242  0.06697293 -0.07540393 -0.0913405
 -0.01498285 -0.08771396]