[ 0.04738546 -0.03750538  0.0165486  -0.14223433  0.06846602  0.10440433
  0.08543112  0.20846994  0.16739827 -0.18950155 -0.06484467  0.02302094
 -0.00583039 -0.2291169  -0.04187331 -0.00725734 -0.15461172 -0.07344808
 -0.23422436  0.00367677  0.13321017  0.14329073 -0.08563999  0.01503413
 -0.1292564  -0.12190881 -0.02482065 -0.06078852 -0.01302581 -0.01873224
  0.04068986 -0.12769239 -0.04011654  0.10889252  0.05353704 -0.05783981
  0.07208563 -0.06725966 -0.08984628  0.00953212  0.09584943 -0.01803579
  0.04090681  0.08138558  0.08015802 -0.07490056 -0.03876278  0.02960413
 -0.05405168  0.15207674 -0.16589785 -0.17970924 -0.0270487   0.03391453
  0.0131941   0.00047549 -0.14296474  0.02057989 -0.19038352 -0.03652427
 -0.01209973  0.01261389  0.07562417 -0.01189235 -0.05505629 -0.13533683
 -0.01296131 -0.02845607 -0.01982573 -0.11938273  0.00181004 -0.06966688
 -0.02738706 -0.06271223 -0.05167228  0.06036129  0.00273545  0.00338408
  0.02135107  0.02755055  0.08397584  0.02557341 -0.01440786  0.08645882
  0.00172799  0.08514063  0.05102377  0.04421249  0.00082236  0.1370412
  0.15081762 -0.15520225 -0.19376935  0.02293992 -0.01940427  0.12468628
 -0.05868629 -0.10128745 -0.10146102  0.09254572  0.03238287 -0.11371224
 -0.1103645  -0.05323599 -0.0731112  -0.01845502 -0.07594182  0.00444115
 -0.17239057  0.03542681  0.08690386 -0.04208975 -0.08000837  0.00991374
 -0.00129026  0.09337493 -0.03655911  0.05718002 -0.04780767  0.0397917
  0.02529575  0.08300593  0.06645879  0.09133986  0.02292088 -0.08529305
 -0.02396239 -0.11512301]