[-0.07962557  0.08276863  0.03546228 -0.11938965  0.04844061  0.03552241
 -0.04699924 -0.07693987  0.0022445  -0.15238804  0.00620833 -0.0217775
  0.01891867  0.10223779 -0.00504124 -0.01692692 -0.12395986 -0.07069783
  0.00416922 -0.00712694  0.13773438 -0.00856881  0.05126051 -0.06475069
  0.09054274  0.06770606 -0.01212375  0.00409351  0.09674792  0.029818
  0.08205158 -0.15117264  0.07421731 -0.03416465  0.08690879 -0.00127716
  0.04444615  0.19292139  0.11472393 -0.04061642  0.02539334  0.08408567
  0.11015937  0.03592791 -0.06050116 -0.0728744   0.09903921 -0.06175641
 -0.05341749 -0.03956605 -0.24458405 -0.07830603  0.05776686  0.10888911
  0.0641121   0.02444443 -0.01287657  0.18524686 -0.17412028 -0.19501279
 -0.08790523  0.01021934  0.2166284   0.00140736  0.04818175  0.21354939
 -0.00934524  0.04724423 -0.00161975 -0.06360282  0.06775051  0.01641651
 -0.01373601 -0.01089903  0.17726119 -0.00376559 -0.09878586 -0.15091467
  0.05838795  0.02566684 -0.01782191  0.09030204  0.0988434   0.06252334
 -0.0467754  -0.03079128  0.01604153  0.12353576  0.07645719 -0.0337195
  0.12468198 -0.12774649  0.04456956 -0.00092218  0.02789521 -0.15941654
 -0.09363736  0.1968613  -0.02613381  0.01261443 -0.10205835 -0.06228798
  0.01791932 -0.00452014 -0.12792726  0.17367868  0.022859    0.04533721
  0.06736267 -0.15136723  0.08777244 -0.00784511 -0.11594705  0.1148391
  0.05058244  0.08100333 -0.09304404  0.0413346   0.00846058  0.02540444
  0.03525897  0.00295692 -0.02525678 -0.06064344 -0.11281204  0.0947025
  0.04694855  0.08264103]