[ 0.00832151  0.07001033  0.02534131 -0.12506153  0.0997153   0.09680469
 -0.0728085  -0.05387519 -0.03007085 -0.1284561  -0.02766728  0.00024938
  0.06005817  0.08949155  0.01236786 -0.05582993 -0.0713192  -0.0340028
 -0.03014829  0.0895597   0.07243852  0.10538441  0.11090775 -0.0583855
  0.00289254 -0.04546211 -0.03016776  0.11024506  0.05916813  0.05074737
  0.04814151 -0.1454017   0.04564444  0.00968307  0.09599103  0.02326865
  0.04400583  0.10301559  0.05216918 -0.03764286 -0.03753382  0.07435175
  0.08591863 -0.00536249 -0.1332525  -0.11641646  0.03695798  0.08458123
  0.04873122  0.21597274 -0.1147569   0.02352731 -0.00425689  0.11948269
  0.06779303 -0.07415295  0.00934854  0.07592092 -0.13345556 -0.1623891
 -0.11823381  0.07332993  0.16212632 -0.02871931 -0.04593989  0.06683622
  0.01729996  0.03624826 -0.10333862  0.00698691  0.08599103  0.03702756
  0.02739975  0.06759091  0.05871895 -0.00755087 -0.02737317 -0.19739646
  0.11863462  0.07677516  0.11339544  0.02598544  0.13133916  0.10652114
  0.06658376 -0.0873199  -0.05468182  0.14516485  0.15926361  0.08339228
  0.11908393 -0.09281462  0.03721549  0.07565424 -0.00258945 -0.20180216
 -0.08687805  0.21420678 -0.11479961 -0.04968973  0.02125921  0.07416901
  0.01112524 -0.03281837 -0.10636522  0.15558925  0.00930492 -0.02982119
  0.13246119  0.00566279  0.11242077  0.01279586 -0.06480152  0.21862613
 -0.0547069   0.05931174  0.06555837  0.11768166 -0.03674717  0.08950606
  0.0286459  -0.04558782  0.04732919 -0.09190682 -0.11826754  0.02417396
  0.13374358  0.08525018]