[-1.16803251e-01 -3.54300514e-02 -4.43016831e-03 -1.37548044e-01
  6.99422881e-02  1.05661526e-02 -1.39091238e-01 -2.67790202e-02
 -4.52526249e-02 -3.66342217e-02 -8.63838010e-03 -1.79239605e-02
  9.14589018e-02  2.19223708e-01  9.30270553e-02 -1.88639536e-02
 -5.76101951e-02 -5.20988218e-02  7.84164071e-02  6.99330941e-02
  2.30920203e-02  7.13047618e-03  1.48400113e-01 -1.05958611e-01
  3.92158292e-02  9.09679681e-02  2.97956951e-02  5.33128157e-02
  4.28477023e-03 -3.73043679e-02  7.83730820e-02 -1.29659146e-01
  1.30417779e-01 -4.53476794e-02  4.74023372e-02  1.15383759e-01
  6.03090674e-02  1.70448422e-01  3.73040400e-02 -2.52662413e-02
  1.67993791e-02  9.56955627e-02  8.15252140e-02  1.57348420e-02
 -1.72302544e-01 -1.18403144e-01  6.20906390e-02  2.89884824e-02
  1.02597460e-01  3.91472243e-02 -1.59943357e-01 -1.13220111e-01
  4.84778109e-04  1.25239015e-01  8.83702412e-02 -9.43742506e-03
  2.92588826e-02  6.01679087e-02 -5.31926528e-02 -1.64710075e-01
 -1.29310220e-01 -2.01245467e-03  9.00821239e-02  2.48178896e-02
  2.96802577e-02  1.70082808e-01 -1.15673598e-02  1.25707403e-01
  7.11519942e-02 -3.70671153e-02  7.51197189e-02  6.36872947e-02
  4.48623635e-02 -2.57032346e-02  1.58816993e-01  1.03552549e-04
 -1.07180431e-01 -1.08610742e-01  7.80641139e-02 -4.91250493e-03
  3.34767289e-02  3.77750732e-02  1.27479553e-01  9.47674587e-02
 -2.42442787e-02 -4.03135121e-02  3.73174734e-02  2.03471780e-01
  1.42405406e-01 -5.01765572e-02  4.08716537e-02 -2.94557884e-02
  1.02616571e-01 -1.49128651e-02 -2.59636156e-02 -1.92297995e-01
 -1.18417084e-01  2.33984813e-01 -7.15972260e-02 -5.37623838e-02
 -7.45323896e-02 -2.12101582e-02  7.91488364e-02 -9.13380235e-02
 -6.61592111e-02  1.39534354e-01 -3.81881632e-02 -6.13172576e-02
  1.17647678e-01 -5.73802404e-02 -2.95513775e-03  2.99555436e-03
 -4.00230028e-02  1.30973816e-01 -3.87607738e-02  3.10385115e-02
  2.73346230e-02  2.09606644e-02 -6.98943511e-02  1.60415396e-02
  6.10300079e-02 -4.51956242e-02  6.32284023e-03 -6.22847937e-02
 -1.66289076e-01  4.51174118e-02  4.17728759e-02  1.92495793e-01]