[-0.02504935 -0.04502616 -0.02009435 -0.06930777  0.03234952  0.01602299
 -0.12384834 -0.05848922 -0.04110237 -0.10445707  0.06218973 -0.04302913
  0.03293463  0.24215925  0.08566852 -0.03194528 -0.02474648 -0.08617318
  0.12464299  0.05323388  0.00857879  0.05321376  0.12321836 -0.15011477
  0.04654874  0.09053508  0.03209559  0.07378815  0.00878297 -0.04055819
  0.05241922 -0.13658527  0.11103681 -0.06806893  0.0458228   0.13573492
  0.05662831  0.1580063   0.0915408  -0.00952406 -0.01294497  0.14520727
  0.0160166  -0.03553657 -0.16026576 -0.09259734  0.0218503  -0.0260388
  0.10694385  0.02678929 -0.19259915 -0.00525934  0.01997913  0.16186526
  0.05334119 -0.04241144  0.04783865  0.06075436 -0.08918557 -0.09641162
 -0.13449651  0.00344306  0.14301488 -0.01489801  0.00349975  0.1983805
  0.05469671  0.1098003   0.09949896 -0.00917508  0.10455839  0.04798707
  0.06310156  0.02302653  0.15060911 -0.04000087 -0.0914066  -0.16159171
  0.02485935  0.00370701  0.04573157  0.04644401  0.11538819  0.02957982
  0.01305095 -0.01287891 -0.00370203  0.13736795  0.08753873 -0.05510303
  0.10363869 -0.04167664  0.09011064  0.02055837  0.02288688 -0.22924438
 -0.07905094  0.1729888  -0.04203793 -0.02663916 -0.10684683  0.008916
  0.08857298 -0.11871871 -0.07632824  0.18357943  0.06566163 -0.06935656
  0.12243416 -0.05852872  0.02598909 -0.03026298 -0.00511695  0.12158404
 -0.00063593  0.02384604  0.05074281  0.01936361 -0.02232791 -0.04267988
  0.03692846 -0.06627425  0.04480013 -0.04902878 -0.08220752  0.04729758
  0.13155615  0.20492014]