[-7.38654435e-02  8.84107053e-02 -9.03575274e-04 -1.29156396e-01
  6.34834692e-02  2.98498664e-02 -6.94127083e-02 -2.27044746e-02
  7.18810931e-02 -8.32742006e-02 -1.45729100e-02 -3.36393826e-02
  4.85182293e-02  7.45802149e-02  3.31321135e-02 -3.68463919e-02
 -8.99627805e-02 -8.87176320e-02 -1.06657110e-02  7.34992847e-02
  4.80585694e-02  4.35558287e-03  7.72903562e-02 -8.08729902e-02
  3.56810838e-02  9.47647262e-03  7.97218527e-05  8.30300227e-02
  9.18664262e-02  5.51087689e-03  9.61589664e-02 -8.63861293e-02
  1.34930328e-01  1.88091639e-02  6.10392131e-02  3.86807919e-02
  1.35232240e-01  1.60052568e-01  5.75402044e-02 -9.04636234e-02
  3.77019942e-02 -1.78991351e-02  1.25624046e-01 -1.61148869e-02
 -9.98905450e-02 -1.13954760e-01  5.11609763e-02  7.19426870e-02
  4.99751866e-02  1.11835957e-01 -2.30046287e-01 -1.18138082e-02
  3.59595343e-02  1.15396291e-01  1.04704231e-01 -2.12358981e-02
 -2.34873667e-02  2.10368466e-02 -1.68814942e-01 -2.02387795e-01
 -1.51068315e-01 -1.10565210e-02  1.44347623e-01 -2.72642504e-02
 -3.98841389e-02  2.04617634e-01 -9.70664807e-03  3.01978346e-02
 -4.48655784e-02 -7.32118934e-02 -2.18874798e-03 -9.07234848e-03
 -4.22433876e-02  5.57299629e-02  1.75125062e-01 -2.40774248e-02
 -4.17858770e-04 -1.13937967e-01  1.01631820e-01  2.81129163e-02
  3.54274213e-02  4.76183333e-02  1.13199674e-01  1.14166826e-01
  8.22269544e-02 -3.86021845e-02 -4.56853844e-02  2.02149048e-01
  1.95454940e-01  6.17908277e-02  1.33180276e-01 -9.54962298e-02
  4.06024419e-02  3.69942971e-02  4.81476216e-03 -1.78944379e-01
 -1.17832638e-01  2.08663478e-01 -5.74843958e-02 -6.55645356e-02
 -1.57832149e-02 -5.14901467e-02  2.45978087e-02 -4.14660387e-02
 -8.56149718e-02  1.74613252e-01  1.32345241e-02 -8.27730168e-03
  1.26194432e-01 -4.36747745e-02  4.15464714e-02  2.30163336e-02
 -9.17259157e-02  1.55053064e-01  2.77235382e-03  7.05777993e-03
  5.55693470e-02  4.33780216e-02  2.32012458e-02  9.23043862e-02
  8.72470140e-02 -3.53399897e-03  4.70729694e-02 -1.73164569e-02
 -1.45453751e-01  1.63098313e-02  1.22774035e-01  1.05678208e-01]