[-0.04546273  0.07516918 -0.00505412 -0.09826839  0.08021355 -0.00523661
 -0.07611042 -0.06262748 -0.06031313 -0.10620049 -0.04854527 -0.04415991
  0.07558859  0.15614562  0.05375224 -0.00100774 -0.04596289 -0.12799844
  0.03482453  0.13456666  0.05862119 -0.05525851  0.11542066 -0.10460907
  0.05883393  0.02196724 -0.05133774  0.05411321  0.03964461  0.03252475
  0.03454831 -0.05325735  0.12601247  0.02058194  0.04804646  0.07474969
  0.11973716  0.18305148  0.04465751 -0.1373416  -0.00564507 -0.00235445
  0.19020717 -0.04686809 -0.09548149  0.04240601  0.1308293   0.04549037
 -0.03426188  0.1056402  -0.20525476 -0.05346809  0.04109339  0.13142802
  0.16977794 -0.04630613 -0.01676052  0.03290381 -0.10272574 -0.18444039
 -0.08176883  0.04087312  0.09203437 -0.0483337   0.03047035  0.21836837
 -0.05738581  0.08199063 -0.04211635 -0.08284365  0.02178756  0.00759377
 -0.04900501  0.01805689  0.18494365  0.03833628  0.01942434 -0.10468359
  0.13369775  0.04193534  0.01733918 -0.00727817  0.04941905  0.07544674
  0.00998736 -0.0190353  -0.07155276  0.16388923  0.15625188  0.06951525
  0.11821442 -0.07673772  0.05166237  0.01273548 -0.03226113 -0.13499062
 -0.05703907  0.25317541 -0.02724151 -0.09434514 -0.04502585 -0.01275035
  0.03858178 -0.03035595 -0.1362443   0.18613946 -0.04017568  0.07620949
  0.11718246 -0.07686864  0.02743518  0.00971743 -0.1114561   0.11093467
  0.0013936   0.02828658  0.02090502  0.01413768 -0.02461319  0.11260046
  0.03463553  0.0237358   0.05274308  0.01062505 -0.12933907  0.02796591
  0.13139226  0.06934697]