[-0.06141024  0.27038139  0.17453852 -0.12857588  0.01533358  0.0155042
  0.01409564 -0.02873149  0.02492467 -0.04845105 -0.03646717 -0.09681515
 -0.05768132 -0.07351834  0.06338385 -0.00240047 -0.13402012 -0.11744248
 -0.1015937  -0.13105705  0.05481806  0.13675642 -0.10670783 -0.13580576
  0.04979968 -0.00440335 -0.07856615  0.05985536  0.14586249  0.05197501
  0.00462612 -0.06397677 -0.0201733   0.02387551  0.09091333 -0.04832355
  0.10496469  0.01366728  0.13683607  0.05366396  0.04783272 -0.0605927
  0.05333684 -0.06573832  0.11078817  0.26972505  0.03941689 -0.0379881
 -0.18085673 -0.1033765  -0.10881153  0.19989453 -0.00969377  0.02414775
 -0.02163449 -0.01786361  0.02037357 -0.07392633 -0.16843641 -0.0244713
  0.03670293 -0.00479964 -0.0323235   0.08874775 -0.02845738 -0.00077774
  0.02217185  0.10159582  0.06258078  0.0133503   0.08748674 -0.03247155
 -0.06189121 -0.0607438   0.16041505  0.10118108 -0.13095823  0.02561336
  0.01961896  0.06270806  0.02607803  0.12132686  0.08727988  0.19234496
  0.00161234  0.04046511  0.02159128  0.01375561 -0.07267068  0.08995304
  0.03573603 -0.07045797 -0.02381499  0.07537556 -0.14716111 -0.0769207
  0.01229521 -0.01545389  0.04006035 -0.02694075 -0.00194138  0.02298796
 -0.06232153  0.05188084 -0.07080758  0.00744075 -0.00829305  0.17954156
  0.021346   -0.03493875  0.1100494  -0.09544419 -0.22609214  0.03897117
  0.02711409  0.05557784 -0.21330346 -0.00736228 -0.02970858 -0.00147604
  0.05965186  0.11814453 -0.01090409  0.04401047  0.07232162  0.01249741
  0.06686282 -0.03899422]