[-0.03842374  0.25857869  0.14441083 -0.07684392  0.03066311  0.08586363
 -0.00818691 -0.03996667  0.05361121 -0.05363408  0.07045233 -0.07589669
 -0.1001153  -0.0254692   0.0771349  -0.02182476 -0.07755011  0.02594125
 -0.07959487 -0.19253109  0.0545845   0.16696018 -0.11753273 -0.15246797
  0.10583779 -0.05143386 -0.04046597  0.10565432  0.12821248  0.03976429
  0.0491339  -0.03354323  0.00125572  0.01165238  0.08167701  0.00062346
  0.07571027 -0.0991185   0.16617253  0.09354191  0.09039395 -0.00360878
  0.04826273 -0.03622943  0.04463113  0.10438979  0.01697901 -0.10572685
 -0.1537361  -0.14758334 -0.08726572  0.20502333 -0.06871103  0.04066009
 -0.12119177  0.04574599 -0.02712399 -0.04913901 -0.20400068  0.03609055
 -0.03931009 -0.03646667  0.01719386  0.00338451 -0.01103416  0.05711638
  0.05156929  0.04547569  0.01990386  0.12698275  0.1257977  -0.00550725
 -0.01739091 -0.06471433  0.11659777  0.04253878 -0.12453566 -0.01909159
 -0.11135487 -0.06606622 -0.01173333  0.19393316  0.10465036  0.14815739
 -0.01310153  0.11788591  0.02017603 -0.04832171 -0.10864048  0.08060364
  0.05839045 -0.13427441 -0.08393911  0.05854138 -0.02157626 -0.08828221
 -0.06800521 -0.03012415 -0.00285521  0.05824989 -0.08375035 -0.00482525
 -0.01827065  0.04082118 -0.01590914  0.09264595  0.0523892   0.10975242
 -0.01489542 -0.07313578  0.04162924 -0.13689062 -0.15633942  0.0600465
  0.06906511 -0.05130401 -0.1395361  -0.02162734  0.10305413 -0.02435447
  0.12577206  0.04271859 -0.00697264  0.04452095  0.15808178 -0.01039244
  0.11981601  0.02085933]