[ 0.002837    0.15089966  0.16007127 -0.06277353 -0.03186369  0.01256633
  0.09180738 -0.04226139 -0.04583978  0.04171636  0.10299712 -0.03195143
 -0.0229361   0.09901968  0.08394924 -0.10161325 -0.10530891 -0.00462804
 -0.0207268  -0.12492628 -0.0049657   0.16604206 -0.16964462 -0.12127711
 -0.0073866   0.02153355 -0.05530739  0.11344697  0.04689977  0.105051
 -0.16212915 -0.1132601  -0.03496063 -0.02795923  0.07731838  0.02949847
  0.01180253 -0.05756422  0.05517887  0.11214039  0.00191981  0.02747033
 -0.02578417 -0.00918216 -0.02272975  0.19686121 -0.00379704 -0.09338927
 -0.09581845 -0.13059676  0.03152015  0.19974647 -0.15238339  0.08769862
  0.03857638  0.03225819 -0.07864793 -0.0199798  -0.1357799   0.13051108
  0.04230433 -0.08563457 -0.00364295  0.07972604  0.03519559 -0.04144425
  0.06552524  0.08197838  0.08435434  0.11258591  0.20229337  0.01617781
  0.08122785 -0.0680583   0.05929495  0.11348484 -0.12714709  0.00329324
 -0.01901473 -0.08033496  0.05442511  0.06531732  0.07183842  0.10715139
 -0.05751754  0.01647504  0.08866995 -0.07200055 -0.06093026  0.11010142
 -0.03948608 -0.11344294  0.01186642  0.01486012 -0.17325899 -0.14612426
  0.01595585 -0.15569915  0.14080846  0.05097104 -0.01983905  0.18080926
  0.03888446 -0.09875244 -0.05829153  0.04558641  0.00301487  0.08178313
 -0.04365708 -0.02737899  0.10944273 -0.15628529 -0.14285304 -0.00563033
  0.01370633  0.03922935 -0.05729437 -0.01868701 -0.04855394 -0.09021083
  0.03319363 -0.04345398 -0.01526826  0.0544441   0.18738677  0.06621619
  0.12539466  0.04746053]