[-0.02729929  0.2257119   0.21504176 -0.06664289  0.01106831  0.0045881
  0.02371568 -0.02368198  0.0122761  -0.08654763  0.04424451 -0.06497188
 -0.02643702 -0.0376332   0.06774925  0.02215761 -0.08636025 -0.02472692
 -0.12236035 -0.08375833  0.14005226  0.14047591 -0.15502258 -0.09022224
  0.05440716  0.02889965 -0.11620573  0.0525701   0.13970307  0.08907146
 -0.01984982 -0.00857105  0.02611068  0.06935789  0.12423494 -0.02965231
  0.13767658  0.04262066  0.13733657 -0.03323366  0.06836251 -0.02225609
  0.15109372 -0.01986547  0.0765876   0.13889608  0.10209415 -0.09761397
 -0.20735212 -0.13612916 -0.09218989  0.08901377 -0.04587685  0.09595048
  0.0586542   0.0195779  -0.07725269 -0.06226669 -0.16379039 -0.07437088
  0.00460356 -0.07790138 -0.0179468   0.05477206  0.00597919  0.06929307
  0.01919849  0.01409299  0.02600718 -0.00792583  0.08786264 -0.07765665
 -0.02275772 -0.08038481  0.13730527  0.04199431 -0.10939254  0.0212535
  0.01007628  0.00106981  0.04430629  0.16332358  0.07100147  0.10892021
  0.00471226  0.05724336  0.0304697   0.00735394 -0.05935233  0.14661917
  0.07933176 -0.13753554 -0.09291013  0.03856846 -0.13995771 -0.04797998
 -0.03033969  0.02259809  0.02747661 -0.00139037 -0.05439167  0.03156311
 -0.00815053  0.04174172 -0.07662933  0.06637668  0.01668154  0.16109374
  0.03271069 -0.10179945  0.04049969 -0.11184964 -0.26524827  0.02868021
  0.09159356 -0.01067249 -0.14652278 -0.08696634 -0.02918874 -0.04122521
  0.09033337  0.11891416  0.03635835  0.07082815  0.11905085  0.00632662
  0.16613652 -0.03468321]