[-0.03318748  0.1128608   0.16787976 -0.11341391 -0.05529937 -0.03316674
 -0.04752119  0.14021917 -0.08001411  0.0920961   0.01605481 -0.11366919
  0.01633601 -0.09051049  0.20628883 -0.04730975 -0.02264851 -0.14732447
  0.06988922  0.01963707 -0.01184373  0.0151316  -0.00690931 -0.03040169
  0.0366148   0.08535539  0.02154463 -0.06081994  0.08779189 -0.09921148
  0.01991209 -0.13634285  0.0909156   0.06742156  0.06849828 -0.02538206
  0.15149058  0.14979525  0.09692643 -0.05029031  0.01885592 -0.14575115
 -0.04468442 -0.05242921  0.00294923  0.19270514  0.04228487 -0.00026412
 -0.18414681 -0.0566054  -0.10799132  0.09761089  0.02089905  0.02360093
  0.03500204 -0.03038443  0.01697431 -0.12869389 -0.1269798  -0.0895965
  0.00593861 -0.10016105 -0.07277225  0.03546008  0.01750944  0.05915796
  0.01929475  0.12297256  0.08235759 -0.10121876 -0.03516206 -0.06007567
 -0.14459415 -0.07930649  0.18539631 -0.00487965 -0.08374351  0.1356132
  0.17972606  0.15661046 -0.12631254 -0.0347841   0.04271902  0.07521486
  0.07263593 -0.04829014  0.04060022  0.10047781  0.0890308   0.05587851
  0.04129146  0.01644819  0.04247826  0.118118   -0.17496704 -0.11536826
  0.05125953 -0.01155822 -0.0031023  -0.15038702 -0.00053734  0.01367387
 -0.08659835 -0.03265519 -0.00663     0.01942496  0.04034184  0.06343844
  0.11927328 -0.07542247  0.04055937  0.03477947 -0.13166834 -0.02883986
  0.07876246  0.00686943 -0.18630257 -0.15624687 -0.05298383  0.02198834
  0.03471718  0.05966066 -0.03484686  0.1265277   0.08434966 -0.00842668
  0.1367638  -0.01920519]