[-0.00752258  0.21180871  0.14214659 -0.0901053   0.02533904  0.063099
  0.0414004   0.02173091 -0.02791919  0.02043862  0.08349125 -0.0476922
 -0.00574138 -0.08225524  0.09245942 -0.00692965 -0.14366888 -0.04144154
 -0.10833094 -0.07842078  0.09293809  0.09080425 -0.09312598 -0.15151006
  0.04849875  0.01194511 -0.04337556  0.01217579  0.06955564  0.05476194
 -0.07440004 -0.0808524   0.01433752  0.06909959  0.107555   -0.03272526
  0.09960084  0.02071225  0.10717386 -0.01320842  0.05819324 -0.09928709
  0.07590307  0.01095477 -0.02426092  0.1729603   0.0673738  -0.05606847
 -0.22466908 -0.08611944 -0.02985279  0.11934938 -0.14380023  0.08773793
  0.06138771  0.00588622 -0.07471529 -0.0918021  -0.19253552 -0.01664053
  0.00240155 -0.1388633   0.02276541  0.03280016  0.08455832  0.01374554
 -0.03393818  0.12040098  0.04970325  0.06512101  0.09816537  0.00136582
 -0.03133499 -0.12039917  0.1168642   0.08064061 -0.10295314  0.06228675
  0.01506396  0.02053712 -0.01316032  0.04810829  0.08017994  0.13696603
 -0.07691694  0.04852177  0.07109483  0.02924336  0.01191088  0.15718672
  0.02823418 -0.1612792  -0.0996297   0.05421884 -0.2053864  -0.11097486
 -0.00953996 -0.04465773  0.05676787 -0.0198171  -0.00783382  0.06065444
 -0.02609767 -0.02464965 -0.01323122  0.0480742  -0.00412574  0.19581904
  0.00448261 -0.09067685  0.03953443 -0.0643734  -0.19784968  0.02788231
  0.11702206  0.0004323  -0.16131717 -0.03797475 -0.0089295   0.01376242
  0.08880215  0.05947664  0.03522253  0.12256131  0.20833392  0.01097208
  0.1935177  -0.00369041]