[-7.13322386e-02  2.41534188e-01  1.58303782e-01 -8.83126631e-02
  2.30084099e-02 -9.71116591e-03  8.93339440e-02 -2.91358419e-02
  2.52747852e-02  8.50857294e-04 -5.03494078e-03 -4.86962758e-02
 -7.21610785e-02 -9.64348167e-02  5.78841567e-02 -6.77402243e-02
 -1.56180993e-01 -2.34874361e-03 -8.12390596e-02 -1.37575313e-01
  2.80879624e-02  9.32391211e-02 -1.56521142e-01 -2.04438165e-01
  5.48020005e-02  1.39640330e-03 -1.23091005e-01  8.52544010e-02
  1.19141661e-01  5.91532588e-02 -4.06646430e-02 -4.88263071e-02
  1.06664347e-02 -1.47851277e-02  1.61174357e-01 -1.29075810e-01
  1.06192172e-01 -9.47926566e-03  1.65761560e-01 -5.27458601e-02
  1.17847711e-01 -5.03094867e-02  1.19287886e-01 -6.13483833e-03
  7.63344532e-03  1.23858228e-01  1.16699422e-02 -6.10603280e-02
 -1.60863057e-01 -1.46214157e-01 -1.32794872e-01  1.15978487e-01
 -2.01442316e-02  5.27336039e-02 -2.12546922e-02 -1.68651051e-03
 -6.16717190e-02 -8.42404217e-02 -2.30245098e-01 -2.47960202e-02
  1.32062016e-02 -5.76958209e-02  9.90162790e-03  1.02071621e-01
  1.36673460e-02  1.20661341e-01 -1.41910426e-02  2.23859097e-03
  7.55490130e-03 -7.55562410e-02  1.08297370e-01 -5.43712452e-02
  2.23597605e-02 -3.58415879e-02  9.79317725e-02  6.77861944e-02
 -1.24900222e-01 -8.01650211e-02  3.88361998e-02 -2.34334543e-02
 -6.04747469e-03  1.06643505e-01  8.68550912e-02  1.88123718e-01
  2.10288763e-02  1.80879831e-02  2.43543498e-02  2.91843750e-02
  1.56941898e-02  9.50311422e-02  5.24968691e-02 -9.95670706e-02
 -3.51573341e-02  8.00047908e-03 -1.35362044e-01 -1.45850599e-01
 -1.87162068e-02 -1.82287861e-02  4.63483483e-03  9.44703716e-05
 -6.55540032e-03  2.44257785e-02  2.74751857e-02 -2.92766206e-02
 -3.29239629e-02  5.59145808e-02  9.98549610e-02  1.91096395e-01
  3.02993245e-02 -8.17483291e-03  1.07977219e-01 -1.55367807e-01
 -2.00150967e-01  4.65802960e-02  3.14484127e-02 -4.63013202e-02
 -1.42667517e-01  3.47903743e-02  3.90193835e-02 -8.59863609e-02
  7.61678964e-02  4.21278775e-02 -2.34768651e-02  1.88665297e-02
  1.31735593e-01 -8.26668367e-03  1.14705525e-01 -2.53719836e-02]