[ 0.11288833 -0.04328191 -0.21476279 -0.03075556 -0.01841473  0.01098086
  0.00077224  0.00168355 -0.10518678  0.03399921  0.06994334  0.07447399
  0.18371522  0.23057084 -0.04544801 -0.08453047  0.09270316 -0.04665997
  0.01479022  0.17907394 -0.0557395  -0.03498176  0.00522809 -0.05030514
 -0.10591373  0.07771149  0.04905142  0.01581737 -0.16011027  0.13789526
 -0.20295219  0.14587305  0.06934459  0.05581934 -0.13952176  0.0720661
  0.067021    0.14845936 -0.07679759 -0.02536997 -0.05792461 -0.00583994
  0.02253055 -0.00629127 -0.14668345  0.00968104  0.06445624 -0.01195611
 -0.00428529  0.0977246   0.07906988 -0.002152   -0.07202238  0.19023493
  0.17987925 -0.01501176 -0.07357764 -0.00609054  0.07771602 -0.09265786
 -0.03587274 -0.07177381  0.06003307 -0.09446932 -0.0486638   0.04498356
  0.07091616  0.16383646  0.05541155 -0.05883808  0.04970688 -0.04991807
  0.05779468 -0.02087425  0.04672208  0.07281368  0.05241435 -0.07897685
 -0.00344824 -0.02903351  0.0062929  -0.02384915 -0.03366089 -0.10368827
 -0.04355003  0.05094802  0.03310829 -0.0208769   0.1812802   0.0602785
 -0.06348959 -0.18435708  0.03909583 -0.00698925 -0.11317053 -0.07573459
  0.0312969  -0.02741978  0.09538496 -0.08067251  0.02163039  0.13484681
  0.10789592  0.06790956 -0.17867041  0.0582607  -0.19327825  0.0535031
 -0.14832214 -0.0528519   0.03175142  0.0539767  -0.06407343  0.01304788
 -0.07853498 -0.06093012  0.0277997  -0.14453006  0.0227324  -0.03677068
  0.00993173 -0.0361382   0.15382598  0.06435776  0.08419195 -0.04139187
  0.05906205  0.00849108]