[ 0.10098951  0.0357209  -0.08222044 -0.01049678 -0.07242314  0.0067259
  0.05336245 -0.01592393 -0.03225405  0.00521784  0.18185212  0.02074616
  0.09970096  0.27397153  0.07840971 -0.12598987  0.09998357  0.0024909
  0.05665706 -0.02636752 -0.02137621  0.0947028  -0.08002726 -0.01689003
 -0.04058772  0.03062483  0.06912512  0.04462466 -0.05400353  0.17435086
 -0.13719428  0.05203436  0.11102686  0.02093127 -0.05029905  0.08622283
  0.06415413  0.06707914 -0.02636845  0.07187019 -0.04176353  0.05598701
 -0.0516213   0.05498259 -0.14046717  0.07567104  0.0183608  -0.10800216
 -0.03965509 -0.09537047  0.06175981  0.11766094 -0.08156846  0.13050435
  0.08142333  0.09397066 -0.10245524  0.05628261 -0.00180227  0.05152187
 -0.08814779 -0.15630072  0.05517928 -0.07632013  0.0044106   0.01625608
  0.11174845  0.08055492  0.05149772  0.07830939  0.13097273 -0.08969352
  0.02639659 -0.11053575  0.05174651  0.0452271  -0.04514201 -0.05921102
 -0.09620059 -0.07080154 -0.03455572  0.02859333 -0.01305207 -0.09127562
 -0.03787497  0.03558666  0.06401332 -0.17673862 -0.00621936  0.08097317
 -0.04644891 -0.20407271 -0.00229775 -0.05259904 -0.03857452 -0.10312804
  0.00358596 -0.08854184  0.15010591  0.00604441 -0.04662176  0.19167936
  0.13483748  0.01100578 -0.16975649  0.06307106 -0.08165263  0.00148574
 -0.07501093 -0.13067253  0.04470349 -0.08211684 -0.1195031  -0.04099409
  0.00675209 -0.02207644  0.05541033 -0.21488506  0.07320748 -0.02715698
  0.08096685 -0.09173597  0.0185414   0.11665338  0.18340693 -0.00855972
  0.15361793  0.07877129]