[ 0.16327076 -0.04942577 -0.11499324 -0.00097746 -0.06356674  0.14978699
 -0.01466691  0.00758463 -0.14034164 -0.03051016  0.13350753  0.08438289
  0.12489284  0.05774587  0.00409841 -0.14969908 -0.04994413 -0.04173768
  0.02490348  0.09728856 -0.03417503  0.06398055  0.01932904  0.07218099
 -0.04366565  0.00940194  0.14163341 -0.0368813  -0.15998381  0.10887371
 -0.14509103 -0.0456828   0.00266735  0.10953812 -0.08738378  0.04461442
 -0.03226351 -0.05811087 -0.07283079  0.04068999 -0.01073254 -0.12668318
 -0.05040521  0.12234969 -0.20027336 -0.0484614   0.0476556   0.02433342
 -0.06426077  0.17707998  0.1503015   0.02937032 -0.0549699   0.1290275
  0.11632115 -0.01439309 -0.08626416  0.0434076   0.05795632 -0.0328591
 -0.07574239 -0.04324898  0.12233344 -0.04981961 -0.06188463 -0.05309873
  0.07953501  0.04831063 -0.01165329  0.04875081 -0.00869766 -0.0342213
  0.01549893 -0.04140233  0.0407271  -0.00041913  0.00191697 -0.09396837
 -0.00149952  0.18212898  0.04853559 -0.14065614  0.04285999 -0.09643325
 -0.07240468  0.049676    0.06190581 -0.11478226  0.04813068  0.12999827
 -0.00173629 -0.17589328 -0.03034897  0.03968194 -0.20163223 -0.08384408
 -0.01965505 -0.04983107  0.11154458 -0.10853483  0.05784062  0.21506248
  0.08031866  0.00640727 -0.09196308  0.0376793  -0.12234355  0.10582276
 -0.17502974 -0.03898281  0.11112746  0.05971958 -0.01907849 -0.02552603
 -0.07503165  0.0115813   0.05798363 -0.04766278  0.06226562  0.07181392
  0.06882478 -0.17633666  0.06190171  0.02711237  0.10847858 -0.01022769
  0.14761505  0.07635828]