[ 0.02017698  0.09036747  0.09545806  0.05005577 -0.07954814  0.13925107
  0.04836079 -0.00427934  0.06671528 -0.02632     0.10571972 -0.10856462
  0.02509236  0.0774695   0.10961099 -0.10887223 -0.013157    0.0187315
 -0.04594607 -0.03637472  0.05460719 -0.07559123 -0.04516312  0.20568591
  0.08094677 -0.11629318 -0.05945094 -0.01143929  0.082066   -0.00161826
  0.117704   -0.03402602 -0.01911834  0.05616997  0.02868157  0.09276456
 -0.01191415  0.07194501 -0.08476773 -0.10036144  0.01625345 -0.04949743
 -0.07951186 -0.01063463  0.00574086 -0.09689209 -0.00481608  0.04586548
 -0.12427984 -0.0669459  -0.10666692  0.01059331  0.09763408 -0.05462686
  0.05756178  0.11594198 -0.16214605  0.15880957 -0.00096011 -0.17993945
 -0.14234352  0.06185426  0.12453163 -0.13676208  0.00287424  0.2999371
  0.09640259 -0.05547702 -0.16534486  0.06477624 -0.02676139 -0.03506375
 -0.04021612 -0.01841805  0.08176347 -0.09928786  0.02931554 -0.06725326
  0.07002055 -0.00369053 -0.05188953  0.00878075 -0.07571767 -0.21099719
  0.03320462 -0.02867606 -0.0444548  -0.04221554  0.04175266  0.14736442
  0.17416282 -0.12709425  0.06530742 -0.01347599  0.00920674 -0.01041817
 -0.05264288 -0.02060274  0.07678752  0.02514653  0.05529216  0.0216749
 -0.02227658 -0.08467784 -0.12447967  0.18660039  0.03106198 -0.13241658
  0.05645693 -0.11399134  0.06615053  0.14120178 -0.01280849 -0.06079063
  0.14319198  0.01089746 -0.04683473 -0.03097202  0.10970233  0.0443228
  0.04116077 -0.14240132 -0.02720914  0.07937035  0.02382682  0.1239245
  0.12375806 -0.03882036]