[ 1.24954609e-02  3.76770310e-02 -2.99163032e-02 -5.79535514e-02
 -4.99147549e-02  5.33377081e-02 -4.04867977e-02  5.21606207e-02
 -2.69801077e-02  7.35420883e-02  1.68923870e-01 -3.06303632e-02
  6.30671084e-02  1.88022897e-01  5.06002642e-02 -4.04217578e-02
  1.35707468e-01  7.58234188e-02  7.65798464e-02 -5.59718022e-03
  2.23550741e-02  1.22942924e-02  9.40555856e-02  1.23911098e-01
 -2.05763727e-02 -2.96507892e-03  1.65500119e-01  2.28632092e-02
  1.09408222e-01 -2.52119754e-03  2.78661661e-02 -2.14030206e-01
  1.04720794e-01 -6.35179430e-02 -1.65991113e-02  7.60169774e-02
 -5.15478328e-02  1.71635687e-01 -8.13404098e-02  9.16693658e-02
 -1.48919955e-01  1.51901066e-01 -1.68173134e-01  1.03896670e-01
 -1.27078831e-01 -8.70083272e-02 -6.10987470e-03 -4.31025438e-02
 -3.06021832e-02 -4.60958779e-02 -3.38547135e-04  5.76305091e-02
 -9.02154446e-02 -1.32964654e-02 -4.24923711e-02  1.11414030e-01
 -1.88893061e-02  2.03619957e-01  2.14907695e-02 -4.39615622e-02
 -1.55592680e-01 -8.82308707e-02  1.86212227e-01 -1.11262217e-01
  8.89965892e-02 -2.69444514e-04  3.71442065e-02  2.69606002e-02
 -6.40900359e-02  1.51071131e-01  9.14341062e-02  7.63060944e-03
  5.42978570e-03 -7.90956840e-02  2.61214916e-02 -6.68212920e-02
 -2.93431431e-02  5.98155595e-02  1.14323189e-02 -1.04590140e-01
 -1.13834158e-01 -1.79620497e-02 -2.62584514e-03 -1.01674043e-01
 -2.43781675e-02 -9.94595736e-02 -2.08898727e-03 -4.07781713e-02
  7.30309710e-02 -1.72007307e-02 -3.06767803e-02 -1.02160431e-01
  4.32159826e-02 -1.44158099e-02  1.99888155e-01 -1.29610077e-01
 -1.94569360e-02  5.08124158e-02 -1.26443887e-02  4.95656133e-02
 -6.22156709e-02  1.00185677e-01 -1.15597584e-04 -4.61903401e-02
 -9.87150967e-02  1.07437201e-01  4.28311154e-02 -2.32135281e-01
  1.32760495e-01 -1.91801623e-01  1.89217161e-02  7.26545900e-02
  1.11812875e-01  9.21707079e-02  7.69115537e-02  4.15632166e-02
  3.22599965e-03 -8.33263099e-02  2.49301959e-02  3.19528915e-02
 -4.72042374e-02 -1.56613678e-01 -9.25735384e-02  7.64433295e-03
  2.88145393e-02  1.12092562e-01  3.82704809e-02  5.58452532e-02]