[ 0.01827611  0.05617912  0.10444401  0.04470902  0.0018243   0.1416316
  0.01126493  0.05401787  0.07585052 -0.0544096   0.05910329 -0.11014439
 -0.05509065  0.04622893  0.19449586 -0.11775191  0.07865316  0.001318
  0.04125518 -0.0700966   0.01127     0.01063316 -0.00550745  0.12480851
  0.11970478 -0.16080654 -0.01050631  0.00331746  0.01709874 -0.07058455
  0.22316934 -0.15644161  0.01676406  0.03176332  0.08705086  0.13581321
 -0.0019511  -0.02982594 -0.11377427 -0.08142616  0.04293745  0.04214721
 -0.06882225  0.03456944 -0.02949867 -0.0309197  -0.03853725  0.03215952
 -0.06055443 -0.04423463 -0.10931221 -0.00291463  0.07662997 -0.11681102
  0.00319093  0.11942544 -0.20695914  0.12835902 -0.01910749 -0.07920206
 -0.16830316  0.01852197  0.062023   -0.21048543  0.09407353  0.14206071
  0.07399687 -0.04313605 -0.16642848  0.1459078   0.0577045   0.02795433
 -0.04716982 -0.10934357 -0.01476064 -0.04888969  0.0117903   0.00346863
  0.03180606 -0.02478562 -0.11899788  0.00075993 -0.0531515  -0.12568086
  0.04625691 -0.08298793 -0.03749568 -0.03353599 -0.00889694  0.12011381
  0.13814954 -0.06857175  0.01331549 -0.04008057  0.1148417  -0.00073664
  0.00423125 -0.05602583 -0.04716078  0.04223976 -0.04284808  0.0332033
 -0.03905334 -0.17847896 -0.13198979  0.15680428  0.064403   -0.22023977
  0.06511383 -0.04474738  0.04725356  0.02560296  0.01672854 -0.04012609
  0.15559582 -0.03006681 -0.008338   -0.06530704  0.09078115  0.08437498
  0.05618101 -0.08694859 -0.05196824  0.12296266  0.1072287   0.05029421
  0.17712861 -0.03753588]