[-0.00329813  0.22786422  0.24090736 -0.01437835 -0.07386843  0.08433516
 -0.00368605 -0.05330768 -0.00259575 -0.02608571  0.06688907 -0.11912727
 -0.01124683 -0.00683125  0.13670096 -0.12560906 -0.14644255 -0.01819152
 -0.12778567 -0.05650614 -0.02736911  0.09034969 -0.1056188  -0.0695332
  0.04542576 -0.10956333 -0.14222674  0.16794865  0.01060605 -0.00646449
  0.0156389  -0.12003311 -0.06079697  0.05348833  0.11834982  0.02649341
  0.05208285 -0.02865217  0.0793189  -0.00994176  0.03272782 -0.06065948
  0.03524708 -0.09683724  0.01123493  0.00954787 -0.01722649  0.05071456
 -0.11744327  0.04981614 -0.05044246  0.12807037 -0.04274444  0.07745374
 -0.00888506 -0.03622768 -0.13853781 -0.07985599 -0.08982008 -0.0872495
 -0.06876631  0.06866208 -0.02506104  0.01189614 -0.08242708  0.20403443
  0.10477461 -0.00297764 -0.1075756   0.01755152  0.12450321 -0.02683508
  0.08411293  0.03528725  0.11273342 -0.02394485 -0.07903931 -0.16487063
  0.1053144   0.07988155  0.09256624 -0.00571128  0.06052683  0.03821411
  0.01489273  0.03986112 -0.04717232 -0.02382268  0.04856992  0.19351962
  0.08398809 -0.13107267  0.09747251  0.03972604 -0.20751846 -0.15759882
 -0.05701949 -0.04339201 -0.00340801 -0.031357    0.01444921  0.12020167
  0.00304717 -0.09456658 -0.01025646  0.15077919  0.07386205  0.07595338
  0.04984419  0.02332963  0.10673865 -0.04234668 -0.11112488  0.09085099
 -0.01394548 -0.04578596 -0.05384254  0.13456248  0.02433186 -0.06683565
  0.06290016 -0.07703645  0.01369846  0.03971204  0.15956491  0.00299002
  0.20944163  0.00389053]