[-4.86928262e-02  2.74759233e-01  2.91184448e-02 -3.73107307e-02
 -3.92862894e-02  1.09262727e-01 -1.41642580e-03 -1.59275472e-01
 -8.42445418e-02  7.78660104e-02  6.07003495e-02 -7.01661827e-03
 -2.87196320e-02 -4.61533256e-02  9.94350836e-02 -1.27058759e-01
 -1.59883440e-01 -3.30414325e-02  2.90368311e-02 -9.06644687e-02
 -1.59573227e-01  9.33818221e-02 -9.82315689e-02 -4.34951531e-03
  6.93225935e-02 -1.80578716e-02  5.08105829e-02  8.51241648e-02
  4.54778709e-02  9.87708494e-02 -5.22845946e-02 -4.77870665e-02
 -2.19773520e-02  1.60642562e-03  2.16922928e-02  4.98854369e-03
  2.89776195e-02 -1.78615242e-01  8.56545717e-02  1.06779233e-01
  1.02058873e-01 -2.02375561e-01  6.10899031e-02  4.28584181e-02
 -1.03946656e-01  1.38060912e-01  1.04446471e-01  4.21816744e-02
 -1.55234009e-01 -3.33536081e-02  7.34391585e-02  1.49380580e-01
 -1.10753821e-02 -3.79274087e-03 -6.08241046e-03  5.83075695e-02
 -1.08634278e-01  3.26759033e-02 -5.03727980e-02  4.78757285e-02
 -1.04698077e-01  2.27048174e-02  7.65118673e-02  1.32263768e-02
 -1.73874088e-02  9.50753093e-02  5.27975336e-02 -6.73827752e-02
 -1.00089237e-01  2.62514744e-02  1.20577300e-02  5.55651542e-03
  8.61210938e-05  3.48828249e-02  2.07024485e-01  4.93906401e-02
 -8.01263675e-02 -5.64414784e-02 -9.35365912e-03  7.57514313e-02
  8.52671042e-02 -9.08812322e-03  7.00510591e-02  1.02200098e-01
 -4.72560190e-02  7.47336075e-02 -7.85746053e-03 -1.29321262e-01
 -5.39592840e-02  1.48088023e-01 -2.02062391e-02 -1.08144790e-01
  3.53960246e-02  2.68696640e-02 -1.76503062e-01 -1.17672995e-01
 -4.25766222e-02 -4.47881781e-02  1.59382239e-01 -8.58816579e-02
 -1.48113137e-02  1.20241441e-01  5.96800186e-02  6.66463422e-03
 -8.43536481e-02  9.73321944e-02 -1.27052143e-02  1.85513809e-01
 -1.03243336e-01  3.06971781e-02  1.78582832e-01 -2.53410414e-02
 -4.70219851e-02 -1.71199860e-03 -1.28337353e-01 -5.40452860e-02
 -7.31541738e-02  7.29223564e-02  9.80570018e-02  2.97310054e-02
  1.54828906e-01 -1.68123975e-01 -5.07270880e-02 -1.66626498e-02
  6.11374080e-02  7.52267316e-02  3.40391174e-02  2.84592547e-02]