[ 0.02660782  0.23463148  0.0490707   0.03032862 -0.04926534  0.12886427
 -0.00251449 -0.14488785 -0.09106661  0.08693703  0.09930407 -0.04891678
 -0.06576996 -0.03925638  0.12850058 -0.11924509 -0.11721158 -0.00081325
  0.03605481 -0.09946481 -0.15923637  0.12461448 -0.14328986 -0.0348617
  0.06854039 -0.03687215 -0.00112608  0.09363063 -0.00501516  0.06840037
 -0.08285361 -0.00911071 -0.11214177  0.00446255  0.03257607  0.06043844
  0.01796816 -0.25431296  0.08865049  0.10549463  0.07652931 -0.14999849
  0.00504411 -0.01122481 -0.04939069  0.15946254  0.07769722  0.04703984
 -0.13136743 -0.03043544  0.12577148  0.2028296  -0.06368446  0.01383469
 -0.02013688  0.01336844 -0.10582583 -0.06045057 -0.00136285  0.0845204
 -0.03238986  0.03861295  0.01544045 -0.00927747 -0.05294971  0.05835138
  0.11867825 -0.03520397 -0.00326184  0.11034666  0.04843932  0.0522484
  0.05883575  0.0451698   0.10319917 -0.00481964 -0.08156121 -0.00956651
 -0.04482334  0.03044723  0.12703639  0.05216155  0.01694703  0.02423413
 -0.0224437   0.1037343  -0.02623492 -0.14942175 -0.07076629  0.15423168
  0.00597643 -0.05151131  0.02131755  0.01492209 -0.18775833 -0.11083226
  0.01040367 -0.12616643  0.1567573  -0.06966953 -0.00698885  0.14344072
  0.07000144 -0.06419014 -0.05579252  0.08799854  0.00450098  0.13745381
 -0.12006266  0.11562454  0.15366074 -0.04265343 -0.03190253 -0.04525026
 -0.08788974 -0.10115277 -0.04901854  0.02408439  0.06964116 -0.08072848
  0.12397775 -0.1163288   0.04195237  0.03299511  0.13167353  0.02414286
  0.09854392  0.01331021]