[ 1.76439434e-02  1.61120802e-01  1.32701144e-01 -7.57785561e-03
 -9.50995684e-02  1.34471759e-01 -5.52646741e-02 -5.17365597e-02
 -1.44566789e-01  4.07821834e-02  9.86024961e-02 -1.25356391e-01
 -5.35377301e-02 -2.60614473e-02  1.63994879e-01 -1.05444841e-01
 -1.84588790e-01 -3.65743623e-03  4.50316556e-02 -6.43715560e-02
 -9.91695672e-02  6.47471696e-02 -4.60654795e-02 -1.16000667e-01
  5.52482419e-02 -7.81618431e-03 -2.21832413e-02  7.38371685e-02
 -1.44437402e-02 -6.89187571e-02 -5.21802418e-02 -1.03768073e-01
 -6.19668663e-02  1.89361665e-02  1.01973891e-01  7.71684200e-02
  3.38373543e-03 -1.24132693e-01  9.39261168e-02 -1.44120539e-02
  3.06448340e-02 -1.49534211e-01  1.42502377e-03 -2.74261795e-02
 -7.45880082e-02  8.68656263e-02  5.67476712e-02  4.96636108e-02
 -2.14284971e-01  2.34853756e-02 -2.70796511e-02  1.33954912e-01
 -2.25832369e-02  7.05698282e-02 -1.99242607e-02 -1.85509138e-02
 -5.75436689e-02 -8.65869746e-02 -3.99831310e-02 -3.48590650e-02
 -5.75531349e-02  8.10736194e-02  6.08702973e-02  1.94683317e-02
 -1.67658012e-02  2.24948362e-01  6.27995282e-02 -1.15028499e-02
 -2.03959309e-02  8.33451450e-02  3.21483463e-02 -6.55602431e-03
  6.30201846e-02  3.91837060e-02  1.23781852e-01 -8.50765184e-02
 -8.82789418e-02 -1.14161678e-01  5.56369051e-02  4.39488478e-02
  8.57233256e-02 -3.44058909e-02  1.75773096e-03 -3.76555622e-02
 -5.23478054e-02  9.65166241e-02 -6.60316572e-02 -5.45233041e-02
  2.74184942e-02  2.00784266e-01  1.43131211e-01 -4.26044986e-02
  2.39436831e-02  3.30188461e-02 -1.82162762e-01 -1.11895368e-01
 -2.70084161e-02  8.36902764e-03  7.09135979e-02 -6.79287389e-02
  1.93108019e-04  1.16049081e-01  4.16005813e-02 -1.73094034e-01
  2.71450244e-02  1.68933690e-01  8.87561291e-02  1.00339785e-01
  7.98934198e-04  1.95637289e-02  1.19293556e-01  4.60965512e-03
 -4.11454763e-04 -3.68623212e-02  2.25397181e-02 -8.23364779e-02
 -1.44902114e-02  5.44136576e-02  1.21234305e-01 -8.97406340e-02
  1.09738789e-01 -1.95026100e-01  8.29246640e-02  2.06647534e-02
  1.47467837e-01  2.47393120e-02  2.40708739e-01  4.85017039e-02]