[-0.03212584  0.25153416  0.11618598 -0.02739668 -0.11300436  0.08548919
 -0.06313532 -0.0953094  -0.02537464 -0.01830201  0.07571711 -0.09780139
 -0.10323253 -0.02292527  0.11019254 -0.18029514 -0.1662102  -0.03479083
  0.03845524 -0.09164401 -0.14436579  0.1143651  -0.07346932 -0.05393177
  0.03751859 -0.04676474  0.03304764  0.1112572   0.01757807 -0.02699802
 -0.02861639 -0.15190788  0.00300418 -0.00772992  0.06923532  0.05712108
  0.06106821 -0.11198982  0.05561356  0.0941404   0.05712578 -0.11776494
 -0.03658504 -0.027521   -0.06291067  0.13952197  0.05805839  0.00443274
 -0.16405977  0.01643278 -0.05833326  0.21455245  0.01605867  0.06454832
 -0.042586    0.01703672 -0.04262384 -0.0650616  -0.09146122 -0.01663865
 -0.07299595  0.07655323  0.06121555  0.02215604 -0.06462137  0.13471651
  0.13424537 -0.05647456 -0.02271419  0.09698819  0.04594601 -0.07007488
  0.03754474  0.06843254  0.20447549 -0.02744595 -0.12666829 -0.08246118
  0.01155377  0.02343296  0.02293676  0.0562032   0.01880198  0.03112938
  0.00996267  0.11417031 -0.07145205 -0.1014125  -0.04633701  0.16244443
  0.09663554 -0.09531804  0.0861235   0.00585758 -0.11882707 -0.16828226
 -0.03910866 -0.04017951  0.11364611 -0.06124163 -0.03712556  0.10647807
  0.04048996 -0.09456664 -0.03055781  0.13672     0.08146585  0.09797957
 -0.06559181  0.03119195  0.17185684 -0.03995389 -0.01762076 -0.01484213
 -0.0759655  -0.06494331 -0.04287924 -0.00696768  0.15516046 -0.06849287
  0.12749846 -0.13088433 -0.01437737  0.01349156  0.12363215  0.02827883
  0.16060317  0.04841904]