[ 0.07321455  0.21179873 -0.13203311 -0.04234272 -0.00123712  0.13398394
 -0.01831496  0.01746434 -0.02100227  0.14463374  0.07374498 -0.00063539
  0.10885115 -0.0641087   0.05066276 -0.00321249  0.02984986 -0.03698429
 -0.05283176  0.04081184 -0.07330281  0.12915285 -0.00479665  0.04255942
 -0.0280836  -0.11609335  0.11472776  0.031573   -0.02182571  0.17398885
 -0.10078614 -0.05134394  0.04078316  0.06009511 -0.05168188 -0.01957382
  0.10909399 -0.09716377 -0.05275513  0.09742559 -0.06507933 -0.14087866
  0.06951472  0.07367627 -0.08897089  0.02540399  0.0790909   0.07548989
 -0.03336778  0.17276742  0.25667208  0.0684474  -0.12321635  0.03768879
  0.04364095 -0.00057299 -0.07449649 -0.10862454  0.09374444 -0.03962677
 -0.10278597 -0.12353656 -0.00713986 -0.12632464 -0.06294358 -0.1589596
  0.02774379  0.04662334 -0.06800516 -0.02699637  0.0319166   0.02688648
 -0.02570899 -0.10813747  0.03663228  0.09566753  0.02364365  0.07578099
 -0.02078995  0.10900463  0.13629238 -0.07531724  0.056558    0.12289208
  0.04114835  0.07073296 -0.03916551 -0.09651013  0.10643782  0.15884289
 -0.19256833 -0.16692114 -0.11979313  0.07529639 -0.15220885 -0.06736353
 -0.00660739 -0.04821821  0.02108579 -0.08413368  0.08568934  0.15089712
  0.05872173  0.03646288 -0.15156196 -0.03079633 -0.12674165  0.05603234
 -0.10926896  0.06787886  0.07249802  0.02195943 -0.00233294  0.06682955
 -0.14346047 -0.02640846 -0.04352364  0.04705633 -0.08040547  0.05479002
  0.0588566  -0.05869189  0.09077884  0.06240148  0.116901   -0.0378603
  0.06267525 -0.00540999]