[ 0.02074223  0.25348806  0.01534399 -0.03395398 -0.03067905  0.08903132
 -0.04471929 -0.06950536  0.10984439  0.06082177  0.10749278 -0.06821745
 -0.02440631  0.0217952  -0.01603605 -0.0657442  -0.01416302  0.03183226
 -0.05734535 -0.06460382 -0.00444673  0.18189518 -0.07364676  0.02871893
 -0.0134074  -0.14479217  0.08483279  0.16001634  0.0688368   0.15892152
 -0.08062776 -0.21024603  0.01644026 -0.0340528   0.06247354  0.02220051
  0.04744142 -0.09098514 -0.06204036  0.11032601 -0.12328219  0.01056957
 -0.03829831  0.03246573  0.00209022  0.06329612 -0.02060019  0.0600431
  0.02612251  0.06403092  0.1488004   0.26357123 -0.10996623  0.01856169
  0.00159642  0.0077596  -0.0464788  -0.11710756 -0.00726602 -0.03781482
 -0.02659834 -0.07421052  0.03000663  0.00370246 -0.07905407 -0.16294485
  0.095499    0.03519229 -0.00422682  0.16592684  0.14489242  0.00213136
  0.0533397  -0.11730284  0.00620682  0.06884042 -0.05487843  0.07683267
 -0.03194219 -0.00742482  0.14119166  0.08977275  0.06339884  0.12132461
  0.09462693  0.007159   -0.07256387 -0.04525635  0.05432484  0.16817991
 -0.12461901 -0.12468199 -0.02571927  0.05827911 -0.09132542 -0.19113384
 -0.02490108 -0.09210307  0.06428918 -0.02734489  0.13618883  0.19570822
  0.04001154 -0.11004169 -0.0893832   0.006229    0.01621413 -0.07470912
 -0.0283231   0.09050238  0.12814762 -0.06637524 -0.00819564  0.11427618
 -0.09272509  0.02572449 -0.05967045  0.06962428 -0.09327396 -0.05711309
 -0.00623273 -0.03468028  0.01892272 -0.0056376   0.13731465  0.04945181
  0.11808765  0.03253441]