[ 2.80462075e-02  2.68556625e-01  8.49699229e-03 -1.96802914e-02
  3.98909189e-02  9.37348753e-02 -2.85046361e-02 -2.67299265e-02
  7.79955089e-02  9.22153741e-02  1.00517526e-01 -7.17562139e-02
 -1.75826680e-02 -9.63103697e-02  4.03475873e-02 -5.07424027e-03
 -2.26365793e-02  2.72521041e-02 -9.28611457e-02 -7.86708668e-02
  2.89713349e-02  1.52843118e-01 -9.71983969e-02 -3.36986594e-02
  9.73977521e-02 -1.55937910e-01  6.19603097e-02  1.14698529e-01
  7.28222504e-02  1.48727074e-01 -3.74445207e-02 -1.35728687e-01
 -6.63219253e-03  2.28264340e-04  6.84722513e-02 -4.30477709e-02
  7.64318705e-02 -1.69436693e-01  3.16880867e-02  3.11133359e-02
 -1.62479021e-02 -7.34183937e-02  7.12661147e-02  8.10357854e-02
 -3.81329982e-03  5.55882230e-02  1.21876607e-02  5.33134267e-02
 -2.49192938e-02  1.33077446e-02  1.60872921e-01  1.81419298e-01
 -1.28158420e-01 -1.31313102e-02 -2.94502228e-02 -2.25340724e-02
 -9.14285183e-02 -1.78909123e-01 -1.37733035e-02 -5.22062108e-02
 -1.26649896e-02 -1.48013756e-01 -3.22706066e-02  2.29565408e-02
 -7.10460767e-02 -1.26051351e-01  2.72704065e-02  5.19689582e-02
  3.37689370e-02  6.21591881e-02  1.09345794e-01  4.69984114e-02
  2.35333592e-02 -1.96286961e-01  5.45933051e-03  6.49457499e-02
 -5.53437136e-02  1.20432995e-01 -5.98105639e-02  6.32965937e-02
  1.35768056e-01  8.14498812e-02  9.37329903e-02  1.77976906e-01
  8.41503069e-02  7.01247603e-02 -4.06260081e-02 -2.00936925e-02
  4.55140844e-02  1.41330600e-01 -1.30517304e-01 -1.14281632e-01
 -1.51206866e-01  6.35207668e-02 -1.67413890e-01 -1.59310430e-01
 -4.83557060e-02 -9.13471431e-02  1.02985045e-02 -7.07368702e-02
  9.64121595e-02  1.08915359e-01  6.81768805e-02 -5.82121462e-02
 -7.38237277e-02 -1.99358556e-02 -3.73246800e-03  7.29468018e-02
 -2.90624183e-02  8.31281468e-02  8.45525116e-02 -7.19378889e-02
 -8.63889828e-02  1.14006869e-01 -6.23331405e-02 -4.81963865e-02
 -1.38635799e-01  7.86226466e-02 -9.17687565e-02 -4.58848141e-02
  2.96396911e-02  4.11565043e-02  3.09528690e-02  5.44098318e-02
  1.71205625e-01 -3.27119716e-02  1.17624901e-01  1.23528466e-02]