[-0.00990911  0.23655207  0.12453274 -0.07823633 -0.02344609 -0.01217953
 -0.08448498 -0.02993645  0.00321325  0.02078375  0.02149762 -0.14889637
  0.00742057  0.06462083  0.0825969   0.04336867  0.02738995 -0.12734324
 -0.02471821  0.02316335  0.05020191  0.09684723 -0.08859646  0.01733408
  0.01633876 -0.00349359 -0.07982922  0.11394     0.15824163  0.06788184
 -0.04051828 -0.05548059  0.01523449  0.01729096  0.01190472  0.0693927
  0.13664457  0.06796435  0.1103948   0.05104622 -0.07878327 -0.00109095
  0.01821281 -0.21071924  0.16213813  0.22047482  0.06992815  0.02194156
 -0.10038728 -0.04696753 -0.05034868  0.22784768  0.01093829  0.06402998
  0.05708646 -0.03364175  0.04967928 -0.11765729 -0.06413954 -0.0946463
  0.0375009   0.05079854 -0.07168329  0.02688196 -0.1586429   0.08379596
  0.0843979   0.14248973  0.08135054 -0.04551286  0.0680454  -0.04002231
 -0.07084741 -0.04900499  0.2255173   0.0789704  -0.06270184  0.08655865
  0.09362783  0.05176597  0.09257979  0.17000142  0.04798273  0.08955658
  0.10696169  0.10039571 -0.06318138  0.04547444  0.01639814  0.10058518
  0.00951848 -0.03581959  0.05825423  0.16651653 -0.14048786 -0.12026852
  0.00437947 -0.01456373  0.04094591 -0.09777115  0.0594908   0.03172797
 -0.05461925  0.0195942  -0.14005521  0.10262886 -0.02314047  0.00347613
  0.06127998 -0.02024758  0.08731987 -0.02672556 -0.12161902  0.04078487
 -0.01189918  0.06577117 -0.21071024 -0.04532035 -0.14941812 -0.0614903
 -0.0066191   0.07948621  0.04773398  0.03004238 -0.01687383  0.1000135
  0.06649885 -0.03686297]