[ 0.04609176  0.15013279  0.02293241 -0.123117    0.00998745  0.09139074
 -0.13141157 -0.03710371 -0.04706132 -0.0036825   0.06689059 -0.0943647
  0.03141456  0.05812738  0.02499312  0.02376015 -0.02147124 -0.06230488
 -0.01141703  0.02030651  0.06216404  0.19194335  0.0374877  -0.05762503
 -0.02583439  0.00149355  0.02562599  0.09499793  0.11144434  0.06267601
 -0.03110142 -0.18566255 -0.03487683 -0.05210073  0.066653    0.06099449
  0.01479181  0.06310009  0.13551556  0.13445851 -0.16694285  0.09056224
 -0.09359059 -0.06329756  0.00773046  0.05237732  0.0020885   0.06077599
  0.01983506  0.10140362  0.02086554  0.26664877 -0.07837777  0.0961571
 -0.03619188 -0.11811785  0.13235672 -0.05251787 -0.06871349 -0.07865854
 -0.02212237  0.01423112  0.09890021  0.02481409 -0.13135836 -0.1233852
  0.09355293  0.16892949  0.09004622  0.07482697  0.15418006  0.0720624
  0.02162952 -0.0366659   0.07245283  0.00935864 -0.13073811 -0.00364634
  0.04821463  0.12994513  0.16680105  0.09510876  0.13584466  0.12398667
  0.04752373  0.00289287 -0.04059085  0.06367299  0.07495735  0.01911047
 -0.0212016  -0.03755829  0.02191183  0.16869403 -0.0809285  -0.23658673
 -0.00102411  0.05172296 -0.05914359 -0.07294871  0.07521901  0.13831906
 -0.04600617 -0.00851311 -0.06751581  0.06258425  0.01259205 -0.04610875
  0.12085199  0.03761308  0.10553887 -0.00937631 -0.04735335  0.18025415
 -0.04852453  0.12016628 -0.1060546   0.06264128 -0.15129581 -0.03832963
 -0.04119625 -0.02620004  0.08329065 -0.07935817 -0.01267934  0.05008816
  0.09414443  0.08460041]