[-3.12109701e-02  1.15966469e-01  2.03803442e-02 -1.49784505e-01
  2.37428322e-02  6.57219887e-02 -9.31605250e-02 -8.46831780e-03
  8.49755332e-02  4.79610562e-02 -3.87320458e-03 -3.02661601e-02
  9.74732731e-03  1.56545844e-02 -1.37877734e-02  2.62608584e-02
 -9.69643593e-02 -1.06799386e-01 -5.90832345e-02 -1.69724226e-03
  5.78935780e-02  1.64167836e-01 -3.49687710e-02 -3.49697098e-02
 -4.66058739e-02  7.79445767e-02  1.72724724e-02  3.99936847e-02
  5.24713136e-02  6.50948584e-02  1.43557423e-04 -1.26382470e-01
 -4.77612689e-02 -3.17077786e-02  3.25031988e-02  7.06934780e-02
  2.27203202e-02  9.22672153e-02  7.73376077e-02  1.45026177e-01
 -1.06712803e-01  6.42649755e-02 -9.30466428e-02 -4.14636619e-02
  9.07687470e-02  4.57459167e-02 -7.36671779e-03  4.68049720e-02
  7.15109557e-02  6.07642755e-02  3.34815271e-02  2.08830759e-01
 -9.56220180e-02  6.08513430e-02  8.17249566e-02 -6.48664013e-02
  6.21800050e-02 -3.19741331e-02 -8.08032677e-02 -1.01834282e-01
  1.14707332e-02 -7.38006607e-02  7.51982480e-02  6.05533719e-02
 -9.85279158e-02 -1.96876884e-01  8.53430629e-02  2.27946192e-01
  1.66189149e-01  8.79893750e-02  1.48245081e-01  1.07150450e-01
  7.74458051e-03 -4.79672179e-02  4.03293297e-02  5.88103496e-02
 -1.37887299e-01  7.97094554e-02  2.88009923e-02  7.64652342e-02
  1.36200517e-01  1.71275660e-01  1.40084788e-01  1.59094185e-01
  1.85431018e-02 -8.41772184e-02  6.75520450e-02  1.46975189e-01
  1.38540402e-01  1.21041655e-03 -9.64121297e-02 -3.92555632e-02
  2.56034564e-02  1.46110892e-01 -1.05816029e-01 -1.50510356e-01
  2.29078289e-02 -6.27808943e-02 -1.34127112e-02 -5.24603426e-02
  7.65230507e-02  6.90503493e-02 -1.10136382e-01 -2.33398788e-02
 -9.79553014e-02 -3.95660475e-03 -1.04215182e-01 -1.08249448e-01
  2.95549184e-02  6.67115897e-02  1.03965677e-01  3.40754464e-02
 -1.18876792e-01  1.41940549e-01 -1.03386147e-02  1.24248505e-01
 -1.24472268e-01 -2.13393848e-02 -1.88694209e-01 -5.45056909e-02
  1.65734291e-02  1.01556577e-01  1.19656712e-01 -5.05803414e-02
 -3.29973809e-02  5.15783876e-02  4.50613275e-02  5.79387806e-02]