[ 0.05559396  0.01786364 -0.05309048 -0.07839121  0.15434851  0.11716762
 -0.05086263 -0.04915563 -0.00037088 -0.09509701  0.01160263  0.06949621
  0.05745934 -0.0893997  -0.06734098 -0.04113438 -0.1077681   0.03210867
 -0.09241793  0.09620739  0.15881716  0.11223552  0.06716453 -0.00837667
  0.01668921 -0.05272522 -0.01893001 -0.06452752 -0.00327617  0.13018058
  0.01312788 -0.17410146 -0.02417121 -0.00744329  0.13747048 -0.0348331
 -0.03265553  0.01991744  0.06265131 -0.04302295 -0.03460633  0.0547142
 -0.00386906  0.13396047 -0.15743177 -0.09842405  0.03053229  0.0765195
  0.06546258  0.1598458   0.00167387  0.01852787 -0.02699832  0.04900215
  0.05664269 -0.1075039   0.01993565  0.02590703 -0.10942128 -0.15914172
 -0.03487777 -0.05034985  0.16821039  0.04740393 -0.04297639 -0.19958664
  0.00131061  0.10157507  0.02131804 -0.0185928   0.12890247  0.09247164
  0.02769002 -0.12582751 -0.06857856  0.04247315 -0.13286117 -0.06956113
  0.06338428  0.21987268  0.09943677  0.06302617  0.12423977  0.15109046
  0.02385798 -0.05776548  0.0442986   0.13857827  0.10484078  0.01025396
  0.01166314 -0.08883661 -0.07007629  0.08359085 -0.1482446  -0.21571498
 -0.08234266  0.08411736 -0.10855871 -0.09734878  0.11115108  0.09543476
  0.00202467 -0.0213366  -0.06581624  0.01400648 -0.01559572  0.05424653
  0.06635194  0.10199048  0.11600672 -0.01410568 -0.12432303  0.18158451
 -0.07198536  0.13512905 -0.09701306  0.0797895  -0.13610606  0.0533732
 -0.02735716  0.02245583  0.01356098 -0.07298289 -0.04376367  0.00869184
  0.07046477  0.07018777]