[ 9.36931372e-02  2.12045863e-01  7.00497925e-02 -5.17160818e-03
 -3.97995748e-02  1.12100877e-01 -7.58879185e-02 -9.37435329e-02
 -1.20542785e-02 -6.21708594e-02  1.64201394e-01 -1.19562432e-01
 -8.95487145e-03  2.14919429e-02  1.86530594e-02 -3.41968797e-02
 -4.11492810e-02  4.49663494e-03 -4.20955122e-02 -6.17438294e-02
  1.16968438e-01  1.35844171e-01 -3.06865294e-03 -7.18215182e-02
  6.04122840e-02 -7.84665793e-02 -1.28506366e-02  4.43524905e-02
  7.81972855e-02  9.36038643e-02 -2.66265608e-02 -1.74164236e-01
 -2.01993063e-02 -2.64701415e-02  1.11024246e-01  1.74589362e-02
  2.20133155e-03  3.79496887e-02  1.31542698e-01  7.09491447e-02
 -1.22764714e-01  3.05749122e-02 -1.13600016e-01 -2.50751078e-02
 -2.13464387e-02  9.67543572e-02 -1.09217614e-02 -2.19221581e-02
 -9.38213840e-02 -1.22352876e-03  1.57043301e-02  3.16331446e-01
 -4.92439382e-02  8.52491781e-02 -7.92750642e-02 -8.09158310e-02
  8.26570764e-02 -8.76404792e-02 -9.14368927e-02 -4.98277172e-02
 -1.34360194e-02 -4.40126024e-02  9.04451013e-02 -7.54470564e-03
 -6.19702265e-02 -7.66148418e-02  1.00968100e-01  1.25837520e-01
  5.23669124e-02  1.32437080e-01  1.62660897e-01 -7.47513986e-05
 -1.38276129e-03 -1.19695082e-01  6.12041429e-02 -2.20078137e-03
 -1.43639907e-01 -3.55271138e-02 -2.76313834e-02  1.60655290e-01
  5.25773764e-02  5.86905256e-02  9.08816308e-02  5.70347533e-02
  1.97557248e-02  7.54475594e-02 -3.89947630e-02 -6.72420338e-02
 -4.00449410e-02  5.84077686e-02  5.31529309e-03 -1.27922997e-01
 -1.85073502e-02  1.08557336e-01 -1.30167142e-01 -2.48876378e-01
 -1.56980176e-02 -9.62922815e-03  1.78552028e-02 -3.98863032e-02
  6.88436702e-02  1.74601868e-01 -1.50339620e-03 -6.11406052e-03
 -7.95292482e-03  5.54108247e-02  1.05883636e-01  8.08444843e-02
  9.52936411e-02 -2.58585569e-02  7.73795992e-02 -7.68421590e-02
 -9.24147144e-02  9.65623260e-02  3.27763259e-02  9.53500420e-02
 -1.69944301e-01  4.15164083e-02 -2.37898212e-02 -2.90785190e-02
 -2.99593974e-02 -4.29749079e-02 -7.71685550e-03  1.04066990e-02
  1.78352371e-01  4.05713916e-02  2.07768232e-01  8.42598826e-02]