[ 0.09348772  0.21250433  0.17336838  0.0471643  -0.0390541   0.11284874
  0.00128061  0.09133226 -0.03388531 -0.0603096   0.09506287 -0.07654523
 -0.03635586 -0.07724672  0.12139546 -0.08274534 -0.03816984 -0.02526873
 -0.07375772  0.00251936  0.06342559  0.04988823  0.04587309 -0.00060519
  0.1046157  -0.17372097 -0.00281516  0.05875206  0.03720822 -0.002941
 -0.00220644 -0.1360292   0.05066835  0.14364935  0.02704786 -0.04957208
  0.09156995  0.05205601 -0.02300158 -0.03758583  0.00421914 -0.08010128
  0.05033162 -0.02529377 -0.10048556 -0.03172701  0.0549469  -0.05948937
 -0.14698891  0.16930303  0.05690251  0.14092639 -0.10372614  0.09531852
  0.05593589 -0.03473621 -0.04835496 -0.10690763 -0.05682041 -0.1256053
 -0.08891712 -0.09111852 -0.00237928 -0.13166025  0.0147501   0.06910457
  0.03564908 -0.05146488 -0.13695157  0.14182754  0.01747692  0.00951375
 -0.02978011  0.04237458  0.08641846 -0.06666803  0.03905147 -0.01847133
  0.04786987  0.09261256 -0.05869749 -0.05435642  0.0788588  -0.00264462
  0.10752311 -0.00177234 -0.07302434 -0.00233174  0.08877771  0.18185839
  0.07097041 -0.17380802 -0.08253355  0.01759346 -0.0763513  -0.13555846
  0.00346731  0.04733153 -0.01501003 -0.03557196 -0.04559051  0.11348746
  0.02905863  0.01825822 -0.04652103  0.08947386  0.05961912  0.08405061
  0.09493764 -0.11789931  0.02273947  0.05744201 -0.08714214  0.07548927
  0.09856904 -0.07749684  0.05407084 -0.02950063  0.09840196  0.09630561
  0.06274788  0.03380428  0.02977745  0.10675538  0.22806582 -0.06483974
  0.35488194  0.01427076]