[ 0.04092718  0.17178419  0.18899794 -0.01181006 -0.13119617  0.07071603
 -0.04093368  0.17296235 -0.12542738  0.02724451  0.04248181 -0.11980984
  0.01390975  0.01039511  0.16812484 -0.11859534 -0.01865092 -0.09184917
  0.014449    0.02033853 -0.03372987  0.02589735  0.09295101 -0.00534618
  0.00519216 -0.10397908  0.01531736  0.05070242  0.00054714 -0.0908288
 -0.04859963 -0.18158166  0.06764942  0.10631521 -0.01765354  0.00134661
  0.08619068  0.13954496 -0.07957599  0.03606714 -0.07560822 -0.071271
 -0.05729416 -0.09260398 -0.08942605  0.06285156  0.05168004 -0.05528865
 -0.16848555  0.17744385  0.06707774  0.17096286 -0.08727659  0.12020552
  0.05561767 -0.03592657  0.03964925 -0.12683479  0.02443207 -0.11730731
 -0.069677   -0.02609165 -0.07141568 -0.12143025  0.01499609  0.05246657
  0.08116005  0.01702877 -0.08839615  0.13171147  0.03054629 -0.01162937
 -0.03095914  0.07930354  0.13434985 -0.03517876 -0.0053591   0.00396747
  0.12582818  0.07841417 -0.1128526  -0.12739669  0.05309936 -0.02105707
  0.07553385 -0.02049333 -0.05832337 -0.00404478  0.1259928   0.14030753
  0.01395906 -0.10189125  0.05676476  0.01987937 -0.08992343 -0.13185717
  0.07716765  0.05932185 -0.0093554  -0.05811968 -0.0351145   0.17329381
 -0.00202001 -0.00756781 -0.04388907  0.07000132  0.01363041  0.00965127
  0.1015595  -0.12532945  0.02116719  0.08923934 -0.03260265  0.00278237
  0.05522973 -0.0326804   0.05917252 -0.0918785   0.06932082  0.06232703
  0.02236373 -0.03438264  0.02800146  0.08036045  0.20527831 -0.03510467
  0.30287319  0.03112024]