[-0.13930732  0.11031216 -0.12062083 -0.14698413  0.00609392 -0.00213197
  0.016659   -0.00026028  0.06690352  0.08448415  0.02595631  0.00676225
  0.06541646  0.08691692  0.03307442 -0.03020739  0.04581102 -0.05868929
  0.05894511 -0.03854335 -0.05951531 -0.04120351 -0.08850776 -0.06430488
 -0.01996695  0.09476314  0.00862043  0.02099192  0.14370164  0.03334847
  0.07717603  0.00539152  0.14180583 -0.08464054 -0.01396857  0.03483676
  0.11325902  0.10210948  0.08751703  0.02238763  0.05601859  0.01357766
  0.0321859  -0.02027677  0.000606   -0.02520785  0.0330699  -0.03654673
 -0.05597105 -0.22422317 -0.2554566  -0.07356311  0.0693824  -0.01462964
 -0.07030864  0.15227421 -0.1243939   0.14831202 -0.18620753 -0.00259947
 -0.14469314 -0.01063706  0.15243869 -0.09336973  0.04987187  0.25018767
  0.01556797  0.02788795 -0.03041029 -0.23754017  0.01465014 -0.08785949
 -0.06989489 -0.04391439  0.18354796  0.08336808 -0.03161449 -0.05275225
  0.01876502 -0.14656335 -0.10001954  0.06671031 -0.00261428  0.07879963
 -0.00908529  0.05331246  0.02864851  0.00554857  0.06689171 -0.04336667
  0.02269399 -0.1101434   0.06376222  0.07478883  0.1207815  -0.05402672
 -0.06612113 -0.01553875 -0.01495755  0.08725349 -0.09290545 -0.13987534
 -0.04441024 -0.01540707 -0.15083499  0.18600988  0.03548001 -0.06836084
 -0.05042052 -0.08659815  0.02583899 -0.0756956  -0.0098936   0.01266219
 -0.00057579 -0.02880468 -0.15780194 -0.01495062  0.07844498 -0.02463739
  0.04237287 -0.11994191 -0.06151998  0.00576572 -0.0602052   0.10536515
 -0.15468712 -0.02876832]