[-0.00751221  0.0705534   0.05124949 -0.07523049  0.02334175  0.00134237
  0.09145763  0.04964645  0.06186802  0.03411832  0.10041384 -0.11781494
  0.07282557  0.08577987  0.19164038 -0.02805369  0.09207711 -0.06342281
 -0.04921289 -0.0142416   0.01106343 -0.02764641 -0.0730288  -0.01446517
  0.0366297   0.00407305 -0.09775055  0.01635378  0.16434507 -0.04745919
  0.15761289 -0.0193286   0.02917316 -0.0165931   0.07374956  0.07698876
  0.07018021  0.1833595   0.0520415  -0.08907562  0.04365888  0.05228373
 -0.06127314 -0.00162175  0.00958304  0.03415975 -0.07394142  0.05251541
 -0.07421483 -0.21242389 -0.27274141 -0.01455064  0.0132635  -0.08325659
 -0.05414746  0.04166502 -0.22955163  0.1394963  -0.14700541 -0.03272394
 -0.16721053 -0.053376    0.07909776 -0.0789328   0.05054379  0.25298241
  0.03935751  0.09250032 -0.05215051 -0.15006098  0.08314202 -0.03063175
 -0.03021323 -0.09408121  0.07906397 -0.03916958 -0.03010268 -0.01989766
  0.08830567 -0.02324475 -0.05298181 -0.00807704 -0.05878263 -0.07424899
  0.02482866 -0.05926236  0.02762405  0.02760529  0.04080386  0.02544884
  0.13506672 -0.07464176  0.0189539   0.0377035   0.04143441 -0.068904
 -0.01754737 -0.08713601 -0.05124004  0.03434411 -0.07378738 -0.06242271
 -0.04791105 -0.08620667 -0.14360704  0.17272426  0.07536846 -0.06310848
  0.20133603 -0.1087451   0.03224664  0.01911388 -0.11469063  0.05511729
  0.14787295 -0.01018631 -0.17445065 -0.03252485  0.00827518  0.00472661
 -0.02848571 -0.04195712 -0.0579969   0.18546858  0.05540866  0.02241647
  0.0092817  -0.08402456]