[-6.39130175e-02  6.32888079e-02 -7.23187402e-02 -1.01476267e-01
  9.57415104e-02 -4.67155352e-02  1.24580882e-01 -2.28737537e-02
 -1.63491946e-02  1.22281618e-01  2.22911388e-02  1.51752699e-02
  7.36910403e-02  1.37291849e-01  1.80677980e-01 -7.68848434e-02
  6.65213391e-02 -1.05490476e-01  8.23528916e-02  1.86543185e-02
 -1.46450773e-01 -1.15630392e-03 -1.14401229e-01 -7.56755546e-02
  3.01577505e-02  9.44583118e-02 -2.55668759e-02  5.17304800e-02
  1.27870113e-01  6.13037199e-02  1.29705323e-02  7.01549351e-02
  9.73968729e-02 -4.50754128e-02  4.51348629e-03  5.79496212e-02
  1.28982514e-01  4.63040099e-02  3.92568484e-02 -7.84759298e-02
  1.49258226e-01 -3.16928513e-02  9.44944322e-02  3.21483798e-02
 -1.31854117e-01  1.28528610e-01  1.53218322e-02  2.56081335e-02
 -1.38869528e-02 -2.29623213e-01 -1.92634910e-01 -5.40354699e-02
  1.28516639e-02 -5.08631356e-02  5.89840598e-02  9.88409594e-02
 -2.40572244e-01  1.37643248e-01 -1.23586051e-01  7.23083541e-02
 -1.54259488e-01 -8.72112140e-02  6.57851845e-02 -4.72238548e-02
  8.56963247e-02  2.56137282e-01 -1.54723832e-02  3.16341110e-02
 -1.49949584e-02 -2.22684592e-01  3.32312733e-02 -1.04081295e-02
 -1.56094879e-02 -6.36404082e-02  1.58205494e-01  9.70059708e-02
  5.74962609e-03 -8.70862696e-03  5.23115471e-02 -1.12840675e-01
 -3.14621069e-03  1.23991519e-02 -1.05616227e-02  5.97337000e-02
  4.74883243e-02 -4.90179136e-02  5.69812655e-02  3.52646187e-02
  5.36500514e-02  5.68506792e-02  5.96786998e-02 -6.02983236e-02
  3.42841377e-03  1.67961307e-02 -1.92031059e-02 -7.98446462e-02
 -4.57216240e-03 -7.83633292e-02  9.09095928e-02 -1.65704321e-02
 -9.85159948e-02 -3.77760865e-02  7.99588338e-02 -8.34222510e-02
 -2.41511360e-01  1.59945890e-01 -2.16647889e-03  2.59045586e-02
  4.63954285e-02 -2.90514007e-02  1.01506405e-01 -4.94476333e-02
 -9.34645087e-02  1.81599404e-03  2.41845792e-05 -8.80878419e-02
 -8.57377052e-02 -5.37256263e-02 -7.11351028e-03  9.01539251e-03
  6.38685822e-02 -8.13122690e-02 -4.29828353e-02  1.19717099e-01
 -2.74877250e-02  5.49533218e-02 -5.55955581e-02 -4.75940816e-02]