[-1.28999710e-01  7.04468414e-02 -1.68707594e-02 -9.16335583e-02
  7.70358816e-02 -7.87144303e-02  6.26973361e-02  1.26338229e-02
 -4.09018219e-04  5.30627519e-02 -2.34212479e-04  4.85436730e-02
  5.34213800e-03  9.99476761e-02  1.22219130e-01 -4.18061689e-02
  7.34874979e-02 -8.56324360e-02  1.37435079e-01 -2.79459730e-02
 -7.54878893e-02  1.67704001e-02 -9.48827043e-02 -7.90024996e-02
  6.04007281e-02  1.30809650e-01  2.64370702e-02  3.82009186e-02
  1.77124187e-01  4.77205142e-02  5.76394275e-02  4.46534641e-02
  1.67590111e-01 -5.48681244e-02 -1.01908557e-02  1.21272728e-02
  1.44909576e-01  4.86215875e-02  7.74198100e-02 -2.42982451e-02
  1.64879516e-01  2.52445927e-03  1.33683041e-01  1.60199925e-02
 -9.43821892e-02  5.20749763e-02  7.65184611e-02 -1.14052407e-01
 -1.04016699e-02 -2.63184160e-01 -1.99582323e-01 -5.15520945e-02
  4.52204272e-02 -1.82688851e-02  2.44204588e-02  1.38590708e-01
 -1.30563051e-01  1.16543099e-01 -1.76337570e-01  6.35319352e-02
 -1.41544387e-01 -1.09836020e-01  5.26250973e-02 -4.54963706e-02
  1.11981027e-01  2.17054546e-01 -8.93119257e-03 -6.64555728e-02
 -3.07806511e-03 -1.85498700e-01 -1.64273586e-02 -3.47328521e-02
 -6.26135468e-02 -1.93369668e-02  1.98979661e-01  7.46158436e-02
  5.68458717e-03  2.71595567e-02 -6.58377586e-03 -1.46570981e-01
 -9.29631665e-02  9.49813575e-02  6.16721772e-02  1.26778990e-01
  8.20375681e-02 -3.24678980e-02  6.48985058e-02  6.27985969e-02
  3.06532811e-03 -2.34943032e-02  3.66449729e-02 -3.67886759e-02
 -3.39601599e-02  3.12688947e-02  9.59335715e-02 -5.63202389e-02
 -2.63135694e-02  2.38444805e-02  3.69184278e-02  3.57670859e-02
 -1.81457326e-01 -1.06043197e-01  5.01511097e-02  3.56594939e-03
 -1.77637354e-01  1.50097892e-01  5.43496720e-02 -3.42354598e-03
  3.38691622e-02 -1.03166714e-01  1.26677426e-02 -1.00381128e-01
 -9.15756077e-02 -4.14932147e-03  2.54073888e-02 -9.26932991e-02
 -4.50265557e-02 -1.13614172e-01  4.54923064e-02  1.89225022e-02
  8.63773450e-02 -1.63587481e-02 -7.42192492e-02  2.35267263e-02
 -4.90804799e-02  7.53444657e-02 -5.11177480e-02  7.22896168e-03]