[-1.23025708e-01  1.68331727e-01 -3.67019698e-02 -1.14024103e-01
  5.37228547e-02 -8.40619802e-02  8.14953223e-02 -5.79612851e-02
  1.20007806e-01 -1.04026310e-03  1.08105782e-03  3.36785428e-02
  4.07157280e-03  8.34954157e-02  1.07343774e-02 -8.41732100e-02
  3.16815004e-02 -4.42045927e-02  3.32469324e-04 -1.17180469e-02
 -4.69688736e-02  2.81157754e-02 -1.23127297e-01 -7.08830059e-02
  5.23236740e-05  3.75183783e-02 -2.75243819e-02  1.00808553e-01
  1.92720726e-01  1.11726590e-01  4.47275750e-02  4.91905119e-03
  1.60389721e-01 -7.45306388e-02  4.14112397e-02 -2.64699701e-02
  1.39418036e-01  1.14381656e-01  5.15209325e-02 -2.78462153e-02
  9.06876698e-02  3.99334058e-02  1.03092030e-01  2.17957553e-02
 -4.08455804e-02  4.24054861e-02  2.41102576e-02 -5.15722781e-02
 -1.15679773e-02 -1.92658886e-01 -2.53035188e-01  1.25089213e-02
  5.27212173e-02 -1.27084479e-02 -5.35856374e-03  1.11527137e-01
 -1.74674317e-01  1.32358506e-01 -2.31329560e-01  9.73684248e-03
 -1.37085468e-01 -6.13267645e-02  1.26603276e-01 -1.96047816e-02
  4.26244959e-02  1.84098452e-01  2.68592662e-03 -6.40811473e-02
 -8.39022174e-02 -2.02653781e-01  5.91208376e-02 -1.20838664e-01
 -2.33731866e-02 -1.17223905e-02  1.57510549e-01  9.07732919e-02
 -7.09153619e-03 -7.17581585e-02  1.77112129e-02 -1.48202524e-01
 -5.46273254e-02  1.13716155e-01  1.33009190e-02  1.32036462e-01
  9.31982100e-02 -2.75140125e-02 -4.82763024e-03  2.93211192e-02
  4.96918224e-02  3.07522397e-02  4.72302586e-02 -1.43274322e-01
  1.56698506e-02  3.52098234e-02  1.11231029e-01 -1.08823195e-01
 -6.77997470e-02 -1.51555752e-02  2.09338013e-02  5.47364987e-02
 -9.97577608e-02 -6.76353276e-02  1.74666159e-02  1.28365878e-03
 -1.99017614e-01  1.62559241e-01  7.56637752e-02  2.47149752e-03
  4.09081280e-02 -7.29043335e-02  8.74572098e-02 -1.14404052e-01
 -1.19277745e-01  9.41708013e-02 -3.21345851e-02 -5.26197813e-02
 -8.47442076e-02 -2.56190393e-02  6.97873458e-02  5.28502464e-03
  3.66571732e-02 -2.09445879e-02 -9.55518112e-02  1.65235829e-02
 -2.37619616e-02  6.32615089e-02 -5.32189123e-02 -6.13236055e-02]