[-0.04774758  0.17960908  0.0428834  -0.10961954  0.06037347 -0.0422047
  0.09427096 -0.05974297 -0.07176393  0.05451383  0.05462028 -0.01330661
  0.03688562  0.14461608  0.15347019 -0.00464529  0.11128569 -0.04911667
  0.02446411 -0.04770263 -0.06278373  0.10124076 -0.10580577 -0.03373461
  0.04158947  0.05236291 -0.02696064  0.14539385  0.26322049  0.09825966
  0.03495923  0.0717069   0.05348183 -0.02889662  0.00583784  0.0241847
  0.06694925  0.05651645  0.10782235  0.04425076  0.03817335  0.04384847
  0.08332823 -0.01723907 -0.01957947  0.12060647  0.03177772 -0.02228571
 -0.09489645 -0.22828816 -0.1255639   0.07344121 -0.02744154 -0.0706792
 -0.06115563  0.0941308  -0.1816843   0.21087162 -0.16486745  0.12402785
 -0.15466617 -0.02720192  0.08193175 -0.05106468  0.07119419  0.20026876
 -0.00745565 -0.0380286  -0.13635118 -0.10900059  0.05238917 -0.0335764
 -0.02522262  0.02149805  0.1385206   0.0311828   0.03229042 -0.05261344
  0.01266876 -0.12135826  0.04002039  0.04565553  0.00736469  0.03622682
  0.0260686  -0.07439514 -0.00581166 -0.05664284 -0.04276053  0.06564146
  0.06354973 -0.07279232 -0.03565796  0.10179327  0.12344383 -0.02643572
 -0.01604521 -0.0241819   0.03447147  0.05206078 -0.14938432 -0.00345925
 -0.00802554  0.06219489 -0.20922743  0.18273756  0.04095917  0.00369278
  0.15131733 -0.14473422  0.08470612 -0.04210823 -0.11784145  0.09978823
  0.03726044 -0.05367597 -0.06389789 -0.00416899  0.04507466  0.05871053
  0.02843628 -0.07330704 -0.07349928  0.05180687 -0.00681608  0.07924036
 -0.03764798 -0.1121509 ]