[-1.30008101e-01  7.97050148e-02 -3.79635319e-02 -1.23912334e-01
  8.21098611e-02 -2.55958065e-02  8.13702941e-02  2.32695173e-02
  3.48764732e-02  5.12300692e-02 -1.41226267e-02  4.34529558e-02
  4.11791308e-03  9.61585566e-02  9.45471600e-02 -6.08351789e-02
  3.85844558e-02 -7.88587853e-02  8.78151059e-02 -2.32247487e-02
 -8.54332671e-02  8.27646162e-03 -1.13627851e-01 -5.03593534e-02
  2.30385195e-02  9.48385894e-02  7.11425347e-03  7.22471327e-02
  1.62755638e-01  1.85068864e-02  6.59829527e-02  8.02192371e-03
  1.12144046e-01 -4.19081450e-02 -2.60318909e-03  5.00942469e-02
  1.32845551e-01  3.48537117e-02  4.39301506e-02 -2.42191777e-02
  1.56890318e-01  2.10341364e-02  1.36069536e-01  9.04258434e-03
 -7.23418966e-02  3.50706768e-03  6.18018955e-02 -4.60239984e-02
 -8.45033862e-03 -1.84747964e-01 -2.43489206e-01 -7.51012340e-02
  1.48378154e-02 -1.22171212e-02  5.46247959e-02  1.44723490e-01
 -1.80902153e-01  1.71006382e-01 -1.89055473e-01  2.66548563e-02
 -1.62300572e-01 -4.69074100e-02  1.23694502e-01 -8.59452933e-02
  8.33119601e-02  2.49650210e-01 -1.04082432e-02 -5.82769476e-02
 -4.50607054e-02 -1.53899536e-01  3.29770410e-05 -6.10833382e-03
 -3.80309224e-02  3.14863957e-02  1.78652957e-01  6.95067868e-02
  2.63418816e-02  1.35969175e-02  2.76635829e-02 -2.11523548e-01
 -6.38728663e-02  1.12363406e-01  3.78047042e-02  9.43485796e-02
  4.73599806e-02 -3.27379704e-02  4.79094572e-02  9.20997038e-02
  7.31672645e-02  1.77844614e-02  9.75159705e-02 -6.93822131e-02
 -6.24765118e-04  1.19781271e-02  1.39190614e-01 -4.27517667e-02
 -3.56271639e-02  6.16053632e-03  2.05464792e-02  5.88664971e-02
 -1.66527167e-01 -1.20153867e-01  1.96711384e-02 -4.48733754e-02
 -1.99628502e-01  1.99364021e-01  1.51964668e-02 -6.45572916e-02
 -5.65427914e-03 -6.80434033e-02  5.25688194e-02 -5.56602925e-02
 -5.09066433e-02  2.21358854e-02  3.34826075e-02 -8.29655081e-02
 -8.83093453e-04 -7.00734854e-02  6.35697544e-02  1.82470884e-02
  9.59782079e-02 -5.04014418e-02 -1.83360595e-02  3.46642509e-02
 -1.02033474e-01  8.31300169e-02 -6.35888427e-02 -2.69137789e-02]