[-6.99146464e-02  4.67366725e-03 -6.08257316e-02 -1.44550264e-01
  2.71887593e-02  5.21825254e-02 -8.99692848e-02  2.78046746e-02
 -2.68183369e-02  1.26644105e-01  6.15924671e-02  6.42569438e-02
  1.23002436e-02  1.18451625e-01  1.08558483e-01 -2.87293196e-02
 -1.30021321e-02 -3.30451280e-02  1.47315368e-01  2.81613786e-03
 -1.21104255e-01  1.22009560e-01  1.11978628e-01 -6.39618486e-02
 -7.39656240e-02  1.50750145e-01  2.15588346e-01  1.48651721e-02
 -1.13342404e-02 -5.47581203e-02 -4.72190827e-02 -1.03858240e-01
  1.61041483e-01  2.62353867e-02  4.73325839e-03  1.31112292e-01
  1.67192638e-01  8.56973231e-02  1.02356756e-02  1.15973920e-01
  1.64960902e-02  1.23197399e-02 -1.25217708e-02 -5.17232530e-03
 -2.22471699e-01 -1.61362998e-03  6.73676580e-02 -6.87848544e-04
  4.22915109e-02  8.19576606e-02 -1.94309410e-04  3.25010605e-02
 -1.41939312e-01  1.33085772e-01  1.15743406e-01  6.13562688e-02
  7.23858476e-02 -6.57102140e-03 -1.22118048e-01  5.59067875e-02
 -1.56472594e-01 -1.41699657e-01  1.09594151e-01 -1.05449587e-01
  1.26251757e-01 -5.52858114e-02 -1.96770877e-02  1.12903975e-01
  8.56294632e-02  1.83277667e-01  1.72571577e-02  5.90272583e-02
 -3.97835933e-02  3.70135121e-02  1.45994902e-01  1.39128314e-02
 -4.20856178e-02  1.39000639e-01 -3.24353692e-03 -1.80003643e-01
 -3.70194763e-02  6.50672987e-02  1.14266299e-01  1.10181436e-01
 -5.30945137e-02 -4.92613986e-02  7.13523775e-02  1.25558063e-01
  1.06314808e-01  4.13891971e-02 -3.60440230e-03 -5.88434562e-02
  3.74412462e-02  9.63662565e-03  6.27827942e-02 -1.26880452e-01
 -2.87753567e-02  8.40384662e-02  3.72580364e-02 -2.30582468e-02
 -7.60834739e-02  1.99992098e-02 -1.34894787e-03 -7.19777197e-02
  3.67450193e-02  3.81446481e-02 -6.19252138e-02 -1.47389382e-01
 -3.05490810e-02 -2.75763068e-02 -5.30354790e-02  3.34375277e-02
  1.15561970e-01  5.47928698e-02  1.77717954e-02 -4.20123227e-02
  1.39871448e-01 -1.44893348e-01 -3.41142016e-03  5.44563942e-02
  1.70115411e-01 -6.10064641e-02  8.89107212e-02  1.91428401e-02
 -3.73700820e-02  3.78975421e-02  8.54199827e-02  1.60123885e-01]