[-0.01863126 -0.01428955  0.04482156 -0.0935768  -0.0298461   0.05999739
 -0.077218   -0.05385346 -0.04377447 -0.08578201  0.07760733 -0.10964219
 -0.01387296  0.11518646  0.16477074 -0.00567225 -0.07255658 -0.02088271
  0.11751914 -0.15901551  0.038982    0.16839111 -0.06486617 -0.12602554
  0.05935302  0.11330418  0.05448673 -0.06453177 -0.02225487  0.01657639
  0.06523217 -0.14775373  0.04028514 -0.07159171  0.14943086  0.14344443
 -0.00373177 -0.10160678  0.08994114  0.02457979 -0.00559322  0.04849899
 -0.01122071  0.16094251 -0.00915863  0.14575581  0.05514609 -0.0744179
 -0.1208192  -0.20559336 -0.12486826 -0.08970024  0.06555822  0.00283869
 -0.06000593  0.08829047 -0.09412781  0.08502579 -0.03837812  0.03872127
 -0.02167151 -0.03457109  0.06145461  0.0769752   0.08648619  0.0280964
  0.0421937   0.07141689  0.16306895  0.01738456  0.1149269  -0.04517008
  0.01522082 -0.27319914  0.02006928 -0.00065005 -0.21355799 -0.05505322
 -0.07980818  0.01623065  0.08444133  0.06602612 -0.04537986 -0.01950462
 -0.12415642  0.04443306  0.05926737 -0.12146414 -0.16828358  0.04043829
  0.0652379  -0.0094428  -0.08500032 -0.02970683 -0.05677142  0.04676919
 -0.0489965   0.00175777  0.04440137  0.05420866 -0.09505609  0.04307382
  0.05298901 -0.20820098 -0.09051495  0.0609079   0.00407007 -0.02580102
 -0.07255555 -0.0304629   0.08895813 -0.16913871 -0.08894753 -0.11528707
  0.04519962  0.05268289 -0.1084222  -0.09725564 -0.03591804 -0.11408288
  0.0897905  -0.09899271  0.00363739  0.03693557  0.09320257  0.00948013
  0.08208597  0.08617026]