[-2.77064927e-02  3.87112685e-02  3.49524021e-02 -1.47955358e-01
 -7.70251080e-02  4.81483079e-02 -1.11784652e-01 -5.80319553e-04
 -3.40946727e-02  1.56208798e-02  1.02958851e-01 -1.08303219e-01
  8.85557197e-03  1.09230682e-01  1.11848667e-01 -1.62463803e-02
 -4.35159691e-02 -3.69767100e-02  9.67549756e-02 -1.78397298e-01
  1.87503882e-02  1.66284740e-01 -7.57823661e-02 -1.19026326e-01
  2.19016224e-02  1.08733550e-01  1.22265376e-01  4.35304316e-03
 -1.38443410e-02  9.85983107e-03  3.46468296e-03 -1.98269054e-01
  2.84224357e-02 -7.70202428e-02  6.14424124e-02  9.05173495e-02
 -6.13371958e-05 -7.57369623e-02  1.44225568e-01  1.57984778e-01
 -5.75675927e-02  3.23565789e-02 -9.94003564e-02  5.62350899e-02
  5.47598377e-02  1.35421500e-01 -2.36746930e-02 -8.03225785e-02
 -8.62665027e-02 -2.05874175e-01 -3.12898643e-02  7.03664422e-02
 -5.12426626e-03  3.31738703e-02 -1.32126719e-01  6.89604208e-02
  5.18076029e-03  1.10711437e-02 -7.43926093e-02  7.74431303e-02
  2.75179036e-02 -6.18285276e-02  1.66341756e-02  9.61604863e-02
 -2.24825065e-03 -6.11907132e-02  7.22493008e-02  1.73403680e-01
  2.05312625e-01  3.06953564e-02  1.42666310e-01 -4.49473970e-02
 -1.86131373e-02 -2.62521327e-01  6.94512129e-02  6.51919693e-02
 -2.12934226e-01  4.90306038e-03 -7.46157095e-02  4.79417816e-02
  1.51682021e-02  4.33760956e-02  6.03912435e-02  7.95641020e-02
 -1.33827239e-01  8.81605893e-02  1.02330498e-01 -1.06849477e-01
 -1.18655570e-01 -2.74201240e-02 -7.52744526e-02 -4.59557399e-02
  1.38543798e-02  8.05528015e-02 -9.73274559e-02 -5.57504185e-02
 -3.97168063e-02 -9.19113308e-02  3.90509143e-02  3.43197584e-02
 -4.18749750e-02  7.26717040e-02 -2.39391886e-02 -9.30526778e-02
  5.91510907e-03  3.20686772e-03 -1.15092117e-02 -2.11043339e-02
 -1.08793899e-01 -6.32574186e-02  5.44262156e-02 -1.76633090e-01
 -6.69782460e-02 -3.40619162e-02  4.69585322e-03  8.06798637e-02
 -1.83412716e-01 -4.57226075e-02 -5.60105667e-02 -1.17610276e-01
  4.70923372e-02 -1.02337874e-01 -4.38400693e-02  1.96058798e-04
  1.29041448e-01  3.37182619e-02  2.61783577e-03  1.03744999e-01]