[-0.07984249  0.02005123  0.07922979 -0.10934664  0.07905734  0.11948885
 -0.00135924  0.13830574  0.08317988  0.00558175  0.01120774 -0.02093352
 -0.08856746 -0.08832865  0.12117634 -0.11558034 -0.11085797 -0.01809271
  0.04318802 -0.12457183  0.06125484  0.04813413 -0.04207985 -0.15987094
  0.10904164 -0.01312821  0.01802499 -0.03320518 -0.02416077 -0.10713222
  0.16504411 -0.22702752  0.02276835 -0.00706851  0.12490918  0.06098397
  0.02543227 -0.07784077  0.04857166 -0.0234636   0.1465904   0.00300608
 -0.02331254  0.10975517 -0.08976521 -0.03060975 -0.03954988 -0.05212316
 -0.01257485 -0.06970214 -0.1570816   0.03296663 -0.08465963 -0.00294829
 -0.00287543  0.05008377 -0.08524553 -0.03102375 -0.20337516 -0.02955877
 -0.05087601 -0.12543631  0.05306978 -0.01449754  0.1112017  -0.05494438
  0.00436281  0.11410671  0.10160988  0.14361946  0.13535728  0.12187728
 -0.02808561 -0.14814872 -0.01560495  0.04047504 -0.13987586  0.09529676
 -0.00808636 -0.03371808 -0.1815154   0.0937381   0.13902058  0.17876633
 -0.03690591 -0.04879829  0.15226439  0.15982182  0.07030921 -0.01473619
  0.04342971 -0.04760658 -0.04734916 -0.01506408 -0.02718449 -0.1414701
 -0.02105521 -0.04604483 -0.12737006  0.03118458 -0.07802376 -0.01483455
 -0.04125124 -0.18139255  0.02630147  0.05805264  0.0257497  -0.03998229
 -0.01157108  0.01110431 -0.00420898 -0.10171657 -0.10088378  0.02829743
  0.14675537 -0.02150428 -0.03015156 -0.10359486  0.04375455  0.03620981
  0.11652022  0.03528036 -0.01255553  0.0794348   0.10456101 -0.04654573
  0.16659337  0.12082698]