[ 8.57088435e-03  2.00229771e-02 -6.99822232e-03 -1.65837824e-01
 -9.41528901e-02  1.12561449e-01 -1.12268709e-01  5.81864640e-02
 -2.91377492e-02 -4.61741630e-03  4.34321910e-02 -1.41422793e-01
  1.99572928e-02  4.16029282e-02  1.61947787e-01 -9.01859552e-02
 -2.82974839e-02 -1.86948970e-01  1.23797208e-01 -1.09994106e-01
 -4.73307818e-02  7.39805326e-02 -3.52745689e-02 -4.92397211e-02
  5.56847267e-03  8.74802172e-02  1.06122471e-01 -6.63396120e-02
 -4.78510149e-02 -1.06441922e-01  1.25124946e-01 -2.48239458e-01
 -3.40385698e-02 -2.81450339e-02  5.13860844e-02  1.50312915e-01
  1.52198151e-02  4.85678855e-03  8.87894407e-02  9.92389768e-02
 -5.16320430e-02 -1.32998163e-02 -1.87970445e-01  2.44659670e-02
  8.14771801e-02  1.62970796e-01 -4.42533307e-02  4.20575812e-02
 -1.20850034e-01 -1.04626007e-01 -1.61184520e-01  3.76053788e-02
  6.85189590e-02 -3.14089172e-02 -9.59601924e-02  3.84324789e-02
 -8.74761939e-02  1.02389544e-01 -7.54369795e-02  1.88952297e-04
 -1.82378348e-02  3.03085353e-02  8.30359161e-02 -4.05927598e-02
  1.41934464e-02 -4.84109577e-03  1.14839345e-01  2.10775480e-01
  1.45502478e-01 -3.96868913e-03  7.12660253e-02 -2.08576769e-02
 -1.01260386e-01 -1.93983704e-01  7.10792169e-02  6.30055415e-03
 -1.47320494e-01  1.79254487e-02  5.84531389e-02  1.47110894e-01
 -6.72214404e-02 -5.34822568e-02 -1.35068009e-02 -3.05899456e-02
 -1.19022839e-01 -1.61727443e-02  7.76131973e-02 -6.47510663e-02
 -2.67000217e-02 -2.10161842e-02  4.83716093e-02 -2.69168112e-02
  1.15704603e-01  1.02482319e-01 -5.84810786e-02 -4.02077958e-02
  5.16072698e-02 -1.36850402e-01  6.88614557e-03 -1.62142310e-02
 -4.65948060e-02  3.54099199e-02 -1.42288625e-01 -1.39122859e-01
 -7.90790990e-02  5.25396727e-02 -3.27295288e-02 -8.83558616e-02
 -1.04489125e-01 -8.65085144e-03  1.27790496e-01 -4.75532413e-02
 -2.84404568e-02 -4.83733341e-02  4.96708564e-02  1.04248926e-01
 -2.13454455e-01 -6.99747130e-02 -2.18215697e-02 -5.03552742e-02
  1.52234854e-02 -1.11407198e-01 -2.00967528e-02  9.16927904e-02
  8.88403505e-02  7.79161556e-03 -9.91305336e-03  6.63087610e-03]