[-0.04876639  0.1347118   0.12337393 -0.01912591 -0.0027745   0.03366081
 -0.02515374  0.08265869 -0.16608489  0.0481797   0.03365478 -0.06419191
 -0.0073754   0.08369292  0.14593755 -0.02829732  0.18822177  0.01709254
  0.1039099   0.0316144  -0.04158502  0.0527129   0.04356838  0.04651594
 -0.036323   -0.01936544 -0.01320591  0.01432856  0.12746233 -0.07197391
  0.02774128 -0.03791152  0.07350693  0.0336438   0.02982922  0.14292613
  0.08772945  0.08156446 -0.10081253  0.0482916  -0.02789876  0.07693075
 -0.03022308 -0.07818334 -0.06439334  0.19806568  0.13874654 -0.07256903
 -0.20056695 -0.0515968  -0.04508149  0.08128589 -0.08107882 -0.01747245
 -0.00368213  0.10131855 -0.00306042  0.04359269 -0.00872813  0.06062682
 -0.09572552  0.0419664  -0.00679307 -0.23334931  0.21210714 -0.02345512
  0.05432638 -0.0572518  -0.12096272  0.19243152  0.02449321 -0.01928761
 -0.05115016  0.01447095  0.07952774  0.00985777  0.02458174  0.19550475
  0.03372898 -0.21463202 -0.18011875  0.05091924 -0.07450642 -0.0329347
 -0.00438702 -0.02475919 -0.04579513 -0.03607064 -0.0606374   0.09224517
  0.07384996 -0.01365627  0.03469345 -0.00504572  0.1740161   0.00716323
  0.10194868  0.07491238 -0.03275657  0.0477755  -0.14055762  0.09566801
 -0.07288693  0.0179648  -0.0737581   0.13051683  0.05172809 -0.11926472
  0.08516423 -0.11894146 -0.08681478  0.00195151  0.03537916 -0.03396239
  0.09563294 -0.0500078   0.03077114 -0.23117638  0.0436641   0.09556082
 -0.01135728 -0.04160775 -0.01433704  0.09362995  0.07629386  0.08704726
  0.07761007 -0.07976374]