[-0.01085906  0.01372716  0.12837745 -0.04862322  0.13766766  0.1343012
 -0.04809736  0.04962084 -0.07380331  0.03896736 -0.04512998  0.0239177
 -0.00616189  0.0672789   0.23429886 -0.01959427  0.15892306  0.0213649
  0.071141    0.02566726  0.00981427  0.10518861  0.13244043  0.11445489
  0.03607919 -0.06662386 -0.00940826 -0.03368581  0.05562001 -0.05027607
  0.1370815  -0.02093441  0.07390486  0.09817063  0.07556777  0.14391808
  0.09080613  0.02127852 -0.07241538 -0.03458675  0.0223842   0.06023072
 -0.01117019 -0.09017605 -0.12205008  0.05491218  0.05181123  0.04299529
 -0.03653947  0.06683917  0.00931138 -0.01638622 -0.00709849 -0.05971082
  0.06984658  0.08060507  0.00536617  0.07658232 -0.06560194  0.01338924
 -0.12206683  0.03012876 -0.02096597 -0.2495224   0.20403507 -0.03178024
 -0.03826793  0.03676303 -0.17277107  0.24841905 -0.00425724  0.08515465
 -0.12986641 -0.04636215 -0.00961201  0.02520576  0.04487629  0.11853147
  0.08385795 -0.11018147 -0.09507898  0.06083689  0.00630441  0.01371016
  0.06115367 -0.17207776 -0.01065313  0.09399041 -0.0147789   0.14356688
  0.09277596  0.01911817  0.01041739  0.07413703  0.11396747  0.04020769
  0.01414274  0.08920367 -0.07980474  0.02105845  0.00159529  0.02208551
 -0.11888868 -0.0547643  -0.05123549  0.06910046 -0.03436303 -0.255063
  0.10037128 -0.02174809 -0.06790344  0.08340899  0.05295967  0.01731478
  0.12664877 -0.01029658  0.05953898 -0.13695998 -0.0472913   0.22740266
  0.09221017 -0.0083997   0.01177708  0.05543831 -0.01769516  0.07039604
  0.12316584 -0.04972674]