[-0.05107554  0.12220859  0.13178879  0.06237686  0.03425578  0.09302921
 -0.04564838  0.01379416 -0.09406285 -0.01371802  0.00213169 -0.11952385
 -0.06932315 -0.02293797  0.14172882 -0.05243251  0.10401204  0.08349267
  0.07452483  0.04242741 -0.03425514 -0.00891904  0.09400753  0.020795
  0.04501454 -0.08902632 -0.11503432 -0.03501341  0.13042894 -0.14804859
  0.17397024 -0.02111758  0.0188816  -0.01615646  0.11767507  0.12896632
  0.02932489  0.04175545 -0.06482163 -0.08171986  0.04542757  0.04865038
 -0.07974899 -0.069403   -0.10104313  0.09629321  0.07903486  0.02112832
 -0.15101597 -0.0382241  -0.14953431  0.08152501  0.06314186 -0.0923406
 -0.07501747  0.04509837  0.03542801  0.00311515 -0.00875972 -0.03384873
 -0.13777758  0.1358684   0.035893   -0.18324892  0.1523525   0.09864797
  0.05766798 -0.10725291 -0.1480083   0.16105902  0.00396511  0.00649206
 -0.02275461  0.05256381  0.03635459 -0.08591186 -0.03007639  0.08510342
  0.04281348 -0.11708025 -0.15309295  0.06574539 -0.09257178 -0.06339622
  0.08846924 -0.01684843 -0.10909638  0.03791931 -0.06939385  0.06501881
  0.19028565  0.0865083   0.03674205 -0.026791    0.15238169 -0.05177929
  0.05014179  0.14016005 -0.10396988  0.01191007 -0.07377841  0.02772908
 -0.03908102 -0.07687773 -0.02364838  0.16911963  0.17816693 -0.11399272
  0.21671389  0.00168003 -0.04919616  0.04346053  0.05231075 -0.04330617
  0.09387918 -0.08498698 -0.01741686 -0.1417747   0.10134934  0.0714721
 -0.00524125 -0.06366988 -0.04765728  0.04161152  0.01697611  0.07461721
  0.12438112 -0.04053929]