[-0.00125286  0.01746024  0.16191618 -0.09084003  0.09552447  0.08137512
 -0.06421628  0.05681521 -0.13934094  0.0137091  -0.02206253 -0.10017202
 -0.00090023  0.08962227  0.21127599  0.02062339  0.09741409  0.07868701
  0.06045508  0.02284844  0.04678828  0.11726296  0.14334428 -0.0351194
 -0.01177677 -0.05968788 -0.06079143 -0.00717959  0.07790823 -0.09201188
  0.06967715 -0.13374503  0.06334889  0.00977813  0.18057644  0.14284912
  0.01704537  0.04223849 -0.05872323 -0.09650163 -0.10351961  0.11861893
 -0.02932718 -0.02441698 -0.09124245  0.15706249  0.03701915  0.05414394
 -0.15600912  0.0491624  -0.10261011 -0.01646699 -0.0238261  -0.03813718
 -0.01979419  0.01315626  0.01766134  0.02761029 -0.06891941  0.00850053
 -0.06176139  0.09307121  0.01170768 -0.10808174  0.19155844 -0.00091284
 -0.08129818  0.07446326 -0.10990573  0.17976117  0.09220108  0.01821729
 -0.033932   -0.11591835 -0.07324082 -0.00140027 -0.03402491  0.0283068
  0.12084877 -0.13067617 -0.02044024  0.00977165 -0.0968367  -0.01753811
  0.00137554 -0.10926841 -0.08998673  0.0512486  -0.00658968  0.17487447
  0.1577024   0.0560968  -0.04127866  0.05583433  0.10644233  0.03452077
 -0.00543908  0.14742798 -0.12897094  0.0316851   0.01823192  0.05979123
 -0.07951389 -0.20636317 -0.03378026  0.11272554  0.0607261  -0.20852652
  0.20520256 -0.02291241 -0.0078392   0.00546785  0.05532415  0.01767093
  0.13491267  0.02788468  0.02054613 -0.079032   -0.05317288  0.09641833
  0.00027717 -0.07567012  0.02518064  0.05673364  0.03525805  0.04375312
  0.18129916 -0.05948908]