[-0.01301963  0.13707203  0.13130605  0.01856681  0.03159508  0.10590427
  0.00848006  0.06740008 -0.12083986  0.01455485  0.03750386 -0.09849167
 -0.00892544  0.04776643  0.18407972 -0.05841501  0.1433717   0.04806762
  0.0208024   0.02755197 -0.02413013  0.0183113   0.05863588  0.07412402
  0.02768932 -0.09285177 -0.06896681  0.01179269  0.12511387 -0.09901913
  0.11478274  0.00257867  0.01627167  0.07082196  0.04901264  0.13628601
  0.05395587  0.06782228 -0.10661983 -0.04818103  0.03897246  0.03211725
 -0.03094206 -0.04604527 -0.09984574  0.100935    0.08820723  0.01923445
 -0.19165689 -0.02900371 -0.07678436  0.05213103 -0.03064342 -0.06871404
 -0.00287565  0.08768267 -0.0753126   0.08388808  0.00653233 -0.02903957
 -0.16255276  0.07021573  0.03720302 -0.23191769  0.15926433  0.11254638
  0.04384434 -0.06723665 -0.18756777  0.19558045  0.00523702  0.00628951
 -0.03456661  0.03432481  0.0493387  -0.06397367  0.03017097  0.10307117
  0.04697217 -0.15816976 -0.14062774  0.03332903 -0.08010362 -0.10762096
  0.0300877  -0.05227864 -0.05568853 -0.00030485 -0.02604287  0.13733158
  0.17224769 -0.02273606  0.01135853 -0.03701224  0.14985503 -0.00028677
  0.061219    0.08131301 -0.05522477  0.01908965 -0.10136977  0.07324089
 -0.04191133 -0.0154954  -0.09581383  0.16724323  0.053559   -0.11194638
  0.16083877 -0.10556172 -0.03322611  0.08293685  0.0018902  -0.0129975
  0.14448696 -0.08751239  0.02316874 -0.17287624  0.10600212  0.12172984
  0.03185402 -0.06007456 -0.0199143   0.1194225   0.06246151  0.05889572
  0.14022949 -0.08811037]