[ 0.00186226  0.11925162  0.18792728  0.00242885 -0.01878556  0.11516285
  0.01328109  0.11433162 -0.11139572  0.00262671  0.01577167 -0.11518791
 -0.01368388  0.04045966  0.20256563 -0.14077464  0.14054915 -0.0592542
  0.02093617  0.01410094 -0.09984427 -0.00725642  0.03296193  0.06826038
  0.02793399 -0.11091335 -0.0600915   0.06181262  0.08395997 -0.19354779
  0.13248362 -0.08154598 -0.03768773  0.07169637  0.00497362  0.0942027
  0.055953    0.08669988 -0.06779784  0.00282713  0.07437276  0.01143847
 -0.12016666 -0.15597858 -0.05984421  0.09126349 -0.01712447  0.02372033
 -0.16523713 -0.01733085 -0.10809852  0.10448053  0.01303544 -0.04969469
 -0.07225915  0.03155954 -0.06929623  0.06036611 -0.02049452 -0.02139131
 -0.12902625  0.13727917 -0.03282334 -0.23494126  0.09433305  0.16965833
  0.12051728 -0.00735171 -0.17408967  0.10270876  0.01342555 -0.00367927
 -0.03225556  0.06853077  0.10735337 -0.04161975  0.02988379  0.04419499
  0.12286224 -0.03888218 -0.19394031 -0.04904719 -0.00638552 -0.09458958
  0.06754828 -0.06228554 -0.02903824  0.00856202 -0.02895776  0.08383498
  0.14088498 -0.02229685  0.13875033  0.04836505  0.05703234 -0.07133725
  0.09736305 -0.02884707 -0.07342289 -0.00050532 -0.08473764  0.07503085
 -0.10282927  0.0151674  -0.04946706  0.15666412  0.08847015 -0.09253015
  0.11040738 -0.09005109  0.01208251  0.08895378  0.03316578  0.0342595
  0.08633017 -0.08492608 -0.0825637  -0.0742392   0.07826874  0.08685224
 -0.03405302 -0.07343611 -0.07038444  0.0873141   0.13036917  0.05211632
  0.0709607  -0.10902463]