[ 0.0432217  -0.01973559  0.15349336  0.00550709  0.06548759  0.12529837
 -0.05981782  0.13480455 -0.08677391  0.00934775 -0.01267521 -0.06480489
 -0.00328763 -0.02106315  0.22882223 -0.00467594  0.13276243  0.02519544
  0.0678231   0.05232017  0.06829727  0.00184648  0.12718658  0.12332492
  0.07454712 -0.12612794 -0.03514378 -0.1126383   0.00417807 -0.10741683
  0.1554386  -0.09367935  0.06671952  0.09748068  0.08843508  0.10763002
  0.03767948  0.02037399 -0.07441556 -0.1321535  -0.02966174  0.00109057
 -0.04475217 -0.07167382 -0.04171082  0.05449461  0.03583065  0.01579981
 -0.15987009  0.05852332 -0.04368132 -0.07497752  0.05993128 -0.07846103
  0.0167116   0.04825341 -0.01969476  0.015101   -0.02489709 -0.05622563
 -0.06794439  0.05769231 -0.05152411 -0.22309959  0.1630048   0.03904936
 -0.05440148  0.0418463  -0.15990503  0.12726408 -0.02102455  0.02926812
 -0.15899611 -0.13959515 -0.03799774 -0.01522298  0.05725447  0.09691998
  0.12494477  0.01856607 -0.16086081 -0.05285807 -0.07517865 -0.07488458
  0.05128784 -0.08648406 -0.06181644  0.03778927  0.00283828  0.13828969
  0.12494304  0.02421455 -0.0309037   0.09321319  0.05061634  0.08498783
  0.01312989  0.06907208 -0.11311062 -0.00629168  0.02768624 -0.00735231
 -0.1395943  -0.12753257 -0.01883271  0.09301111  0.0381538  -0.20715457
  0.10906934 -0.05571159 -0.0766039   0.07228947  0.05552002 -0.06076417
  0.17648163  0.00264753 -0.03503031 -0.11083879 -0.01706398  0.18161048
  0.02277348 -0.02331495 -0.01570226  0.10042291  0.07659084  0.04100971
  0.18612939 -0.08286066]