[-0.05667099  0.1369835   0.13449335  0.04963161 -0.01902885  0.06754508
  0.00222328  0.06013409 -0.07120315  0.00494144  0.0273051  -0.11410681
 -0.01724964  0.03070218  0.14833011 -0.07162147  0.13604581  0.05437088
  0.04228533  0.01013836 -0.03075383 -0.02510531  0.03075043  0.04723542
  0.02147162 -0.07736419 -0.10164687  0.01261368  0.14631763 -0.10266297
  0.14740062  0.04571736  0.04951865  0.030959    0.06246873  0.11143067
  0.05770399  0.08199199 -0.09346284 -0.0797518   0.04574333  0.01672164
 -0.04883072 -0.07060406 -0.05930536  0.06337995  0.06722503  0.0048937
 -0.17064427 -0.08508078 -0.13226344  0.08369541  0.05131869 -0.08045456
 -0.04179158  0.09806516 -0.0499373   0.02193192 -0.00601276 -0.04539193
 -0.15986028  0.08402088  0.01376191 -0.20011097  0.13524583  0.16574267
  0.07640436 -0.12237476 -0.18360254  0.12559614 -0.02651095 -0.06478547
 -0.0448525   0.05143248  0.05602929 -0.07834217  0.02665066  0.05629087
  0.04042192 -0.1442443  -0.17418209  0.0338584  -0.09197732 -0.099716
  0.08492146 -0.04268289 -0.07839072 -0.00480634 -0.0248433   0.10649817
  0.17017187  0.01708235  0.03334905 -0.03162722  0.16138572 -0.00680657
  0.06171766  0.09702569 -0.06864159  0.03084839 -0.08117744  0.04791925
 -0.03504303 -0.02583734 -0.06263918  0.17125028  0.12828435 -0.11688052
  0.18575515 -0.08535242 -0.05770928  0.04201167 -0.01552978 -0.05396213
  0.12945376 -0.10395599  0.01925331 -0.17881554  0.15299074  0.08608644
  0.01977996 -0.0765991  -0.04184744  0.07381108  0.05688126  0.06534269
  0.14022782 -0.06924043]