[-0.03649909  0.05155921  0.12233555 -0.15969698  0.0632265   0.07772595
 -0.08641664  0.13684145 -0.12450897  0.08733733 -0.03055483 -0.09594371
  0.04959724  0.09171256  0.26360804 -0.00921884  0.15237109  0.00423924
  0.06762251  0.04444972 -0.05382654  0.09261168  0.14728698  0.04527869
 -0.02603473 -0.05374991  0.03694482  0.05130881  0.11691449 -0.13911165
  0.09738369 -0.12200277  0.1109064   0.06357553  0.07196304  0.12625135
  0.10733131  0.07868493 -0.05558487 -0.03212354 -0.05449932  0.04396309
 -0.00810983 -0.06680387 -0.09197472  0.07062895  0.03003605  0.10282429
 -0.12444279  0.08210222 -0.10405115 -0.04051691 -0.02018086 -0.04376794
 -0.03974827  0.05145488 -0.0123571   0.04615679 -0.05600727 -0.03349435
 -0.13891117  0.0844599  -0.00880841 -0.1585789   0.10496463  0.0956127
 -0.05042639  0.05901279 -0.15002713  0.08260041 -0.00794795 -0.01542511
 -0.09234809 -0.04463293  0.05780438 -0.02503189  0.0249919   0.06334639
  0.1669087  -0.1212732  -0.05563734 -0.01890808 -0.04530085 -0.00874064
  0.06166897 -0.10228454 -0.08095894  0.07895272  0.07276011  0.16267776
  0.13564382  0.02502519  0.02204498  0.09014662  0.13375026  0.02137427
 -0.02183954  0.13668871 -0.13978393 -0.01372249 -0.02275023 -0.00095686
 -0.09772395 -0.10462297 -0.05933718  0.1272407   0.00289095 -0.23363838
  0.17003259 -0.07251319 -0.01073914  0.08696369  0.09403684  0.06534903
  0.07723965 -0.03066964  0.02660054 -0.08225914 -0.01840053  0.13611105
  0.04579168 -0.10346954  0.00066424  0.0735579  -0.03503384  0.01571312
  0.08274028 -0.07559586]