[ 0.00058326  0.1193504   0.07070172 -0.07363953  0.01696372  0.07186862
 -0.01289705  0.10524144 -0.16767652  0.05568827  0.07566463 -0.08584936
  0.02673521  0.03704007  0.16320382 -0.00336428  0.11918168 -0.03262147
  0.06883498  0.09189107 -0.00972134  0.03136059  0.01508058 -0.01259952
 -0.04405043  0.01895018 -0.02324812 -0.05583203  0.14504933 -0.08522648
  0.00228567 -0.07439378  0.01842517  0.02154512  0.04949659  0.13778076
  0.06228106  0.13252476 -0.02867613  0.01236724 -0.04447042  0.0325927
 -0.10831853 -0.05938554 -0.04953853  0.23117764  0.11666927 -0.02675652
 -0.28499404 -0.07493823 -0.13949288  0.05725552 -0.08122914 -0.01259997
 -0.02749733  0.04503026 -0.07239245  0.07175612 -0.09873921  0.04118281
 -0.07881109  0.03059347  0.0926562  -0.1943361   0.18660221  0.03755453
  0.04075478  0.05922351 -0.05923704  0.06906044  0.0608213   0.00505439
 -0.04915557 -0.04210898  0.07605619 -0.00444011 -0.01499022  0.16473509
  0.08946327 -0.12209288 -0.1447247   0.02338004 -0.11736211 -0.0702702
 -0.04672251 -0.00978663 -0.01988944  0.005938   -0.00146165  0.09726723
  0.13862012 -0.03490771 -0.00549266  0.10655338  0.08668835 -0.02998487
  0.09612086 -0.00437651 -0.03325404  0.00421878 -0.11136505  0.03395694
 -0.13638021 -0.05328313 -0.11637578  0.19064303  0.05355154 -0.07904421
  0.10715707 -0.11865003  0.00251054  0.04885693  0.00873675 -0.02174814
  0.12803966 -0.02860502 -0.14013578 -0.17435734  0.00450609  0.0493976
 -0.06307615 -0.04635132  0.00893053  0.15628107  0.1128246   0.09636605
  0.07684772 -0.14432196]