[ 3.37844789e-02  1.40038401e-01 -1.87117718e-02  1.64351519e-02
  5.34446388e-02  3.07727754e-02  1.10809349e-01 -8.53198301e-03
 -7.56170601e-02  6.06520362e-02  5.86193241e-02 -7.63474703e-02
  5.68526573e-02  4.93838340e-02  8.79071951e-02 -3.45160514e-02
  1.46828026e-01  1.73557010e-02  1.21068361e-03  1.21059634e-01
 -5.32033704e-02 -6.35715872e-02 -3.98975069e-04 -6.35693893e-02
 -3.67110074e-02 -7.44945407e-02 -1.73181370e-01 -1.68059357e-02
  1.71338230e-01  2.90507777e-03  1.07896561e-02  1.25589773e-01
  2.10599019e-03 -1.68349482e-02  5.97256310e-02  5.94525337e-02
  5.52696809e-02  1.61261976e-01 -2.20781174e-02 -1.13926269e-01
 -1.25139840e-02  3.82601051e-03 -1.07946075e-01 -1.18667476e-01
 -7.26271421e-02  2.06793040e-01  1.41339758e-02  6.99618012e-02
 -1.85486421e-01 -9.83175114e-02 -2.04452023e-01  1.44728780e-01
  2.13311873e-02 -7.42340162e-02 -6.57883808e-02 -1.84329215e-03
 -7.70563707e-02  2.14379951e-02 -1.14500612e-01  5.96509092e-02
 -1.00942992e-01  8.09386447e-02  8.88210163e-02 -2.01820612e-01
  1.29572570e-01  1.51057348e-01  3.49182598e-02  3.82672846e-02
 -1.57302737e-01 -4.60959785e-02  5.06587029e-02 -3.65164578e-02
 -3.50369848e-02  2.79334188e-02  1.33971991e-02  1.11411791e-02
  6.43863007e-02  4.92549082e-03  8.26160461e-02 -1.08722240e-01
 -1.24863707e-01 -2.10201219e-02 -1.71342939e-01 -7.91732818e-02
  5.58180064e-02 -1.53279044e-02 -9.81786326e-02 -9.25898086e-03
  2.53269933e-02  7.71254525e-02  1.68628186e-01 -3.45072709e-03
  2.61026826e-02  7.96828642e-02  7.92422965e-02 -9.28673744e-02
  8.66578966e-02 -1.13044111e-02 -1.20721394e-02  1.32128363e-04
  1.44393649e-02  2.34739371e-02 -6.53850734e-02 -3.12310606e-02
 -1.13053635e-01  1.91023454e-01  1.32823676e-01 -6.04347838e-03
  1.89833567e-01 -1.40002426e-02  1.01260468e-02  2.68282667e-02
 -7.41899433e-03 -2.05598660e-02  8.54620785e-02 -5.51281534e-02
 -1.42125726e-01 -5.16803265e-02  7.39646703e-02  6.69572130e-02
 -1.18451267e-01 -6.80237114e-02 -2.98416708e-02  1.45958602e-01
  7.08060935e-02  8.56457949e-02  3.09372749e-02 -1.71384782e-01]