[ 7.46341050e-02  8.99494588e-02  1.43822432e-01 -9.86519530e-02
  1.18263304e-01  3.63046452e-02  2.09376402e-02  8.13198984e-02
  2.45902725e-02 -8.29568692e-03  3.62333544e-02 -5.61966635e-02
  2.29103807e-02  8.41741338e-02  1.75609365e-01  3.06604360e-03
  1.36753872e-01 -1.19799143e-03 -1.08994052e-01  8.26999024e-02
  5.44544607e-02  9.23743024e-02  6.95687681e-02  1.21063255e-02
 -1.95143148e-02 -1.34489506e-01 -4.27477285e-02  7.31609836e-02
  1.05113536e-01 -2.80339923e-02  3.79370153e-02 -6.04778789e-02
  9.27909091e-02  9.32431519e-02  8.16650689e-02  6.98048323e-02
  1.15828574e-01  1.45611003e-01 -3.62613052e-02 -8.93005952e-02
 -5.24651073e-02  5.40577881e-02 -2.15387959e-02 -1.18158229e-01
 -5.34486733e-02  1.43940210e-01 -5.97760230e-02  7.00211674e-02
 -1.24029547e-01  8.20964053e-02 -1.26126468e-01  7.38008842e-02
 -7.31075481e-02 -1.25295855e-03  1.98299270e-02 -2.48699635e-02
 -7.96729624e-02 -3.76664575e-05 -1.90653160e-01  1.17568336e-02
 -1.01653010e-01 -1.40433908e-02  4.10066731e-03 -1.52314141e-01
  8.64854679e-02  4.26215269e-02 -7.04338029e-02  1.46255195e-01
 -1.69504568e-01  8.57791975e-02  1.01992108e-01 -3.10370382e-02
 -8.71281847e-02 -9.96683761e-02  1.56897195e-02  5.15086688e-02
  6.90958053e-02  4.59730439e-02  1.20436266e-01 -8.03824291e-02
 -4.95461076e-02  2.06300610e-04 -4.40929309e-02  1.64976697e-02
  7.35877380e-02 -8.21543112e-02 -6.49840310e-02  7.94353709e-02
  6.10312596e-02  2.22471327e-01  1.32116064e-01 -1.03103429e-01
 -4.69682552e-02  1.28378108e-01  5.32168299e-02 -3.86977606e-02
 -2.45677233e-02 -5.68085071e-03 -8.13333765e-02 -1.22280773e-02
  4.73215058e-02  4.31689201e-03 -1.34402305e-01 -6.66289553e-02
 -6.29791096e-02  1.11188628e-01  2.26538964e-02 -1.27214223e-01
  1.92492306e-01 -9.45464745e-02 -9.93125699e-03  4.94272709e-02
 -2.44992822e-02  1.33346662e-01  1.38083801e-01  1.01017428e-03
 -7.10124373e-02 -3.30257751e-02 -3.99361588e-02  1.65044054e-01
 -1.01436013e-02  3.18620130e-02  4.48512565e-03  1.71035379e-01
  1.09360382e-01  1.56081840e-02  1.79613531e-01 -1.34492964e-01]