[ 0.04139589  0.05676971 -0.00425126 -0.10207364  0.1404812   0.12457734
  0.01125521 -0.02775129 -0.04364567 -0.06817145  0.05907856  0.01887248
 -0.01200422  0.05070627  0.06292278 -0.02286622  0.03594007 -0.03271851
 -0.01409615  0.04814948  0.01585072  0.16166718 -0.08330588 -0.00356322
 -0.04513117  0.08553296 -0.00966004 -0.06123031  0.09499945 -0.01056369
  0.0282087  -0.04455236 -0.0846758  -0.01647377  0.06864257  0.1657612
  0.04268896  0.01801374  0.02224332  0.07610872  0.0795382   0.12726875
 -0.10048655  0.04572222 -0.07546592  0.20700777  0.09750266 -0.01151586
 -0.14142361 -0.11396124 -0.14833374  0.00449011 -0.09019856 -0.01325019
  0.02539117  0.04514862 -0.13212129  0.20997101 -0.14292632  0.08608437
 -0.05214535  0.02512129  0.18509333 -0.10657423  0.12523271 -0.08945688
  0.0945519   0.1021015   0.09116707  0.09702056  0.16111429  0.08718523
  0.04375667 -0.05481608  0.02799519  0.05324591 -0.12053252  0.16231737
 -0.02855238 -0.14670956  0.01655702  0.21524675 -0.04166209 -0.0159479
 -0.06567336  0.00612529  0.10510221  0.03060676 -0.1152914   0.02146517
  0.15492716 -0.07327745 -0.05740766  0.04253205  0.06514401 -0.05933985
  0.04644513 -0.09415778  0.01491147  0.03141097 -0.13125682  0.01174063
 -0.08745883 -0.03958678 -0.18041991  0.14506648 -0.03960202 -0.05277274
 -0.05722529 -0.00479523  0.11269302 -0.00477269 -0.06521028  0.04007851
  0.03628213  0.00498609 -0.20494908 -0.16381556 -0.09533457 -0.03365642
 -0.00764445  0.05343201  0.02405551  0.11396735  0.02480265  0.08434214
 -0.06762576 -0.08598046]