[ 0.09099874  0.06157352  0.0575793  -0.11364818  0.06185904  0.04011911
 -0.0394331   0.09245019 -0.03187166  0.05318939  0.06311245 -0.0497392
  0.09496488  0.06697723  0.09047391  0.07641526  0.17144021  0.09156637
 -0.05946862  0.11877227  0.1476426   0.09104215  0.09770907  0.13336399
 -0.0616082  -0.07630916  0.02749069 -0.01616285  0.13896297  0.07217643
 -0.04259124 -0.08858187  0.12114068  0.06982468  0.07748953  0.01348185
  0.07686287  0.20931818 -0.04114546 -0.08565721 -0.1989871   0.06671001
 -0.04184898 -0.03976842 -0.03329808  0.04945517  0.0170253   0.06133734
 -0.15045345  0.10060462 -0.01087647  0.02475023 -0.04295205  0.01524143
  0.03512109 -0.00636689  0.0232263   0.01391564 -0.08770159 -0.10797983
 -0.05671855 -0.05492305  0.06558251 -0.11950333  0.05146106 -0.0359953
 -0.08376671  0.1288193  -0.14592831  0.03110906  0.04977232 -0.06325863
 -0.11910942 -0.1433737  -0.03002078  0.01335147  0.0536811   0.07450271
  0.14267437 -0.04283901 -0.00687834  0.02095317 -0.06584355 -0.05297696
  0.08341431 -0.08750717 -0.08921942  0.05296652  0.14119275  0.18469365
  0.05060178 -0.08732499 -0.07750799  0.15340053  0.07625312 -0.00455574
 -0.04305775  0.08340395 -0.07980201 -0.04210172  0.13239864  0.03608775
 -0.12218186 -0.02658005 -0.09461459  0.05655462 -0.00414516 -0.20472641
  0.18930851 -0.12510017  0.00301641  0.10489463  0.01452381  0.09595696
  0.11556352  0.06471591 -0.09230579 -0.07826832 -0.10920345  0.11435529
 -0.04829524 -0.00305505  0.03439994  0.08613296  0.02751924  0.05595391
  0.13497621 -0.12820935]