[-0.01867369  0.1708855  -0.09157182 -0.06317468 -0.05471768 -0.040261
  0.07375876 -0.041967    0.0404264   0.0335843   0.05995111 -0.1504425
  0.06519705  0.06983952  0.12468977 -0.00429519 -0.04493754 -0.0972258
 -0.00790272 -0.03533001 -0.08244362  0.0243873  -0.02040508 -0.2207332
 -0.05101928  0.01290233 -0.11073173 -0.0323061   0.13292201  0.0630177
 -0.00849226  0.15328537  0.10222406 -0.06164122  0.05732404  0.01674995
  0.12645885  0.16359834  0.07177648 -0.03447795 -0.00702364 -0.07416757
 -0.05705791 -0.01475275 -0.03773261  0.2306278   0.00047411  0.01415675
 -0.14480466 -0.18451767 -0.23876451  0.10584777  0.08107279  0.00486806
 -0.11048809  0.0085544  -0.04276008 -0.04035416 -0.10061972  0.03142705
 -0.12233496 -0.02281339  0.06275203 -0.01568281  0.00849233  0.2198559
  0.05611515  0.07995345  0.04418731 -0.19244437  0.03967321 -0.14031485
 -0.02714262 -0.03727434  0.13650566  0.00299032 -0.08574753 -0.15589315
 -0.02110185 -0.00389556  0.04778105 -0.02807057 -0.14315443 -0.02348259
  0.02397778  0.11385819 -0.0672014  -0.12583615 -0.03621699  0.06604494
  0.11858521 -0.08116562 -0.04012703 -0.0044613  -0.04147346 -0.0609531
 -0.01673386 -0.00611167  0.08908952  0.01716201  0.00265725 -0.03323068
  0.05949127 -0.04518065 -0.14729895  0.09946363  0.073285    0.13728678
  0.10933311 -0.02241252  0.07010207 -0.05773849 -0.1215605  -0.08342916
  0.00542414 -0.02235969 -0.1370445  -0.04207258  0.11383428 -0.05250591
  0.03542978 -0.0762471   0.01472578  0.15116732  0.0971011  -0.03280752
  0.02224354 -0.03131603]