[ 7.62228668e-02  1.59046397e-01  4.85799350e-02 -8.81264806e-02
 -4.10263203e-02  3.73338684e-02 -8.91505033e-02 -2.59154569e-02
 -1.49065346e-01  6.69884458e-02  1.14912145e-01 -1.09037161e-01
  1.22935921e-02  1.86222851e-01  6.78768381e-02  4.52805981e-02
  1.15127057e-01  1.57435574e-02  7.62702748e-02 -2.22035963e-02
  2.22620729e-04  1.92151785e-01 -4.67614308e-02 -3.05826310e-02
 -3.55485678e-02  9.99785122e-03  1.22971073e-01  1.65823534e-01
  1.00839511e-01  8.58561546e-02 -2.14891359e-01 -1.03066854e-01
  3.85313854e-02  1.41674681e-02  3.58278416e-02  9.20433477e-02
  9.17275771e-02 -5.58738597e-02  4.77575101e-02  5.65208793e-02
 -1.86222240e-01  1.83421429e-02  3.38832922e-02 -8.36165845e-02
  3.49854380e-02  2.48561800e-01  6.83632866e-02  2.00918736e-03
 -1.83711797e-01 -2.00711377e-02  9.63837281e-02  2.11092830e-01
 -1.09738551e-01  1.04077630e-01  1.71053577e-02  6.51811948e-03
  3.56075279e-02 -7.75991976e-02 -2.46923175e-02  6.24106564e-02
  5.68439364e-02  9.70279798e-03  6.27155881e-03 -2.19747368e-02
 -8.44762102e-03 -1.10816965e-02 -3.42865987e-03  1.02471180e-01
  3.17281708e-02  1.54105544e-01  7.52495006e-02 -7.51757398e-02
 -2.08387766e-02 -1.37317821e-01  8.40338320e-02  5.69222011e-02
  1.68830343e-02  1.09203495e-01  1.13949936e-03 -1.33839354e-01
  1.24962837e-01  7.43764862e-02 -7.19900755e-03 -1.94713380e-03
 -1.53054968e-02  7.46337250e-02 -1.08614326e-01 -7.98664242e-02
 -1.72537919e-02  2.26365328e-01  7.88309891e-03 -7.56735727e-02
 -6.35914803e-02  1.54872626e-01 -3.12982947e-02 -3.00465282e-02
  2.46410053e-02  2.14425172e-03  9.52470973e-02 -3.40573452e-02
  6.28101453e-02  1.76661223e-01 -4.10675909e-03 -6.04586117e-02
 -6.56330287e-02  8.85168910e-02 -5.58660226e-03 -6.04255646e-02
 -2.67335512e-02 -8.89363587e-02  6.52432516e-02 -7.34934434e-02
  4.31558900e-02  3.25377285e-02  2.36007031e-02  5.21681039e-03
 -4.66782860e-02 -4.01059687e-02 -7.92941228e-02 -5.65508194e-02
 -5.17232297e-03 -9.99348760e-02  1.05587713e-01  8.52856878e-03
  1.28407523e-01  8.68147537e-02  1.50690988e-01 -4.49002907e-02]