[-4.77234554e-03  1.95057184e-01 -2.75087431e-02 -1.31275207e-01
 -5.87669089e-02  8.29758942e-02 -1.27668902e-01 -8.59360304e-03
 -1.67741477e-02  7.24354237e-02  1.00445896e-01 -8.92468765e-02
 -3.12440027e-03  1.18150152e-01 -1.02871777e-02  3.09126023e-02
  7.27714449e-02  1.14417478e-01  5.61690032e-02 -1.07939139e-01
  3.81498747e-02  2.11911529e-01  1.45441201e-02  2.48934813e-02
 -6.56461716e-02 -5.02099879e-02  2.08586767e-01  1.02697149e-01
  8.63022730e-02  1.16848737e-01 -1.27777502e-01 -2.17155695e-01
  9.34728459e-02 -4.91109006e-02  6.54089674e-02  4.39096838e-02
  5.70564531e-02 -5.77168576e-02 -1.83134209e-02  1.59868300e-01
 -2.30004475e-01  6.40201792e-02 -1.88635625e-02  5.11867367e-02
  1.14297606e-02  1.08296722e-01  6.96761534e-02 -2.10663378e-02
 -1.14508346e-01  2.66935062e-02  1.27766803e-01  1.64668888e-01
 -9.87523347e-02  6.11859597e-02 -6.62720501e-02  8.00314993e-02
  9.39713866e-02 -3.75312753e-02  1.52327004e-03 -4.71776002e-04
  7.07127212e-04 -3.82105261e-02  7.72304162e-02 -4.17812690e-02
  6.12795557e-05 -1.75913960e-01  8.82308464e-03  5.41422367e-02
  8.26921221e-03  2.19074786e-01  9.45118293e-02 -6.09259121e-02
 -2.80975178e-02 -1.74570739e-01  1.25833135e-02  5.17153069e-02
 -6.44669905e-02  1.18325904e-01 -6.65000454e-02 -1.61668196e-01
  7.30175748e-02  1.21434428e-01  4.26929723e-03  6.04227483e-02
 -2.96983365e-02  6.18019886e-02 -9.66377929e-02 -1.05724350e-01
  1.26399454e-02  1.45259887e-01 -9.41977948e-02 -1.12345338e-01
 -8.15615878e-02  5.96895851e-02  9.63202566e-02 -2.96966638e-02
 -3.93678360e-02  5.84724918e-02  2.91798692e-02  3.51019017e-02
  6.26563430e-02  1.39979556e-01 -1.11001329e-02 -4.81310934e-02
 -4.72303331e-02  1.32281911e-02 -3.06869652e-02 -1.65174231e-01
 -6.99053928e-02 -6.22758530e-02  5.93220927e-02 -7.91120976e-02
  9.58637148e-02  4.89728190e-02 -2.72825081e-02  5.13677709e-02
 -2.23387238e-02 -4.49394174e-02 -4.47483212e-02 -4.01796028e-02
  1.89250186e-02 -1.08703129e-01  4.92967702e-02 -4.85124625e-02
  7.94466510e-02  6.04312234e-02  6.72062263e-02  2.27814093e-02]