[ 4.57188003e-02  8.56805220e-02 -5.05690835e-03 -1.14827454e-01
  9.53172147e-03  1.13270409e-01 -9.30624455e-02  1.71571523e-01
 -1.11837573e-01  2.67003663e-02 -2.29550235e-04 -4.19082828e-02
  7.38933906e-02 -5.62821515e-02  4.13625129e-02  8.88469741e-02
 -3.49650942e-02 -9.65039656e-02 -3.83675247e-02  1.31052509e-01
  1.08655237e-01 -4.55775671e-02  1.68456554e-01 -9.98557508e-02
 -4.11200114e-02 -2.96854619e-02 -2.46911659e-03 -6.89049289e-02
 -2.08731499e-02 -4.81590256e-02 -3.58037725e-02 -9.44255590e-02
  8.06472525e-02  1.02315515e-01 -3.36767994e-02  2.24941280e-02
  6.59215376e-02  1.70118377e-01  1.93277132e-02 -2.33004857e-02
 -1.41359165e-01 -6.70202449e-02  4.61163074e-02 -7.57652149e-02
 -2.59609278e-02  2.96097388e-03  1.12762481e-01 -1.30287539e-02
 -1.77705973e-01  2.54305571e-01 -4.38218517e-03  1.23486361e-02
 -1.22725554e-01  1.42588645e-01  8.54453146e-02 -7.18523264e-02
  9.91590843e-02 -9.79965925e-02 -6.55453503e-02 -1.47105843e-01
 -3.09015978e-02 -2.78251339e-02  5.87478392e-02 -1.43300399e-01
  5.53246737e-02 -3.37989368e-02 -9.90644470e-02  1.70575723e-01
 -4.57217284e-02  4.93331589e-02  2.21287888e-02  4.87730689e-02
 -1.17755786e-01 -3.59097659e-03  5.55913523e-02  1.34105310e-02
  5.15349582e-02  3.80966887e-02  9.58384648e-02  6.39755651e-02
 -7.74551928e-02 -9.02505592e-02  3.34526002e-02  7.38143101e-02
 -4.89855893e-02  3.82509641e-02 -5.30479215e-02  1.07002817e-01
  2.35283673e-01  9.02577639e-02  1.80236250e-02 -1.25405282e-01
 -8.74512270e-02  1.21705115e-01 -4.40432131e-03 -1.81768052e-02
  1.03888763e-02  1.64408341e-01 -1.38242602e-01 -3.02531049e-02
  8.89474340e-03  9.73754097e-03 -1.24572806e-01  2.25838218e-02
 -1.62009858e-02  9.62477475e-02 -8.22743475e-02  9.98009741e-03
  5.96210882e-02 -1.24417223e-01 -8.82074907e-02  1.04744837e-01
 -5.42671420e-03  6.95320815e-02  1.15222260e-01  3.85832861e-02
  2.58586369e-02 -3.78559381e-02  6.90814434e-03  1.47607565e-01
  7.08295265e-03  3.98923829e-02  1.68988615e-01  6.07248098e-02
  5.85986748e-02 -3.80222648e-02  2.25539148e-01  1.87856071e-02]