[ 0.08259202  0.0711369   0.1374566  -0.0540875   0.00402358  0.16134685
  0.09233591  0.15428001 -0.19252628  0.01461009 -0.00764589  0.02484537
  0.09547049  0.01602591  0.14822404 -0.08161568  0.00328226  0.00695704
 -0.05353609  0.0736197   0.00335638  0.05590333  0.03384865  0.12800969
 -0.03800738 -0.15566394 -0.04210956  0.02963145 -0.01074201  0.03233471
 -0.10324721 -0.08054328 -0.00765604  0.16016561 -0.04898725 -0.04806805
  0.04712785  0.00389322 -0.07487919  0.03020794  0.02704887 -0.07394805
  0.08732355 -0.09781852 -0.14095238 -0.05862804  0.06875867 -0.03227382
 -0.19106911  0.21066706  0.09050208 -0.11046355 -0.06565838  0.11708591
  0.08557856  0.03653821 -0.05161228  0.09252481 -0.02201543 -0.03817746
 -0.08320742  0.10065723 -0.00455562 -0.21183702  0.03622545  0.12096518
 -0.01954617 -0.06265648 -0.28172365 -0.02683114 -0.00053148  0.02229813
 -0.03668686  0.0765345   0.09132887  0.07877825  0.10267543 -0.0968931
  0.16679192 -0.00207893 -0.01686912 -0.13831398  0.06018333 -0.00898198
 -0.00303366  0.02292701 -0.01175036 -0.04035039  0.07496165  0.19781941
  0.05185552 -0.18273956  0.00309371  0.08142465 -0.08978453  0.01809235
 -0.01859281  0.04949245 -0.01940958  0.03329465  0.01394199  0.09766687
 -0.02891661  0.0672122  -0.11185457  0.11440112 -0.08202965 -0.01169742
 -0.08097842 -0.12963496  0.05620885  0.08103234  0.04711501  0.02010509
 -0.01610283  0.00442588  0.06617139  0.07531241 -0.01246756  0.14928104
  0.03455725 -0.15344493  0.00634882  0.01501054  0.06348722  0.06793237
  0.08811568 -0.09075427]