[ 4.70010377e-02  1.56471148e-01  1.44226015e-01 -1.89032983e-02
 -6.48219958e-02  1.01391762e-01 -7.84390047e-02  1.31276697e-01
 -1.16281465e-01 -5.69839310e-03  5.81751093e-02 -3.62680517e-02
  1.43348565e-02 -6.19531758e-02  9.18160155e-02 -6.89408109e-02
 -2.26600170e-02 -7.67613053e-02 -1.97805581e-03  7.96888620e-02
  2.59182397e-02  1.88447777e-02  1.39386162e-01  6.44294098e-02
  4.11146730e-02 -1.06831834e-01  8.90924707e-02  2.87449379e-02
  2.78249197e-02 -4.23941873e-02 -1.44970585e-02 -2.15841860e-01
  1.07154980e-01  1.31743029e-01 -3.70030180e-02 -3.21988761e-02
  4.84486744e-02  1.09311096e-01 -7.39149451e-02  1.76653899e-02
 -7.66457319e-02 -1.05519772e-01  3.83810583e-03 -2.03381944e-02
 -1.08484074e-01 -2.77423821e-02  8.72479454e-02 -4.12168093e-02
 -1.59600630e-01  2.45678321e-01  9.49680135e-02  1.12380080e-01
 -8.02391395e-02  8.41777250e-02  6.82238638e-02 -2.57023424e-02
  2.04405561e-02 -6.04216047e-02 -1.65219456e-02 -1.27248377e-01
 -9.47003961e-02 -4.86473143e-02  1.26079386e-02 -1.19142413e-01
  3.98852453e-02 -4.40956932e-03 -5.80581557e-03 -2.43905727e-02
 -1.68268412e-01  1.27292886e-01 -2.48770472e-02 -4.43544751e-03
 -8.25619549e-02  5.91199286e-02  1.29594550e-01 -3.89926918e-02
  5.74679747e-02  1.89000107e-02  1.17585108e-01  1.45014003e-01
 -1.03086017e-01 -1.50269106e-01  9.64310318e-02  2.35381816e-02
  7.09269345e-02 -5.20958267e-02 -6.90925717e-02  2.31331792e-02
  1.32207736e-01  1.46099627e-01  3.51964845e-03 -1.28431737e-01
 -1.85671281e-02  9.09899399e-02 -4.39964272e-02 -1.08825594e-01
  1.94154941e-02  1.06297053e-01 -3.83705348e-02 -7.62543455e-02
 -2.36355420e-02  1.38471574e-01 -3.96473706e-02  2.69738808e-02
 -3.51502597e-02  7.89842010e-02  1.68345068e-02  2.36639474e-02
  1.03933640e-01 -1.58993095e-01  1.20495204e-02  1.22963615e-01
  2.84462760e-04  8.09584484e-02  5.15246503e-02 -1.25337560e-02
  6.23605512e-02 -2.22666077e-02  6.57923743e-02  1.80799186e-01
  2.54581198e-02 -2.90545169e-02 -5.56995301e-03  2.22152658e-02
  1.36760533e-01  5.75919985e-04  2.92922616e-01  2.68013086e-02]