[-2.64352113e-02  1.13252990e-01  1.64988220e-01 -1.01207256e-01
  1.71601828e-02  1.11311547e-01 -4.62761074e-02  2.23149374e-01
 -3.77727151e-02 -8.23923014e-03 -5.42405881e-02 -2.71321144e-02
  2.83719208e-02 -8.14230889e-02  1.42133176e-01 -6.68723211e-02
 -8.28763396e-02 -6.46822378e-02 -8.32391083e-02  5.72084710e-02
  4.38884832e-02  6.28148541e-02  1.23524703e-01  4.54707816e-03
 -1.17859375e-02 -1.26312003e-01  2.44338484e-03  2.69906651e-02
  1.05144670e-02 -7.63999745e-02  2.96211392e-02 -1.75023854e-01
  9.50920433e-02  1.50129020e-01 -8.19944471e-05 -2.08484475e-02
  1.05057724e-01  6.99648857e-02 -1.33078694e-01 -9.55151452e-04
  2.92445123e-02 -7.11354092e-02  7.74158388e-02  1.65475272e-02
 -1.29884318e-01 -8.34420845e-02  8.10733214e-02  3.30235576e-04
 -7.20081031e-02  2.86035508e-01  3.57017033e-02 -2.34018210e-02
 -1.30474001e-01  9.73715112e-02  1.23319693e-01 -1.31572774e-02
 -1.03259664e-02 -8.96377638e-02 -2.69799940e-02 -1.69551045e-01
 -9.62833464e-02 -3.77520844e-02 -5.89155890e-02 -7.90420473e-02
  2.62499228e-02 -3.58330794e-02 -1.87032465e-02 -2.19221227e-02
 -1.14668392e-01  1.15941629e-01 -8.91649164e-03  4.45524044e-02
 -3.18127424e-02  7.27569833e-02  7.97662511e-02 -1.54778808e-02
  1.48123764e-02  4.06811796e-02  1.37204587e-01  3.14108208e-02
 -4.17106561e-02 -6.10954873e-02  1.12217508e-01  1.13117240e-01
  1.00160308e-01 -6.31932318e-02 -7.11774407e-03  1.35368794e-01
  1.84899494e-01  1.64416060e-01  3.80075239e-02 -1.14701696e-01
 -6.56038895e-02 -9.54249594e-03 -4.89747003e-02 -6.38728663e-02
 -2.31979415e-02  1.48526773e-01 -1.27573252e-01 -2.78647542e-02
 -2.57060174e-02  6.65868446e-02  1.23560335e-03 -2.74096746e-02
 -5.46311252e-02  4.74167205e-02 -8.39383230e-02 -2.21112799e-02
  8.19142759e-02 -8.10696557e-02  2.24838615e-03  9.52210352e-02
 -6.15571737e-02  6.84027895e-02  3.64338607e-02 -3.04604080e-02
  1.52459472e-01 -5.71695305e-02  1.24860648e-02  1.67723000e-01
  1.01294667e-01  5.99823631e-02  4.58200239e-02  5.39666936e-02
  4.12700325e-02 -8.21925253e-02  2.46623978e-01  5.59058972e-02]