[ 0.08469972  0.08489875  0.12807691  0.01084504 -0.03678609  0.19455287
 -0.03339784  0.05750753 -0.13288121 -0.11450652  0.00716456 -0.0182533
  0.04907373 -0.090556    0.05921986 -0.04654852 -0.13525179 -0.10438088
 -0.07538083  0.0941197   0.08429452 -0.00996631  0.11269979  0.01828734
  0.0270638  -0.15064394 -0.08990548 -0.02147713 -0.05481    -0.00834015
  0.05349176 -0.16715121 -0.0504886   0.11647251  0.00372109  0.0213888
 -0.04484385  0.01879146 -0.01835882  0.01783652 -0.06697642 -0.09273509
  0.01504167 -0.04433398 -0.04833806 -0.08959461  0.07250148 -0.00156104
 -0.11952031  0.29971677  0.04712117  0.00599281 -0.05788186  0.08963872
  0.06064896 -0.06749653 -0.02644907  0.02889303 -0.03307795 -0.09508832
 -0.07210012  0.09268421  0.06216909 -0.15212053  0.03205166 -0.00963775
  0.02185032 -0.03628803 -0.21326493  0.06472994  0.03003037  0.08460931
 -0.03735622  0.09707816  0.04077554 -0.02558437  0.06063927 -0.13102524
  0.11953238  0.24537364  0.00542554 -0.20972182  0.07470341  0.02370351
 -0.04155116 -0.00104776 -0.05138652 -0.01145964  0.07901811  0.11027654
  0.05652455 -0.14430517  0.01049011  0.10220384 -0.10731727 -0.05852369
 -0.00372398  0.09793302 -0.09383122  0.01424602 -0.00757339  0.12438875
 -0.10539977  0.01398909 -0.0154979   0.13417101 -0.00363403  0.07800595
  0.04350498 -0.05002122 -0.00528738  0.06711321 -0.03439514  0.08100475
  0.0181035   0.08350939  0.08468771  0.1520821   0.01688232  0.19398551
 -0.01658487 -0.0755051   0.03639449 -0.00220197  0.08226324  0.01240513
  0.22348264  0.0375463 ]