[-1.98561344e-02 -1.13491185e-01  6.35990426e-02  1.26963072e-02
  3.35972011e-02 -2.12366506e-01  4.95711453e-02  4.76313271e-02
 -3.27713303e-02 -1.02554426e-01 -2.76182797e-02  5.23173772e-02
  9.36318040e-02  4.34979811e-05 -1.34320036e-01 -9.54194111e-05
 -9.08823535e-02 -3.69193815e-02 -1.90249503e-01  2.34162182e-01
  1.26705512e-01 -1.97602123e-01  2.31658164e-02  2.08349824e-02
 -2.90589798e-02 -4.11847141e-03 -5.67202866e-02 -8.36849585e-03
 -4.69347984e-02 -1.26719452e-03 -1.33881807e-01 -2.80534495e-02
 -5.03683975e-03  3.01412903e-02 -7.21296445e-02 -6.60975724e-02
 -1.32918879e-01  1.95282772e-01 -1.67349532e-01 -1.36720106e-01
 -7.18446216e-03 -1.13969529e-02  3.32311690e-02  6.72416762e-02
  2.23745275e-02  2.15237495e-02  8.11918359e-03 -4.24700743e-03
 -4.33519892e-02  3.88542861e-02 -9.07775164e-02 -1.67322308e-01
 -6.06240034e-02  1.05101643e-02  1.13194346e-01 -9.63079780e-02
 -1.43392310e-01  2.07429305e-02 -1.75050348e-02 -6.89050704e-02
  1.34942710e-01 -2.64235009e-02 -1.04642464e-02  2.32375547e-01
  2.25675963e-02 -1.03853028e-02 -1.10606007e-01  4.06264700e-02
  1.55702783e-02 -1.71178922e-01  1.88148376e-02 -4.44542617e-02
  9.94983315e-02 -4.12881151e-02 -7.90252350e-03  5.17792366e-02
  4.54265848e-02 -3.60787474e-03  7.82324597e-02  5.49266525e-02
 -2.67096926e-02 -1.21587336e-01 -9.55249146e-02 -6.84068277e-02
 -1.12026453e-01  6.28386997e-03  3.63171026e-02  1.30731836e-01
  7.62069374e-02 -1.19782034e-02  1.80990398e-02 -4.04762700e-02
 -1.53144291e-02 -3.02792173e-02 -1.37232557e-01  2.96863467e-02
 -3.72417048e-02 -6.58229589e-02  7.04198852e-02 -8.30978602e-02
 -7.47463806e-03 -5.44788539e-02 -9.67641547e-03  1.75144635e-02
 -1.37816863e-02 -8.18848144e-03 -7.99004510e-02  2.08833352e-01
  6.08051047e-02 -1.31344602e-01 -1.74499222e-03  1.07872561e-01
 -1.34641811e-01  5.92205487e-02 -1.24767954e-02  6.24362268e-02
 -1.05916470e-01  8.39064568e-02 -6.58871904e-02  2.44543422e-02
 -2.15158597e-01  1.60346255e-01 -8.80044177e-02  7.96405673e-02
 -1.53743867e-02  2.00912096e-02 -6.79339096e-02 -1.35471776e-01]