[-2.25326903e-02 -1.77853070e-02  9.19392779e-02 -4.23693471e-02
  3.55797075e-02 -1.09808464e-02  1.07094586e-01  7.18717724e-02
 -4.20260504e-02 -9.82537493e-02 -1.38387326e-02  2.36823354e-02
  8.35881233e-02 -1.37224957e-01 -9.55434069e-02 -8.78653228e-02
 -2.54649013e-01  5.36190793e-02 -1.80230543e-01  1.44285008e-01
  1.57136798e-01 -6.84879497e-02  4.21572737e-02  1.34316593e-01
 -7.25032091e-02 -9.37349424e-02 -9.11927745e-02 -9.86693427e-02
  6.46964237e-02  4.39219289e-02 -1.00380264e-01 -1.43778250e-01
 -5.49198277e-02  6.34502620e-02  3.85179408e-02 -1.09909609e-01
 -9.14332271e-02  7.61503279e-02 -1.72412321e-01 -5.75202666e-02
  6.28678426e-02 -8.51882771e-02  1.16782663e-02  1.78058714e-01
 -1.33064121e-01 -8.33871365e-02  7.21708685e-02  5.60657792e-02
 -6.70237914e-02  1.45224735e-01 -9.05838683e-02 -1.54201478e-01
 -6.05478585e-02  4.69261669e-02  1.04965255e-01 -3.64264250e-02
 -3.37681696e-02  6.30065799e-02 -3.31676342e-02 -1.08811460e-01
  3.56307253e-02  4.75929826e-02  9.70177948e-02  1.75317854e-01
 -1.78358555e-02 -6.91674724e-02 -3.21059637e-02 -1.45413622e-01
 -3.38492356e-02 -7.90648907e-02 -5.31738028e-02 -5.76542411e-03
  8.39172602e-02  7.16314539e-02  3.09043843e-02 -3.75925228e-02
 -4.06371653e-02 -2.51554837e-03  1.25921860e-01  7.73317739e-02
  4.96604331e-02 -6.65386692e-02 -2.84473170e-02  5.40243322e-03
 -3.59426253e-02  4.95786518e-02  4.34948727e-02  8.04427043e-02
  5.10956831e-02  6.43307716e-02  1.60888329e-01 -7.78220892e-02
 -4.96579371e-02 -1.23665094e-01 -1.64298907e-01 -7.81087279e-02
 -1.25261113e-01  8.30096155e-02  5.97315505e-02 -3.36462967e-02
  8.79719630e-02  2.76303552e-02  6.52529895e-02 -1.36317136e-02
  1.39799886e-04  2.74181686e-04 -2.68081930e-02  2.08113104e-01
  5.27278334e-02 -3.28473039e-02  9.65467989e-02  1.02896795e-01
 -1.00881167e-01 -7.35774357e-03 -8.43379423e-02  1.34321734e-01
  3.80245522e-02  6.78210706e-02 -4.08730321e-02  7.65853524e-02
 -7.46689290e-02  1.89369675e-02 -1.11627825e-01  2.74863504e-02
 -1.67178258e-01  5.41537665e-02 -5.71398661e-02 -1.62030924e-02]