[-3.35712358e-02 -1.40505210e-01  1.48255795e-01 -9.04190317e-02
  5.31887598e-02 -3.81645635e-02 -2.41371104e-03  1.54270738e-01
  6.52308688e-02 -1.55219987e-01 -5.40061593e-02  9.19514447e-02
  4.89541888e-02 -1.26506239e-01 -3.54509465e-02 -4.05154712e-02
 -2.12223455e-01 -8.61533657e-02 -2.73378372e-01  1.62521362e-01
  8.08391124e-02  2.73633413e-02  8.22313875e-02  4.26028483e-02
 -1.09469108e-01 -1.91657022e-02 -1.60567313e-02 -2.76867971e-02
 -6.26659095e-02 -1.25496954e-01  7.34100211e-03 -1.12503670e-01
 -7.74086406e-03  1.17531605e-01 -5.86794280e-02 -2.66292803e-02
 -1.11706197e-01  1.40390694e-01 -1.99324340e-01  3.31747904e-02
  8.21436271e-02 -2.44356208e-02 -9.37959105e-02  9.04666632e-02
 -3.97507548e-02 -1.06445946e-01 -6.29237369e-02  4.09634262e-02
  2.62082182e-02  2.26055682e-01 -8.78452212e-02 -1.55795485e-01
 -1.16500899e-01  2.05535330e-02  6.78689405e-02 -9.48823616e-02
 -1.20207213e-01  3.99510190e-02 -1.07937381e-01 -2.88526639e-02
 -9.59356409e-03 -1.51891345e-02  1.50439171e-02  1.92301676e-01
 -1.27179446e-02 -1.51601315e-01 -3.50501016e-02  4.39103357e-02
 -1.39916418e-02 -1.17315166e-02  2.06983984e-02 -7.90844951e-03
  8.81429911e-02  6.74528703e-02 -1.26836216e-03 -8.67324881e-03
 -3.63303684e-02 -5.06533422e-02  7.08266795e-02  1.21298857e-01
  3.96391712e-02 -1.05266206e-01  2.90968511e-02  1.80087741e-02
 -7.26970583e-02 -6.58569187e-02  1.32990167e-01  1.67566478e-01
  3.41639854e-02  3.51502225e-02  7.92370513e-02 -6.60901368e-02
 -4.84543480e-02  1.53761795e-02 -1.13143675e-01  4.06571887e-02
 -8.18844661e-02 -8.38098526e-02 -4.77559604e-02 -2.00411323e-02
 -6.52819057e-04 -5.88204525e-02 -9.85502303e-02 -2.86186188e-02
  3.88552435e-02 -3.90436910e-02 -1.21295735e-01  6.71754330e-02
  5.43529764e-02 -7.91444406e-02  4.31121662e-02  1.58589065e-01
 -1.09826773e-01  9.80750322e-02 -1.60859991e-02  8.28729123e-02
 -1.63625955e-04  8.07871521e-02 -3.39191593e-02  1.27388731e-01
 -4.85311039e-02  1.31397054e-01 -6.27678707e-02  5.54288141e-02
 -1.40498215e-02 -3.77121717e-02  7.71958986e-03 -3.04354392e-02]