[-8.27960148e-02 -1.14081599e-01 -6.56158139e-04 -9.64019448e-02
  9.30684954e-02 -1.34111926e-01 -4.94011678e-04  5.03213219e-02
  5.69590740e-02 -1.11553743e-01 -9.50650200e-02  7.10942224e-02
  8.81646574e-02 -5.31324074e-02 -1.18852757e-01 -6.11859793e-03
 -1.85063392e-01 -1.59839671e-02 -2.12740898e-01  1.83572099e-01
  7.52181932e-02 -5.28231412e-02  1.41183838e-01  6.48414791e-02
 -1.19348191e-01 -4.75587733e-02  4.34108637e-02 -5.45527190e-02
 -3.54234688e-02 -6.96309656e-03 -8.45648795e-02 -8.06154385e-02
  5.63452020e-02  3.48472372e-02 -3.16426754e-02 -5.88880554e-02
 -7.18029663e-02  1.36910930e-01 -2.39811987e-01 -3.64582948e-02
  3.36615592e-02 -4.13522348e-02 -2.10561436e-02  1.28803700e-01
 -9.14128050e-02  1.97435841e-02  1.03039289e-04  9.57291946e-02
  2.87288222e-02  1.53774813e-01 -1.00947469e-01 -2.01429203e-01
 -1.20185250e-02 -2.29515324e-04  7.96487033e-02 -6.29378408e-02
 -2.19366681e-02  1.91271286e-02 -3.99811529e-02 -5.31019941e-02
  4.59632389e-02  1.68928094e-02  2.23611817e-02  2.40947813e-01
 -9.08246264e-03 -1.34033307e-01 -1.09231040e-01  3.70769128e-02
  3.05147953e-02 -1.02757655e-01 -4.86522056e-02 -5.77112101e-02
  6.82845861e-02 -4.17638570e-02  2.66302601e-02  7.57967904e-02
 -2.48413775e-02  1.76277501e-03  6.03260547e-02  4.59661707e-02
  6.59765750e-02 -7.56416172e-02 -7.96050429e-02  3.30733135e-02
 -7.56506845e-02  1.94164496e-02  4.09334749e-02  1.47534847e-01
  8.16195365e-03  3.22920941e-02  5.57839274e-02 -2.58723870e-02
 -4.16565984e-02 -6.49200156e-02 -1.17657952e-01  3.75556946e-02
 -1.36614203e-01  2.68914551e-02  7.17862546e-02 -7.80503005e-02
  9.53633115e-02 -9.51508507e-02 -3.22913798e-03 -1.67619251e-02
  2.36044414e-02 -9.12329778e-02 -1.40810847e-01  1.30847245e-01
  1.42599996e-02 -2.99502909e-02  6.22669980e-02  1.31875902e-01
 -4.19107862e-02  4.71516214e-02 -1.33397862e-01  1.27008989e-01
 -6.54016584e-02  9.73071232e-02 -8.06389078e-02  1.07565165e-01
 -9.72973183e-02  1.11039571e-01 -1.20146886e-01  2.52767745e-02
 -1.57556683e-01  2.15496533e-02 -1.70015261e-01 -6.69709072e-02]