[-2.75362208e-02 -1.17442437e-01  4.28741723e-02 -7.83868041e-03
  5.19275330e-02 -1.38311505e-01  6.88101500e-02  9.87813100e-02
  5.90081140e-02 -1.33476153e-01 -2.17425488e-02  1.40271008e-01
  6.86626136e-02 -2.62373388e-02 -1.65135011e-01 -1.02059558e-01
 -8.95593986e-02  6.54941052e-02 -2.27394313e-01  1.70175865e-01
  1.02123097e-01 -6.73708320e-02  7.05533028e-02  1.49389982e-01
 -8.21479633e-02 -4.67778146e-02  2.77515352e-02 -3.46053392e-02
 -6.85557052e-02  8.97785742e-03 -1.29508659e-01 -8.24028775e-02
  7.08649457e-02  6.78165257e-02 -8.67445245e-02 -1.34719521e-01
 -1.00517884e-01  1.99611813e-01 -2.71908849e-01 -3.42549272e-02
  7.91233629e-02  5.10629565e-02 -2.65518688e-02  1.42922372e-01
 -1.53136656e-01 -1.08030908e-01 -1.32026840e-02 -4.74399179e-02
  4.68669757e-02  1.34462684e-01 -1.53829427e-02 -1.59681961e-01
 -5.24288230e-02  4.70921881e-02  1.19465746e-01 -3.83396894e-02
 -4.07600664e-02  5.49478978e-02  5.50363213e-03 -1.15902141e-01
  2.12904643e-02 -5.36368489e-02  1.37519622e-02  2.05658883e-01
 -4.93238978e-02 -1.02649353e-01 -4.97499630e-02 -1.32897291e-02
 -2.53113359e-03 -5.29394783e-02  2.97560282e-02 -6.94714114e-02
  1.29103646e-01  1.22227827e-02  1.63473934e-02  6.26425296e-02
 -5.51936813e-02 -3.71370018e-02  3.47326621e-02  1.47752604e-03
 -7.17831627e-02  1.10868095e-04  1.35098146e-02 -3.31836082e-02
 -1.97185073e-02 -1.10184113e-02  1.11671567e-01  1.20051332e-01
  4.31553349e-02 -1.47986496e-02 -1.04918086e-03 -1.08438224e-01
 -1.26368618e-02 -1.35635242e-01 -7.98278451e-02 -5.30333929e-02
 -9.31425989e-02 -1.94332972e-02  4.42568138e-02 -7.72231147e-02
  2.82757618e-02 -1.09385271e-02  9.60051566e-02  6.70267045e-02
 -4.08630706e-02 -9.81536806e-02 -1.18760400e-01  1.12122238e-01
  5.31247864e-03 -1.28398731e-01  9.16716680e-02  1.33335426e-01
 -8.57526213e-02  6.14590272e-02 -8.48529264e-02  6.19598217e-02
 -3.57289575e-02 -2.02670470e-02 -1.64783373e-02  6.46913126e-02
 -9.07249749e-02  1.41222090e-01 -1.57446116e-01  1.43036377e-02
 -5.72877675e-02  8.90647992e-03 -7.01255351e-02 -3.73019688e-02]