[ 0.0735327  -0.15554532  0.07341193  0.06154693  0.06692956 -0.08274634
  0.10380221  0.09106859 -0.00074449 -0.26369107 -0.03737399  0.06339187
 -0.00931466 -0.11726139 -0.11800574 -0.09037276 -0.14522408  0.04187571
 -0.15417452  0.15175146  0.18928118 -0.04454408  0.03712742  0.06447233
 -0.03684184 -0.13113855 -0.06474934 -0.13732375 -0.10606314  0.02622486
 -0.13351524 -0.09946059 -0.00131062  0.0838868   0.04878531 -0.10420871
 -0.05834961  0.0457586  -0.20824663 -0.14604287  0.07220307  0.00881277
  0.01013575  0.12579148 -0.0926232   0.04161859  0.03510136 -0.06348463
 -0.07217946  0.12197387 -0.11808404 -0.18442705  0.02690395  0.06368452
  0.10791879 -0.07182012 -0.03909449 -0.02388093 -0.07150292 -0.0457214
  0.13786739  0.03082045  0.00476055  0.14549942  0.01950196 -0.1266064
 -0.05449667 -0.07458352  0.03178308 -0.0685152  -0.00837649 -0.08768807
  0.06989275 -0.06198746 -0.06897777  0.04615779 -0.02005589 -0.03218253
  0.0362944   0.06462355 -0.04161775 -0.02671492 -0.1169945  -0.07805421
 -0.03184404  0.08682086  0.02044773  0.03564636 -0.08750886  0.07118692
  0.17267348 -0.07349768 -0.11712859 -0.11086261 -0.13722204  0.02273554
 -0.06336433 -0.02659122  0.06219571 -0.023788    0.04579664 -0.02030747
  0.05739397 -0.04890485  0.00221484 -0.07003055 -0.01189581  0.20594159
 -0.0675443  -0.0261565   0.06615677  0.00063042 -0.10244375 -0.06572645
 -0.03193351  0.10254582 -0.02421247 -0.02291499 -0.02639704  0.04194794
 -0.12012116  0.14929661 -0.09790305  0.08991344  0.03338531 -0.02843201
  0.03940895 -0.09703393]