[-0.03784966 -0.09251314  0.13852867 -0.01348379  0.0173485  -0.05573888
  0.04405514  0.07820221  0.02848021 -0.17699932  0.0208419   0.03949648
  0.05670919 -0.08933202 -0.12878215 -0.03445282 -0.21958759  0.06020789
 -0.24595548  0.12617706  0.22627331 -0.10542762  0.02985853  0.16820107
 -0.0484515  -0.0968953  -0.04849646 -0.10373419 -0.01372196 -0.0086378
 -0.06897724 -0.13734061 -0.02517338  0.08154918 -0.02704715 -0.04887607
 -0.14491911  0.07962091 -0.20189768 -0.02856432  0.05984252 -0.03357634
 -0.03219277  0.12630096 -0.01486749 -0.06544943  0.04451633 -0.02040249
 -0.10515989  0.06882536 -0.12099501 -0.20633222 -0.0521919   0.0264606
  0.06986083  0.00644252 -0.06867962  0.07524318 -0.04640288 -0.08117308
  0.0812091   0.05482996  0.05284716  0.1972446  -0.00471688 -0.06081597
 -0.04919311 -0.04533599  0.00394071 -0.02922737 -0.01338275 -0.04895517
  0.07006344 -0.04174608  0.03037234  0.0085416  -0.04459036  0.02482182
  0.04096437  0.03843175 -0.02589944 -0.02913193 -0.07700726 -0.06328536
 -0.14513594  0.12865536  0.08051162  0.05455187 -0.06278003  0.0374775
  0.13025172 -0.10908374 -0.04476984 -0.08865587 -0.12903674  0.04070411
 -0.16331673 -0.006309    0.0734674   0.00309083  0.04882535 -0.07459892
 -0.01038388 -0.00167215  0.0556638  -0.00620333 -0.07276277  0.1656712
 -0.03796725 -0.13395493  0.0114873   0.10108598 -0.08923203 -0.02683623
 -0.01491449  0.14976434 -0.07502755  0.04132327 -0.02532115  0.07078841
 -0.10322125  0.08819107 -0.15650269  0.06382176 -0.08909366  0.08097618
 -0.08527166 -0.05516684]