[-0.02045529 -0.0193384   0.04839357 -0.02404     0.10122716 -0.02707445
  0.1215025   0.05953347  0.00174154 -0.1073033  -0.02752791  0.08393861
  0.05844573 -0.14654367 -0.11046766 -0.06986679 -0.2417732   0.04261173
 -0.23675804  0.15540883  0.14515465 -0.09479462  0.09266352  0.04701344
 -0.06148968 -0.13178143 -0.09961078 -0.09868858 -0.01928977  0.03229475
 -0.09967375 -0.11546828 -0.0359707   0.07535498  0.00911598 -0.09566934
 -0.10881156  0.09901737 -0.20559527 -0.04961918  0.07218934 -0.05143552
  0.00055281  0.15965126 -0.16551617 -0.02787647  0.04491821  0.03099636
 -0.04726543  0.17152715 -0.06120848 -0.1384684  -0.13506164  0.02401669
  0.10999561 -0.05956908 -0.06459596  0.0575991  -0.0815216  -0.03266636
  0.03913254 -0.00232363  0.09452206  0.14346604  0.06294991 -0.15633586
 -0.10037796 -0.03502804 -0.05234819  0.0087466   0.0270882   0.05394823
  0.09097785  0.04272518 -0.02348593  0.04520209 -0.03778748  0.00299653
  0.06142028  0.03912266 -0.02190155 -0.07637325 -0.026588    0.04960113
 -0.11413588  0.03151669  0.07642818  0.10150556  0.0319598   0.05011497
  0.09618314 -0.1245434  -0.07057806 -0.13139831 -0.13653968 -0.0771902
 -0.10595995  0.01401087  0.03631397 -0.0168436   0.04518545  0.00567085
  0.03129466 -0.01044105  0.01873634 -0.02671351 -0.07962786  0.23704496
  0.04232775 -0.0360254   0.06053748  0.09104896 -0.09881251  0.04173408
 -0.04868797  0.11515867  0.01397367  0.082427   -0.01333975  0.146093
 -0.08120096  0.10251807 -0.12539627  0.0807135  -0.05930203  0.02111202
 -0.03349171 -0.03477163]