[ 4.22644317e-02 -1.01855971e-01  1.41145051e-01 -9.78134349e-02
  8.65293443e-02  3.05434316e-02  9.36456472e-02  2.14354008e-01
 -3.78785208e-02 -1.63899302e-01 -8.87055546e-02 -2.58917771e-02
  5.47729395e-02 -1.54661223e-01  6.37977049e-02  1.64978448e-02
 -1.66898802e-01 -1.44297315e-03 -2.24694163e-01  5.14234267e-02
  1.58882499e-01  7.58809745e-02  3.82387824e-02  3.98321524e-02
 -8.98366198e-02 -1.80679470e-01 -9.66074690e-02 -9.11528617e-02
 -2.67105587e-02 -3.85822617e-02 -1.50834415e-02 -1.07451990e-01
 -7.00605661e-02  1.26626104e-01  4.31811363e-02 -6.82928041e-02
 -4.20839712e-02 -7.58361518e-02 -1.36618480e-01  5.68993157e-03
  6.69264570e-02 -3.44684869e-02  3.16166990e-02  9.95380580e-02
 -1.84536353e-03 -2.57149781e-03 -9.23928432e-03  2.58609448e-02
 -9.93132591e-02  1.62931874e-01 -8.39361995e-02 -2.73686737e-01
 -6.27277792e-02  1.17299063e-02 -3.82036828e-02 -3.31694633e-02
 -6.14554100e-02  2.00412627e-02 -5.69041148e-02  3.89989167e-02
  6.84444010e-02  9.16066393e-02 -7.54188001e-02  8.90609473e-02
 -7.95187801e-03 -1.39797851e-01 -7.38801435e-02 -6.15715049e-02
 -4.04995903e-02 -1.06218435e-01 -2.34458130e-02 -2.19384693e-02
  3.14542316e-02 -6.13231733e-02 -7.82670900e-02  2.73533091e-02
 -2.17411634e-05 -2.31636818e-02  7.11161792e-02  7.43595958e-02
  1.03588916e-01 -1.22070014e-01 -7.85311833e-02  2.54344381e-02
 -7.27863163e-02  1.07815780e-01  4.03745808e-02 -1.09561207e-02
 -9.66659859e-02  1.12379394e-01  1.55383989e-01 -5.66985831e-02
 -1.78207964e-01 -4.50167209e-02 -1.16158441e-01  1.66757032e-01
 -1.08414620e-01 -4.32044128e-03 -7.62759522e-02  8.58403221e-02
  2.94840224e-02 -6.79351911e-02 -5.28322868e-02 -2.31995974e-02
  1.73894949e-02 -6.07702658e-02 -9.32993293e-02  1.22109585e-01
 -4.68530804e-02 -1.67877637e-02  2.13356279e-02 -2.89397896e-04
 -7.75477365e-02 -3.10397819e-02 -5.27929477e-02  1.29658207e-01
  2.12826189e-02  1.07730456e-01 -9.44875702e-02  9.31668431e-02
 -4.35309559e-02  6.11969158e-02 -5.50195053e-02  1.09397620e-01
 -2.60995850e-02 -8.87805074e-02 -7.50321448e-02 -1.07735679e-01]