[ 0.13340418 -0.07382093 -0.15353051 -0.03765193  0.10827488  0.13332336
  0.06334062  0.03945605 -0.08154334 -0.23532243 -0.07051014  0.02218633
  0.07181424  0.02769331 -0.02912022 -0.07674644 -0.02881459 -0.08909394
 -0.0593518   0.03912959  0.08470223 -0.02920088  0.04374611  0.1152226
  0.06766644 -0.15981573  0.02049338 -0.07664496 -0.089293    0.07095493
  0.04474727 -0.04457362 -0.11109988  0.06037306 -0.09421436 -0.00147792
 -0.08870554 -0.12982148 -0.09831175 -0.00074496  0.09590627 -0.00225141
  0.06133019  0.13846198 -0.06649482  0.03196754  0.055581    0.03156728
 -0.033988    0.10323744 -0.05788243 -0.14879341  0.08423813 -0.01979499
  0.02835671 -0.00157342 -0.07288504  0.23008789  0.08158242 -0.07564631
 -0.01601522  0.16894072  0.08389951 -0.04682508 -0.11170072  0.00070921
  0.01093138  0.01892624 -0.02900019 -0.07653954 -0.02172463  0.04793138
 -0.02771541 -0.0786045   0.01222155  0.08878672  0.01624222 -0.10889788
 -0.01359592  0.17399208  0.02022443 -0.06609862 -0.02341541 -0.06709385
 -0.08276469  0.12072929  0.02694697 -0.0825546  -0.11053164 -0.00423081
  0.12211034 -0.09395628 -0.07908373 -0.07387051 -0.04587461  0.04936866
 -0.02904889  0.04749047  0.01547865 -0.03142543 -0.02160611 -0.00308647
  0.07813761  0.10894725 -0.2377052   0.02133621 -0.21026054  0.17820325
 -0.17111404 -0.04265318  0.16984959  0.03282015 -0.07754882 -0.02511621
 -0.09247873  0.12123392 -0.05289327  0.04041078  0.03714912  0.14388052
 -0.01588334 -0.02527462 -0.05913722  0.03710858 -0.13526948 -0.04346317
 -0.13729993 -0.04442533]