[ 1.33096382e-01  1.55090364e-02 -7.51143843e-02  1.57662313e-02
  9.85925198e-02  9.17367563e-02  8.12288225e-02  6.35596290e-02
  1.94218103e-02 -2.25950569e-01 -1.26690390e-02  1.26126520e-02
  5.73006719e-02 -1.58894658e-01 -1.30797606e-02  5.42459358e-03
 -5.11063375e-02 -6.62664175e-02 -1.57743856e-01  9.55076516e-02
  1.24378853e-01  5.76351471e-02  6.87514544e-02  1.12226866e-01
  1.60536561e-02 -2.43390396e-01 -1.37996851e-02 -1.31678075e-01
  1.13116308e-04  1.16038620e-01  2.03669742e-02 -1.80987921e-02
 -8.50679702e-04  1.28650770e-01 -4.44355831e-02 -7.66574740e-02
  2.29262542e-02 -7.68092871e-02 -1.35107622e-01  9.46998363e-04
  8.30584168e-02 -9.05586556e-02  7.59072378e-02  1.17386214e-01
 -6.75076768e-02  4.07415368e-02  6.99704289e-02  1.93972588e-02
 -6.40745461e-02  1.60886914e-01 -2.31882241e-02 -1.22531898e-01
  4.48914804e-02 -1.65076721e-02 -6.44099200e-03 -2.22074632e-02
 -5.50758913e-02  3.60627323e-02 -2.89250724e-03 -4.14162874e-03
 -5.80815673e-02  5.01298346e-02  1.47130135e-02 -7.11012781e-02
 -5.71866110e-02 -1.22938037e-01 -1.37521941e-02 -9.55143347e-02
 -9.83396843e-02 -1.09942220e-01 -7.32692480e-02 -3.15704793e-02
 -7.17518553e-02 -6.27792403e-02  2.40023155e-02  6.03294149e-02
  5.18651158e-02 -2.26700995e-02 -4.04600613e-02  2.13743120e-01
  7.15801045e-02 -9.71553028e-02 -5.37747703e-02  1.36880307e-02
  1.73332524e-02  1.82285801e-01 -3.46865393e-02 -1.10425696e-01
 -1.64430931e-01  8.86995569e-02  1.15293816e-01 -1.35688379e-01
 -2.06142962e-01 -1.51446313e-02 -8.74518305e-02  6.44369274e-02
 -8.28603059e-02  2.94088274e-02  1.36182914e-02 -1.94071997e-02
  3.62343751e-02 -3.49410847e-02  4.48148139e-02  1.14099436e-01
 -1.40819266e-01 -4.40185033e-02 -8.48063976e-02  2.27456883e-01
 -7.38015696e-02 -1.80904996e-02  7.24703968e-02  1.48437750e-02
 -8.61563906e-02 -3.29614170e-02 -1.06448345e-01  1.00199498e-01
 -4.86298166e-02  6.41286224e-02 -8.72168597e-03  2.02519566e-01
 -1.72815900e-02  6.43812492e-02 -7.62046799e-02  1.22981220e-01
 -2.23915745e-02 -6.32110089e-02 -4.61624637e-02 -8.27513263e-02]