[ 1.21164493e-01 -4.89691496e-02  6.23249970e-02 -4.62414958e-02
  1.69060342e-02  5.70489578e-02  1.11522816e-01  1.72961846e-01
 -7.29686171e-02 -2.12267041e-01 -4.43347879e-02 -1.51773347e-04
  3.17731835e-02 -1.36051372e-01 -3.24042747e-03 -6.96286634e-02
 -1.20521046e-01 -1.23093434e-01 -1.74630314e-01  1.28903627e-01
  2.99893767e-02  5.53758033e-02  5.82984947e-02  3.50213312e-02
 -1.36154622e-01 -1.80909902e-01 -6.07317574e-02 -2.39989702e-02
 -4.96114604e-02 -6.05140477e-02 -6.74838796e-02 -1.57029778e-01
 -7.48591945e-02  1.12450853e-01 -3.61806825e-02 -5.27175330e-02
 -4.24071439e-02 -3.71953589e-03 -2.04733878e-01  5.40196449e-02
  1.69707090e-02 -2.85507385e-02 -2.78673340e-02  4.74456884e-02
 -3.91446687e-02  4.88206744e-02 -1.22076552e-02  2.15960350e-02
 -1.13352045e-01  2.93963999e-01 -9.36472043e-02 -1.43064603e-01
 -7.33062252e-02  4.71312702e-02 -5.24966093e-03 -9.40788984e-02
 -9.90489051e-02  6.64380565e-02 -5.84465414e-02  6.81462735e-02
  9.90899187e-03  1.42602026e-01  2.63128206e-02 -2.15784851e-02
 -1.39871789e-02 -1.23961098e-01  1.24182738e-03 -9.91591513e-02
 -1.19357698e-01 -8.26997086e-02 -1.11894496e-02 -3.79362702e-02
  5.23492321e-02  1.16966642e-01 -7.74031319e-03  1.80720668e-02
  6.38957918e-02 -8.28093216e-02  9.26713124e-02  1.08404890e-01
  6.74429536e-02 -2.11135700e-01 -8.82175714e-02 -3.41800079e-02
 -4.09178585e-02  7.39263371e-02 -2.98122633e-02 -6.21863641e-02
 -6.43079281e-02  1.21500455e-01  1.74434394e-01 -1.05944328e-01
 -9.88661423e-02 -2.00366676e-02 -3.87803838e-02  7.48632625e-02
  9.13342647e-03 -6.07761368e-02 -4.35283035e-02  5.90249412e-02
 -2.43239701e-02  2.80737411e-02 -5.50723076e-02 -2.11352501e-02
 -7.58524612e-02  1.09645640e-02 -4.63555977e-02  1.47966936e-01
 -6.25308231e-02 -1.93243064e-02  1.12315618e-01  4.94505018e-02
  9.38856229e-03  3.18572833e-03 -8.71011466e-02  1.04474910e-01
  7.02092648e-02  1.32523358e-01 -8.81606154e-03  1.22397654e-01
 -1.15202859e-01 -1.90463659e-04 -3.07973009e-02  1.09650530e-01
  3.12290974e-02 -7.01197609e-02 -1.13170436e-02 -1.26121670e-01]