[ 1.23267949e-01  1.94631908e-02  1.46588194e-04 -1.76074654e-02
  5.32241464e-02  7.35705718e-02  1.46989629e-01  1.06773704e-01
 -4.93643098e-02 -2.12452561e-01 -4.64715250e-02  2.37218365e-02
  2.84492932e-02 -1.40095010e-01  2.12063696e-02 -5.31580970e-02
 -9.29365829e-02 -1.36751100e-01 -1.60496563e-01  2.58755125e-02
  2.61698198e-02  1.00613542e-01 -2.33341418e-02  2.79423706e-02
 -1.97471697e-02 -1.63334548e-01 -3.44868563e-02 -3.99196073e-02
 -1.89715270e-02  5.52388988e-02 -2.46350020e-02 -1.49421953e-02
 -7.38954768e-02  1.16887189e-01 -7.11514428e-02 -1.02289028e-01
 -2.71731522e-02 -1.14448875e-01 -1.33753806e-01  6.94066733e-02
  1.33942857e-01 -7.86602199e-02  5.76272458e-02  1.20610215e-01
 -4.82624471e-02  1.03107899e-01  2.46184058e-02 -2.21438538e-02
 -9.81205851e-02  1.25570580e-01 -8.25445354e-03 -9.21958461e-02
 -1.27966125e-02 -1.64847430e-02 -2.50133667e-02 -3.28226946e-02
 -1.27149418e-01  7.99529999e-02  5.38122375e-03  8.22423398e-02
 -2.88428608e-02  6.30805641e-02 -2.81526055e-02  1.12774855e-04
 -6.20115437e-02 -1.04438603e-01  9.33901872e-03 -1.04144581e-01
 -8.46808180e-02 -1.16902627e-01 -2.58666761e-02 -2.76325680e-02
  6.78575505e-03  1.19556142e-02  2.33585592e-02  7.76724443e-02
  1.44979730e-02 -8.89258608e-02 -2.88612358e-02  1.87308714e-01
  9.05831829e-02 -1.48101389e-01 -1.41448407e-02  1.95408706e-02
 -1.72775928e-02  1.05044954e-01  3.67493071e-02 -1.48274094e-01
 -1.79449320e-01  8.80985707e-02  8.59762132e-02 -1.06261514e-01
 -1.86935112e-01 -4.27624546e-02 -1.10016711e-01  8.99934322e-02
  1.19877309e-02 -7.48720616e-02  2.81339809e-02  1.14162499e-02
 -5.35400324e-02  3.14837731e-02  5.20982742e-02  1.02857329e-01
 -1.90380707e-01 -5.72484508e-02 -1.10980093e-01  2.72442818e-01
 -1.13648549e-01 -3.24141793e-02  1.59450814e-01 -1.61625873e-02
 -1.26060754e-01 -5.00342548e-02 -1.08575717e-01  6.21724054e-02
 -2.31124274e-02  8.10645148e-02  1.78776849e-02  1.41475022e-01
 -5.94910374e-03  3.26903835e-02 -6.67472258e-02  1.04437627e-01
  4.92436886e-02 -9.83460471e-02 -4.36096787e-02 -9.64141339e-02]