[-0.04469725  0.12781432  0.01880774  0.0809598  -0.10288145 -0.0538925
  0.02564688 -0.06203052  0.0879918  -0.12894735  0.06122417 -0.08869874
  0.05469891  0.12455454  0.03913281 -0.11539002 -0.00625651 -0.11958487
  0.01241855  0.04804827  0.02851596 -0.12647153  0.00746214 -0.06100627
  0.0354689  -0.04693448 -0.14133951 -0.04940402  0.04263588  0.05706006
  0.0974962   0.05197153  0.14612171 -0.04868776  0.04531466  0.05142234
  0.09912799  0.25518805 -0.04909475 -0.097316    0.02649205  0.00111882
 -0.04934468 -0.02422676 -0.06641087  0.0952683   0.05558812 -0.09130534
 -0.05843196 -0.1306974  -0.2272727   0.0854119   0.14279576  0.04339976
  0.05135914  0.03212501 -0.06521879 -0.0111761  -0.03288664 -0.13205071
 -0.12484953 -0.02328491  0.02925441 -0.07985859  0.05891033  0.20307447
  0.14045393 -0.0310573  -0.03118882 -0.10305775  0.0555553  -0.13432512
 -0.01758606 -0.02870198  0.17325069  0.0059284  -0.07196423 -0.11554953
  0.01279316  0.09870527 -0.14086074 -0.0391671  -0.07628003 -0.05651387
  0.07897715  0.04173043 -0.03695766 -0.05572344 -0.03122709 -0.01145589
  0.06676771 -0.12050519  0.09760398 -0.08372885 -0.04749932 -0.17189249
  0.01319644  0.06592473  0.06014191 -0.00647034 -0.05964891  0.04570378
  0.07305916 -0.00641378 -0.14477567  0.13466032  0.11126434  0.11946872
  0.12685314 -0.09478405 -0.02742773 -0.05470797 -0.1817126  -0.07382314
  0.02084309  0.0111933  -0.09308469 -0.12248747  0.10711065  0.02671303
 -0.02844387  0.00381077 -0.09874471  0.10340779  0.10584313  0.02811245
  0.12753865  0.06444201]