[-0.04946485  0.06419351  0.13319992  0.03355513 -0.13029768 -0.07617026
  0.00976057  0.03300825  0.04167007 -0.07741736  0.06245589 -0.11065358
  0.02606603  0.07856255  0.11772773 -0.16202584 -0.01123418 -0.10886928
  0.0511688   0.05423827 -0.0097172  -0.09421457  0.02548951  0.0263326
  0.02580093  0.01338471 -0.07686818 -0.06277712  0.03944265 -0.0729391
  0.08833402 -0.10613813  0.12443741 -0.01820325  0.06070416  0.01869918
  0.11479934  0.30348018 -0.03824143 -0.06867503  0.0414216   0.01785698
 -0.10360024 -0.03401601 -0.08600069  0.03063834  0.02322399 -0.08327765
 -0.03430699 -0.08791903 -0.21210507  0.0270299   0.12317103  0.06810167
  0.04974374  0.00373276 -0.02841347 -0.00381296 -0.03322323 -0.17608234
 -0.09755038 -0.0381527  -0.00854781 -0.03291201  0.02990234  0.20194381
  0.1578556  -0.03755516  0.01303994 -0.12188461  0.02412338 -0.1116349
  0.00127979  0.01996307  0.20232186 -0.07003026 -0.11492722 -0.05534285
  0.1278314   0.10705328 -0.16964982 -0.02743051 -0.02658718 -0.07788316
  0.1231023  -0.04002029  0.00447683  0.03343061  0.02535652 -0.04253675
  0.08003473 -0.05938966  0.180462   -0.08102217 -0.07990061 -0.2102742
  0.02418418  0.04168274  0.03842077 -0.04533965 -0.08660481  0.04261157
  0.05402956 -0.03444378 -0.08629452  0.09661022  0.13522631  0.02358779
  0.15489228 -0.1030553   0.02203249  0.01995386 -0.11669698 -0.04610147
  0.02194781  0.01496067 -0.09541964 -0.1541038   0.02935384 -0.03811742
 -0.03513427  0.01458587 -0.12652758  0.08957373  0.07320876  0.02114343
  0.10952705  0.06520817]