[ 0.10603699  0.23423471  0.08805712  0.08820993 -0.025232    0.27620143
  0.02460363 -0.02306219  0.00817491  0.02530415  0.05848012 -0.08657516
 -0.01730254 -0.13121375  0.11134359  0.05570746 -0.02325291  0.01936896
 -0.10274489 -0.13403238  0.03377489  0.12587245 -0.0076006   0.11005054
  0.07149719 -0.2419377  -0.05938805 -0.02980694  0.01717523  0.07657799
  0.06731361 -0.01115683 -0.12698019  0.08729373  0.01330533 -0.01579646
  0.07972665 -0.16086933  0.04088759  0.13435407 -0.00936703 -0.08764731
  0.02236689 -0.11936846  0.03169927 -0.05829075  0.06349771 -0.00846236
 -0.1041317   0.08296116  0.23241968  0.03321122 -0.04390039  0.01509356
 -0.06901434  0.03456924  0.02328158 -0.03625143  0.08639167 -0.01925782
 -0.07141604  0.05026373 -0.04931581 -0.28942174  0.01781693 -0.00733055
  0.09444924 -0.05526907 -0.14946766  0.12883662 -0.00256958  0.13768579
 -0.04048337 -0.02084119  0.02419804 -0.0025616   0.03431184  0.0349396
 -0.0649075   0.06696488  0.11981067  0.00897055  0.03775274  0.01271842
  0.0309098   0.12920882 -0.07149812 -0.16060486 -0.12087581  0.13018556
 -0.04405177 -0.13872291 -0.08627116  0.06449694 -0.099217    0.03926468
 -0.00391093 -0.03110739  0.02306494  0.11158539  0.04865517  0.03910975
 -0.04774595  0.08369388 -0.02869333 -0.00046084 -0.007578   -0.01709762
 -0.12386333  0.04391064 -0.01975626  0.02599727  0.09465607 -0.02974051
  0.00899283  0.00094713 -0.0978785   0.15770936 -0.08058973  0.02987815
  0.0636967  -0.04469444  0.07560957  0.03305193  0.16239493  0.03501523
  0.03327185 -0.04738656]