[ 0.10892183  0.20749857  0.01796041  0.1054049  -0.04007508  0.26153025
  0.01292477  0.00802558  0.05544372  0.05553722  0.12191407 -0.08345561
  0.0015403  -0.15786684  0.10696427  0.01286769  0.00687452  0.07543832
 -0.08320913 -0.12653641  0.0468705   0.11581428 -0.006796    0.12230133
  0.06677014 -0.24380744 -0.01919553 -0.08958786 -0.03194087  0.08480574
  0.06145417 -0.04411909 -0.09319984  0.10999931  0.02503837 -0.0143205
  0.10488776 -0.15932196 -0.00471761  0.1263867  -0.00986472 -0.07698104
 -0.01117681 -0.01805694 -0.01094209 -0.12216125  0.06408954 -0.00059316
 -0.04373422  0.09557747  0.25451586 -0.00054651 -0.08831085  0.02155078
 -0.07118592  0.05000475  0.00694918 -0.09167449  0.12088226 -0.04461055
 -0.06091695 -0.04589679 -0.05156221 -0.27840394  0.01388567 -0.09592668
  0.12671761 -0.06368249 -0.06629959  0.14021283 -0.01873283  0.11922757
 -0.0204926  -0.05201425 -0.04422574 -0.0642366   0.00360859  0.09863019
 -0.10034804  0.05695487  0.06814487  0.03134888  0.01545471 -0.0123052
  0.04776253  0.13514489 -0.03798362 -0.17647626 -0.0722699   0.0910717
 -0.06803517 -0.14552471 -0.0974686  -0.02169858 -0.0892711  -0.01117729
 -0.03999135 -0.05411669 -0.0002864   0.10302769  0.03587043  0.05721619
  0.01839762  0.05140392  0.00448188 -0.05461194 -0.00631704 -0.03276274
 -0.14601789  0.09166878 -0.03779864  0.00954549  0.07262298 -0.04441141
 -0.01010892 -0.02877227 -0.04703563  0.04630428 -0.06713644 -0.01435329
  0.07025011  0.00192164  0.06547901  0.11053543  0.17896694 -0.05410249
  0.0493205  -0.00200307]