[ 7.29650259e-02  1.88773870e-01  2.45364532e-02  1.00774065e-01
 -3.03346533e-02  2.02589810e-01  7.50225969e-03  6.92274645e-02
  1.06396943e-01  3.84710878e-02  1.69842765e-01  1.45392511e-02
  2.60983761e-02 -2.01563463e-01  2.14058366e-02 -3.33069861e-02
 -3.28287408e-02  6.94141164e-02 -1.44451231e-01 -1.91674475e-02
  1.09902166e-01  2.01685745e-02 -3.85082862e-03  7.44687319e-02
  3.84357274e-02 -2.22702995e-01 -3.07442825e-02 -9.83903781e-02
 -6.19393513e-02  8.39843452e-02  2.46031899e-02 -8.31870958e-02
  1.19022364e-02  1.55426323e-01 -7.04511302e-03 -2.39251945e-02
  7.06485510e-02 -5.55838086e-02 -7.86917508e-02  5.41062653e-02
 -6.49644993e-04 -1.01797365e-01 -3.73077206e-02  4.08360548e-03
 -5.41015640e-02 -1.61786169e-01  3.83658782e-02 -3.06182839e-02
 -6.25651479e-02  1.36985809e-01  1.84408858e-01  1.56248165e-02
 -1.61008000e-01  2.89990474e-02  1.03881837e-04  5.64650409e-02
 -8.04161653e-02 -1.33286238e-01 -1.49801066e-02 -5.47274686e-02
 -5.96307144e-02 -1.44852638e-01  7.80405663e-03 -2.24723160e-01
  6.92425594e-02 -1.37631714e-01  6.47131950e-02 -1.25820311e-02
 -9.28031430e-02  1.45055994e-01  1.29712271e-02  6.18931614e-02
 -3.97882685e-02 -7.00604394e-02 -4.82683964e-02 -1.45651251e-02
  1.90121420e-02  9.79634598e-02 -7.85284415e-02  6.15427904e-02
 -8.20148513e-02 -1.81205533e-02  4.12831306e-02  3.57830189e-02
  1.11118853e-02  1.05172925e-01  2.78656445e-02 -8.58841240e-02
  4.73790504e-02  1.12842664e-01 -8.50398690e-02 -2.27507472e-01
 -1.02364756e-01  2.53478494e-02 -1.02754906e-01 -7.75364488e-02
 -8.18336830e-02 -1.14918649e-01 -3.29961777e-02  7.51257911e-02
  3.78536321e-02  6.10214882e-02 -3.13451812e-02  8.73610191e-03
  5.34284078e-02 -9.04240087e-03  8.16076808e-03  8.49327724e-03
 -1.14808299e-01  1.88119244e-02 -7.97233135e-02  6.36184402e-03
 -5.18959155e-03  1.41552801e-03  5.23997210e-02 -2.29652841e-02
 -3.60489711e-02  7.98719097e-03  1.68462973e-02  7.33329281e-02
  3.75266299e-02  5.58507293e-02  1.12765925e-02  1.60654157e-01
  2.59236723e-01 -3.65068242e-02  1.71960458e-01  1.14982734e-02]