[ 0.0789113   0.18965054  0.15265267  0.07862087  0.00491652  0.23296469
  0.03255796  0.04244615  0.09012768 -0.00813235  0.03879348 -0.07897969
  0.01720399 -0.11560722  0.1963387   0.02817199 -0.02547231 -0.04912759
 -0.16378891 -0.10270774  0.05334833  0.13123365  0.00426833  0.12535088
  0.11337992 -0.26788133 -0.08027449 -0.02558094  0.02229453  0.055953
  0.1609859   0.01115331 -0.07356557  0.13470955 -0.0147181  -0.01297261
  0.10548559 -0.09308247  0.00159962  0.1087708   0.06806516 -0.0965028
  0.01395877 -0.10627178  0.01404516 -0.10207089  0.00588808 -0.00556798
 -0.02249614  0.07736217  0.1762733   0.00821719 -0.02452538 -0.00817329
 -0.04288901  0.02985334 -0.04767627 -0.04587441  0.05989178 -0.05135274
 -0.13969731 -0.01848744 -0.13435799 -0.25349775 -0.01439734  0.02590067
  0.11362993 -0.03320427 -0.14806658  0.0656767   0.00260252  0.13117841
 -0.06171097 -0.04168548  0.06359909 -0.00467811  0.02492863  0.01200566
 -0.03804285  0.16485749  0.09983873 -0.02327364  0.08527081  0.04103823
  0.09356749  0.08297951 -0.01119455 -0.09200602 -0.11555813  0.1112245
 -0.04011505 -0.14686266 -0.08513734  0.07294347 -0.15332203  0.01893034
 -0.05034425 -0.05557591 -0.00602373  0.08157372  0.03834862 -0.00814888
 -0.0393749   0.09911501 -0.05620945 -0.01153578 -0.03868569 -0.00816386
 -0.03299184  0.00976542 -0.04894121  0.05168089 -0.02254485  0.00488562
  0.01969432 -0.0034627  -0.09570593  0.12933323 -0.08357261  0.10425083
  0.09738913  0.03088631  0.01598394  0.09489592  0.16468775 -0.01605278
  0.0670912  -0.01260277]