[ 0.0473452   0.21390043  0.09428863  0.11688378 -0.02852209  0.20709381
 -0.02572465  0.00454176  0.16027567 -0.01235356  0.13497281 -0.04438204
 -0.03164439 -0.16161269  0.06692101 -0.0286969  -0.03159688  0.07023586
 -0.13053255 -0.10612927  0.10255478  0.09464391 -0.03368892  0.08895864
  0.10912752 -0.26180097 -0.03225345 -0.02655111 -0.04069503  0.07905205
  0.12397166 -0.10395044 -0.03411902  0.10864181  0.04460722 -0.00582157
  0.09023019 -0.1344251  -0.01508288  0.0865768   0.02126249 -0.04688442
 -0.00461071 -0.01690751  0.00441458 -0.19067502  0.00927161 -0.02688611
  0.02159631  0.09423738  0.1861321   0.04116033 -0.1037719   0.01064339
 -0.05109267  0.04741067 -0.06770369 -0.12922497  0.01507075 -0.06947659
 -0.07353537 -0.1066406  -0.05615299 -0.21899065  0.01439048 -0.10440923
  0.1273163  -0.06126818 -0.08239228  0.16103727  0.04265197  0.10046761
 -0.00507604 -0.08394369 -0.04432414 -0.04298287 -0.00581361  0.07330313
 -0.10097365  0.08469655  0.00358502  0.0557807   0.07659747  0.06534503
  0.06639042  0.09772722 -0.01316899 -0.0952958  -0.03036494  0.07965624
 -0.08809591 -0.18510734 -0.06533995  0.00327224 -0.09332876 -0.08634335
 -0.09554159 -0.0922764  -0.04997939  0.09382401  0.01782135  0.04093938
 -0.01172454  0.01318763  0.05146712 -0.01482684  0.04503872 -0.04114572
 -0.09859356  0.07936832 -0.07425756 -0.03898564 -0.00773113  0.03994685
  0.01117581 -0.03746975 -0.03768394  0.06921184 -0.03422097  0.01458666
  0.06557216  0.07222828  0.00605133  0.103732    0.23082881 -0.04951957
  0.13440564  0.03876225]