[ 0.09626056  0.17130008  0.01731117  0.11244358 -0.03345208  0.26646516
  0.0517902   0.03010696  0.04764581  0.03339721  0.07694029 -0.03591189
  0.00904189 -0.20781215  0.09754836 -0.00816279 -0.05739947 -0.01241785
 -0.07040015 -0.09590982  0.04517752  0.10445308 -0.05235479  0.12579289
  0.05914591 -0.21601394 -0.04394067 -0.1400239  -0.03454173  0.11409738
  0.06025392 -0.05160872 -0.09911241  0.08400153  0.02490144 -0.01167651
  0.08153535 -0.18463789 -0.04569693  0.094511    0.04822289 -0.1253223
 -0.00896202  0.02202576 -0.02334122 -0.0671597   0.07531843 -0.00364522
 -0.04663274  0.06635319  0.23526312 -0.0055984  -0.04563805 -0.00368857
  0.01050345  0.04829045 -0.04734471 -0.07772559  0.10105114 -0.03854285
 -0.06609455 -0.06108774 -0.04841905 -0.23699997  0.03551092 -0.12745589
  0.1236425  -0.08236125 -0.06098596  0.06112165 -0.0118036   0.1209773
 -0.03090154 -0.08624724 -0.01613102  0.01630533 -0.01871471  0.10740261
 -0.06061485  0.15673217  0.08233549 -0.02457201  0.04313632  0.037537
  0.04901237  0.1153385   0.01455467 -0.14409977 -0.09443034  0.09766921
 -0.09631487 -0.13234654 -0.11755621  0.00919681 -0.18743385 -0.01995389
  0.00731758 -0.10804272  0.03015999  0.07263125  0.06625161  0.0845638
  0.00741563  0.00778612 -0.06167627 -0.05498875 -0.01921393  0.02588714
 -0.16872187  0.11960751 -0.00332901 -0.01825415  0.00780715 -0.09615187
 -0.02402484  0.02537282 -0.08634934  0.06264033 -0.10108738  0.02643042
  0.06049191 -0.01929796  0.0484225   0.08599167  0.18224438  0.00487475
  0.0530983   0.00854287]