[ 9.40989777e-02  2.07894340e-01  5.98179409e-03  1.08559594e-01
 -7.01383948e-02  2.51795411e-01 -2.20175330e-02 -1.28704915e-02
  1.23292081e-01  1.97826941e-02  1.46397576e-01 -6.04307577e-02
 -6.75204583e-03 -1.21346511e-01  7.35029429e-02 -1.55945150e-02
  2.37590410e-02  2.68965475e-02 -7.88488388e-02 -1.12459570e-01
  2.59633809e-02  1.08359687e-01 -1.40705593e-02  1.11772060e-01
  6.88148886e-02 -2.37857550e-01  1.71118453e-02 -3.81752625e-02
 -5.34103215e-02  7.05294162e-02  9.95912030e-02 -7.66780302e-02
 -5.25507703e-02  1.00154907e-01  1.62951343e-04  2.22574212e-02
  1.14323236e-01 -1.24560237e-01 -6.48436975e-03  1.41196355e-01
 -1.44395456e-02 -7.18099177e-02 -3.94921005e-02 -4.71705757e-02
  1.81586575e-03 -1.49646968e-01  1.86775140e-02 -3.57815414e-03
  3.98821384e-03  1.05990782e-01  2.22860098e-01  5.74483871e-02
 -8.46651271e-02  2.86769681e-02 -6.59288093e-02  5.03609590e-02
 -3.44895534e-02 -9.29454714e-02  7.32944980e-02 -4.21611369e-02
 -9.73627716e-02 -6.99530616e-02 -2.62246039e-02 -3.00955534e-01
  9.71252192e-03 -9.44717824e-02  1.53706864e-01 -3.65132242e-02
 -8.57782662e-02  1.63526163e-01  1.41363032e-02  9.69851911e-02
 -3.63548063e-02 -5.47241941e-02 -1.45268645e-02 -4.68397327e-02
  2.52715945e-02  8.55749622e-02 -1.17853336e-01  7.73995295e-02
  1.97448302e-02  1.74720399e-02  5.38709015e-02  9.60389525e-03
  4.77181524e-02  1.17796905e-01 -2.98042782e-02 -1.59091398e-01
 -5.35067506e-02  7.16236904e-02 -9.52042639e-02 -1.89980537e-01
 -4.02764753e-02  1.72284562e-02 -7.02795237e-02 -5.58582954e-02
 -4.00725938e-02 -1.01737849e-01 -9.76582244e-03  9.56133828e-02
  2.20473781e-02  6.99023530e-02 -2.43608989e-02  4.96698543e-02
  1.84438359e-02 -2.32231375e-02  1.40273795e-02 -6.42162859e-02
 -1.53509185e-01  7.46415406e-02 -5.64087294e-02 -6.45314530e-03
  7.13153034e-02  6.22608513e-03 -9.30118375e-03 -3.23093385e-02
 -4.52771932e-02  6.60422146e-02 -3.72853987e-02  1.48889022e-02
  6.20257109e-02 -1.91304402e-03  4.77711968e-02  1.06533602e-01
  2.21286550e-01 -3.71748954e-02  8.39362293e-02  2.95558926e-02]