[-0.08578221 -0.03166384 -0.057663   -0.13705257  0.13554744  0.16189758
 -0.03705195  0.02881144  0.0760728  -0.01750844  0.04843261  0.11412241
  0.04577214 -0.00415596  0.03203852 -0.03176794 -0.05342981 -0.03325065
 -0.01619822 -0.02712172  0.07897066  0.00456819  0.07272554  0.05840234
  0.0724753   0.0313065   0.10930899 -0.05490345  0.05243785 -0.04092577
  0.19150411 -0.13943294  0.05902642  0.0219164  -0.01985584  0.06922632
 -0.00529792  0.01575261  0.03629074  0.0582718   0.1500431   0.02034511
 -0.02483596  0.10795619 -0.16036333 -0.20087285  0.00521096  0.01571543
  0.06166084 -0.02527609 -0.12207761 -0.08953306 -0.05239595 -0.02418235
  0.0226082   0.0928056  -0.07704743  0.21318683 -0.18230337 -0.04269689
 -0.18462892 -0.07974181  0.20875944 -0.08633349  0.09239756  0.00780709
 -0.03480294  0.11106423 -0.0190655   0.07964862  0.03532644  0.12698205
 -0.08481008 -0.08383593  0.09798484  0.04227048 -0.05975538  0.05445896
 -0.02198747  0.01467327 -0.11208439  0.05946351  0.19055326  0.12853755
 -0.09074926 -0.05256673  0.17805041  0.15069701  0.02996769 -0.07971127
  0.03270191 -0.1178554  -0.00466866  0.05111641  0.05480229 -0.13264844
 -0.12295445  0.03326632 -0.08453012  0.0139665  -0.06043745 -0.10886054
 -0.06483188  0.00149596 -0.02308384  0.10554715 -0.06936578 -0.06808522
 -0.01697069 -0.09127415 -0.00826176  0.05107985 -0.0078301   0.11848743
  0.07387305  0.04433725 -0.07363196  0.00998176  0.02240951  0.18487674
  0.10578728 -0.04884305 -0.08940069 -0.00938938 -0.1249451   0.09674136
 -0.0597225   0.12489727]