[-0.11357532 -0.05575953  0.0267216  -0.00437161  0.05357821  0.04814653
  0.0158045  -0.00702283 -0.02292025  0.04959129  0.05830414  0.0877994
 -0.02487216  0.07038417  0.17169322 -0.09385256 -0.03578648 -0.03882428
  0.19265537 -0.04874154 -0.06021678  0.01176336  0.06605183  0.04149399
  0.12042354  0.06209912  0.09767804 -0.09385188  0.02738463 -0.02050146
  0.12084401 -0.15320091  0.11884    -0.08557989 -0.00331562  0.06881964
 -0.05281426 -0.00814514 -0.03156317  0.08033784  0.15423441  0.02567651
 -0.07601222  0.10969473 -0.25503311 -0.04376907  0.03098124 -0.12144
  0.07316114 -0.15942012 -0.03278965 -0.06491218  0.02129337 -0.07102841
  0.0317282   0.13626587 -0.05035636  0.18740246 -0.07289608  0.10937709
 -0.17999212 -0.12035577  0.0813039  -0.05408189  0.21768914  0.03123463
  0.01014499 -0.02427273 -0.01455794  0.05617687  0.06568377  0.15254548
 -0.02189212 -0.07244667  0.12937568  0.06668545 -0.10957171  0.03828733
 -0.0383604   0.00772362 -0.1468685  -0.03139404  0.12181094  0.09976652
 -0.0380551  -0.09250011  0.15750234  0.03535018 -0.09082376 -0.12055642
 -0.06169069  0.01560349  0.03057593 -0.02952112  0.00686877 -0.1365383
 -0.03148233 -0.00945102  0.05653388  0.01907917 -0.13408425 -0.01411853
  0.06270867 -0.11271921 -0.07715379  0.07887127  0.03959976 -0.07947467
  0.04441489 -0.07205094  0.01598212 -0.01567515  0.03792812 -0.06504809
  0.02634158  0.02071893 -0.01910694 -0.04569454 -0.00340263  0.12602574
  0.08239714 -0.10907048 -0.18415615 -0.02496408 -0.02341831  0.16521697
 -0.00805364  0.17810586]