[-0.08148532  0.00031133 -0.09601555 -0.16750082  0.15646644  0.18505515
 -0.11350545 -0.05872896  0.02056142 -0.00032764  0.03830699  0.10104138
  0.03189671  0.04736603  0.04375028  0.01773027 -0.08377422  0.00876072
  0.03392195 -0.06579273  0.04068482  0.12191146  0.05440249 -0.03936103
  0.08462622  0.05953899  0.1552714   0.02562734  0.00565506  0.02914722
  0.12856965 -0.12356644  0.04422287 -0.00475374  0.02732354  0.10829804
 -0.00132544 -0.15173818  0.1094582   0.08517337  0.10639399  0.0030261
  0.08081258  0.1321466  -0.15159805 -0.15370452  0.03994001  0.04818271
  0.06933815  0.00602723 -0.03164867 -0.08179886 -0.0853133   0.0041264
  0.00799133  0.08294512 -0.07909663  0.15582374 -0.15543775  0.01389257
 -0.15332267 -0.06432687  0.19859858 -0.03453696  0.06561636 -0.03702208
 -0.06374347  0.12138306  0.01260484  0.10903647  0.05977691  0.14429615
 -0.04332017 -0.13744877  0.05734678  0.06248881 -0.06909896  0.00423496
 -0.08141091 -0.00755643  0.0546514   0.09378003  0.2016575   0.18709201
 -0.1415717  -0.01655163  0.13189815  0.10658448  0.01872126 -0.0019198
 -0.00786399 -0.09363494 -0.06943898  0.08750595  0.0162744  -0.08295941
 -0.15378724  0.06925254 -0.07793537 -0.0020978  -0.04917568 -0.05975558
 -0.02677264 -0.04868733 -0.01452266  0.10052757 -0.10093474 -0.05941984
 -0.08928446 -0.00682554  0.02214149 -0.03767282  0.00535215  0.14669345
 -0.00930373  0.01033966 -0.01353421  0.07088199 -0.01499756  0.1300278
  0.16714831 -0.09245104  0.00576204 -0.06775212 -0.11297376  0.06799971
 -0.02091119  0.15134583]