[-0.11011376 -0.0068601   0.06125146 -0.16702014  0.09783757  0.09012039
  0.02618341  0.10806794  0.09508932 -0.05194125  0.00363044  0.07711548
 -0.01371866 -0.00713571  0.10428025 -0.08786232 -0.11910872 -0.10950436
 -0.04325579 -0.08377257  0.01550956  0.07287034  0.01145383 -0.0075573
  0.05453029  0.0370978   0.11022167  0.00863991  0.03636781 -0.09909408
  0.15158865 -0.19204085  0.06959514  0.0414282  -0.01112163  0.04017553
  0.01765252  0.02668103 -0.047685    0.08585966  0.22683398  0.01306617
 -0.00422609  0.13705055 -0.15932772 -0.07988854 -0.02754727 -0.04254137
  0.03047088 -0.03998268 -0.15055142 -0.07834341 -0.08557628 -0.01004523
  0.05891173  0.09770004 -0.14319135  0.18370765 -0.18373829 -0.00103438
 -0.17717427 -0.11724699  0.11478773  0.00186309  0.10483949  0.00504048
 -0.02610054  0.07620656  0.00779309  0.09197143  0.07255814  0.08666197
 -0.02381033 -0.06686652  0.14625561  0.07964579 -0.10866335  0.04902001
 -0.01357893 -0.02058109 -0.10587482  0.03368081  0.19843753  0.15253028
 -0.08575409 -0.08695415  0.21451674  0.14113252 -0.00995065 -0.0188743
  0.03895658 -0.12034905 -0.02938516 -0.03902923  0.01295516 -0.09385341
 -0.06633458 -0.0341779  -0.03106474  0.02215985 -0.13223931 -0.06903408
 -0.01822765 -0.04731344 -0.07711101  0.05242153 -0.09599025 -0.01754499
 -0.03053202 -0.12976542  0.06244427  0.01917155 -0.07986519  0.08096129
  0.07790045  0.02228376 -0.03851637 -0.03678055  0.03661125  0.15562831
  0.14844988 -0.00244245 -0.10348443  0.04153043 -0.02771918  0.04368534
  0.00179303  0.11035179]