[-0.09433366 -0.0160108   0.00124439 -0.22468729  0.16848285  0.14585179
 -0.03117976  0.06462053 -0.03795088 -0.01365343 -0.0564011   0.07877751
  0.03808135  0.0430723   0.07543231 -0.0335537  -0.10689804 -0.01508505
 -0.01315893 -0.0592543   0.05451809  0.08608623  0.13797656 -0.08728693
  0.02810858  0.0224711   0.08320595 -0.00613173  0.00249503 -0.05851034
  0.10087521 -0.20316339  0.03995991  0.00498078  0.04594005  0.0219489
 -0.02615118  0.01721265  0.00614131  0.06618828  0.10041215  0.06618953
  0.03388675  0.13849746 -0.2121402  -0.08231588  0.01354542  0.00686788
  0.00934854  0.06115223 -0.06751873 -0.11029341 -0.12002245  0.01947684
  0.02360588  0.03458669 -0.01050055  0.18501802 -0.14251904 -0.02787521
 -0.10840268 -0.03604793  0.14482479 -0.00667793  0.13509314 -0.07793549
 -0.1024089   0.16805881  0.00588548  0.1439698   0.11552497  0.16142659
 -0.01087955 -0.09170055  0.03256348  0.09187706 -0.11574408 -0.00942418
  0.02021721 -0.04386641 -0.05114661  0.03343122  0.19071206  0.19601658
 -0.13939179 -0.11811665  0.16599998  0.16743204  0.06155037 -0.02604911
  0.00891036 -0.08551877 -0.03527166 -0.01482518  0.0303949  -0.10564511
 -0.08338983  0.12147409 -0.13283664  0.01751951 -0.07122813 -0.01858248
 -0.02450857 -0.04789107 -0.04197869  0.04211704 -0.13822535 -0.04208712
  0.00293643 -0.07727671  0.05651074  0.01225077 -0.02496231  0.14567514
  0.02841957  0.06085948 -0.0088005   0.03217682 -0.02607031  0.15746494
  0.10848974 -0.02724325 -0.04500468 -0.04290903 -0.0932446   0.02331479
 -0.01418209  0.1242812 ]