[-0.06194072 -0.07079337 -0.07134997 -0.15886852  0.17483519  0.19031654
 -0.08590245  0.01366678  0.00094747 -0.05853707 -0.00504682  0.11148032
  0.04542597  0.01651164  0.02822455  0.00190031 -0.12761861 -0.01526556
 -0.00815717 -0.02817099  0.09902103  0.06521147  0.10289073 -0.04622319
  0.08411967  0.02859106  0.10702037 -0.02868536 -0.03023398 -0.01108129
  0.13878646 -0.1201352   0.01762611  0.03518222  0.00091223  0.07990951
 -0.03803745 -0.11112096  0.06370173  0.04725617  0.14247665 -0.00344345
  0.06755628  0.14388606 -0.1774704  -0.1844212   0.03468721  0.03468113
  0.07231379  0.0595309  -0.05383901 -0.12128192 -0.08539392  0.02895173
  0.04226359  0.04609278 -0.03909971  0.15171981 -0.13515872 -0.03774996
 -0.11970125 -0.04136191  0.17080434 -0.01025077  0.05842721 -0.05036467
 -0.07364838  0.14032267  0.03543615  0.11857983  0.04275604  0.16826464
 -0.04113104 -0.11460686  0.03545205  0.054355   -0.06644861 -0.01190253
 -0.05429012  0.04272433  0.00464046  0.05706395  0.21405838  0.17230769
 -0.14319131 -0.02214388  0.16924569  0.15801568  0.03234435 -0.03243341
  0.03249995 -0.08998847 -0.07819775  0.04726909 -0.02373457 -0.08340162
 -0.14469975  0.10831546 -0.10826668 -0.00690141 -0.0411879  -0.06678463
 -0.01717743 -0.02328243  0.00056722  0.07638965 -0.13833314 -0.0034761
 -0.07021823 -0.035291    0.00148667  0.00028745 -0.04286799  0.12892941
  0.01657781  0.04288327  0.01077874  0.05033851 -0.00343833  0.17183506
  0.15065263 -0.03980426 -0.00382999 -0.05657743 -0.13810468  0.03205929
 -0.00773556  0.17456545]