[ 0.2151731  -0.08913893  0.04504724  0.07747236  0.07319641  0.15598251
  0.0524284   0.07486161 -0.04277082 -0.16684347  0.1725235   0.10760096
  0.04559458 -0.07260434  0.03593129 -0.07645912  0.01527602  0.05955743
 -0.16983417  0.117063    0.10450377  0.12037242  0.0623538   0.13922457
 -0.00061286 -0.15836868 -0.01405427 -0.03401111 -0.09825117  0.01502771
 -0.02794847 -0.06897653 -0.05296064  0.19103663 -0.0734113  -0.01357143
 -0.0552061  -0.05348694 -0.05663342  0.07833359  0.06011468  0.04529899
 -0.07091016  0.05187571 -0.17592192 -0.22777222 -0.03322044 -0.03265535
  0.03159955  0.26260203  0.10090877 -0.07275429 -0.17157739  0.090176
 -0.0084969  -0.06868719 -0.08123437  0.07083081 -0.03289998  0.05786599
 -0.0921145  -0.01730857  0.06015098 -0.10725851 -0.0689164  -0.12078154
  0.06145554 -0.03333716 -0.09399761  0.08315335  0.05985951  0.06304236
  0.08307463  0.06662133 -0.0618902  -0.08257095  0.02084979 -0.09540305
 -0.04259822  0.14084519  0.03215322 -0.05023097  0.07968744 -0.08093639
 -0.0090162   0.08065015  0.07720073 -0.0831884  -0.06552898  0.05001422
  0.10277808 -0.18616731 -0.10968088  0.02673442 -0.06398826 -0.08192135
 -0.10447286 -0.09326214 -0.0880238   0.02424994 -0.04058181  0.07245405
  0.03719832  0.07213861  0.00865885  0.03621302 -0.019908    0.05634612
 -0.03929718 -0.04998409  0.02876572  0.06593844  0.0035907   0.11205789
 -0.01988691  0.00547236  0.08888715  0.03540587 -0.00145666  0.11496563
  0.00358841  0.00799651 -0.02962556  0.10480648  0.10807333 -0.08022217
  0.12962958  0.03207615]