[ 0.05522167  0.05813773  0.04794019  0.00156663  0.02692129  0.14663279
  0.10609511  0.03236768  0.00297405 -0.04541284  0.13556136 -0.03048343
  0.00194689  0.01607847  0.14241199 -0.10538019 -0.04120526 -0.12331674
 -0.05493891 -0.0226316  -0.00336965 -0.05806487 -0.01113851  0.03662059
  0.10979643 -0.09618352 -0.02854822  0.00629387  0.04924361 -0.09494074
  0.16128653 -0.13282654 -0.09547461  0.02749165 -0.01186165  0.10363669
 -0.08486638  0.0326717  -0.01600556  0.01972407  0.11104336 -0.00884868
 -0.13384828  0.04266543 -0.09433551  0.00140287 -0.07655028  0.02841686
 -0.07267251 -0.04386747 -0.15243824  0.0675128  -0.0899969  -0.08387731
 -0.01810088  0.02715863 -0.23271643  0.23109013 -0.12095615  0.05248542
 -0.18040918 -0.00828328  0.16893172 -0.14326431  0.09426489  0.13300318
  0.04821417  0.0667708  -0.11500677  0.08947317  0.10232472  0.1342608
 -0.01175956  0.00413236  0.0851084  -0.03074185 -0.00448606 -0.01507364
  0.01993117  0.09144498 -0.11815305 -0.12358166  0.03159421 -0.06835609
 -0.10400125 -0.03759238  0.08488815 -0.01477825 -0.03589718 -0.00182937
  0.13678741 -0.11808003  0.02481828  0.00103621  0.0129797  -0.12849349
  0.013101   -0.14028907  0.00530564  0.02321175 -0.10968051  0.0169194
 -0.05879548 -0.06553482 -0.09811284  0.18342957  0.02761716  0.04444476
  0.09607958 -0.11324096  0.06479151  0.08727629 -0.0331255   0.05629662
  0.15502241  0.02171223 -0.07558856  0.05924594  0.10989258  0.15528069
 -0.00177621 -0.10374516 -0.09851113  0.16471083  0.0881968   0.06552638
  0.07395356  0.00643126]