[-0.04905684  0.18236998  0.05142606  0.06162854 -0.09776016  0.12042617
  0.05586568  0.01307062  0.06276553 -0.04149581  0.10412485 -0.1068638
 -0.0108177   0.00861404  0.07192957 -0.06402971 -0.06107604 -0.0692983
 -0.0651263  -0.08947706  0.01142131 -0.13363071  0.00117686  0.0782004
  0.11013717 -0.135607   -0.05255485 -0.00618566  0.10460377 -0.06202914
  0.18548989 -0.0047901  -0.00833262  0.0060818  -0.05339031  0.05400905
 -0.05328446  0.08662173 -0.06081298  0.03709377  0.07491105 -0.07447362
 -0.09796588 -0.00825677 -0.0058949  -0.03666918  0.00416056 -0.04352501
 -0.13976286 -0.11532542 -0.13227323  0.09867346  0.04964719 -0.07251456
 -0.06132825  0.10928789 -0.09865785  0.14397396 -0.00767406 -0.08213324
 -0.20234258  0.04298101  0.10506553 -0.14726642  0.04330459  0.2642976
  0.08972767 -0.05748488 -0.16605484  0.06466351 -0.00691539  0.00672489
 -0.04942784  0.0488595   0.1864275  -0.06151832 -0.00942405 -0.05853819
 -0.04011144  0.04898916 -0.1434202  -0.08657403 -0.01959598 -0.11173611
 -0.04343449  0.07584836 -0.01250046 -0.09688948 -0.06195547  0.00619671
  0.09398077 -0.12879995  0.03040446 -0.05887889  0.06286621 -0.04249349
 -0.01911665 -0.00350161  0.04837087  0.06752034 -0.07017983 -0.03206154
 -0.02173577  0.04544601 -0.07583006  0.17494102  0.04750919  0.04887284
  0.08311939 -0.18342865 -0.00713061  0.1108483  -0.03674279 -0.05323071
  0.13075052  0.00195903 -0.08213484  0.01533009  0.23406386  0.12490171
  0.03242447 -0.12413662 -0.10518828  0.08535635  0.06979205  0.09907506
  0.04577453  0.02739216]