[ 0.0609783  -0.01893089  0.03862552 -0.02259557 -0.02702893  0.05129244
  0.00285064  0.01567517  0.00780147 -0.07253317  0.15249375 -0.01145774
  0.01294434  0.17209324  0.14583056 -0.08872581  0.10137057 -0.12009852
  0.07659975 -0.02902905  0.0054912   0.0706425   0.01616512  0.01080627
  0.01522656  0.02193032  0.04110136 -0.03480411  0.01171996 -0.03375207
  0.0719131  -0.13902323  0.04824402 -0.02440222 -0.0006677   0.13752896
  0.03225699  0.16240689  0.03265181  0.12288178 -0.01129668  0.15948701
 -0.22080864 -0.0815307  -0.07135092  0.08170366 -0.0638085  -0.12803775
 -0.01966559 -0.11838381 -0.13368197  0.10253373 -0.02685086  0.03896134
 -0.03273218  0.04782923 -0.05575499  0.16066822 -0.16013883  0.1185253
 -0.11994047 -0.05905352  0.09433072 -0.18337193  0.12630488  0.00585059
  0.12810446  0.1534002   0.02713866  0.0886403   0.17541216  0.03293771
 -0.04296295 -0.08609594  0.09320486  0.05265848 -0.07783421 -0.00372631
 -0.02777436  0.01309578 -0.16718112 -0.00135769  0.03014061 -0.04925733
 -0.06244395 -0.03131889  0.09756581 -0.06748931 -0.11576489 -0.07809667
  0.03726845 -0.12558697  0.10829454  0.06986439  0.05908744 -0.15311509
  0.03623203 -0.14767399  0.03256975  0.07637462 -0.13295871  0.03967491
 -0.08145149 -0.02715108 -0.08316984  0.1185762   0.06127618 -0.1177263
  0.01783169 -0.13311718 -0.0088501  -0.03591602 -0.00256541  0.02174106
  0.10109121  0.07894099 -0.12204136 -0.09551226 -0.01037898  0.04467263
 -0.03926512 -0.04486331 -0.09051449  0.11454973  0.1631417   0.10351646
  0.06363826  0.0443863 ]