[ 0.00989105  0.21004592  0.12416973  0.03018371 -0.05825442  0.17038138
  0.04583478  0.00424678 -0.00431957  0.04960316  0.12256198 -0.14973749
 -0.04540776 -0.03459711  0.18521348 -0.05503774 -0.06096557  0.02921466
 -0.08931753 -0.11814766 -0.04965545 -0.0054936   0.01252097  0.11090952
  0.11850895 -0.16446376 -0.03239831  0.0489784   0.12317172 -0.0957806
  0.15066406 -0.05313108 -0.11175811  0.04910627  0.0018298   0.05482105
 -0.08087245 -0.01409261 -0.02039375  0.07498503  0.04105051 -0.074255
 -0.11117313  0.01356002 -0.02456029 -0.03985168 -0.02822602  0.06243034
 -0.14832617 -0.02540813 -0.01059941  0.11672142 -0.0555754  -0.11750577
 -0.12465318  0.06371813 -0.12044144  0.14288521  0.02093016 -0.0268729
 -0.18917778  0.05733456  0.08680099 -0.12354327  0.01092111  0.20349482
  0.07133489 -0.05249662 -0.19821869  0.16671847  0.00687753  0.09133863
  0.008458    0.09141634  0.08889154 -0.16550542 -0.0166087  -0.04666761
 -0.00201687  0.02425744 -0.00798196 -0.05740568 -0.02854465 -0.14377402
 -0.03348484  0.00113836 -0.04572222 -0.10839207 -0.03747161  0.09103796
  0.11845483 -0.07166646  0.00438533 -0.0413012   0.05651572 -0.02214701
 -0.03515551 -0.04036585  0.01708486  0.03320078 -0.05470163  0.01601443
 -0.02918342 -0.0123694  -0.04574151  0.14454812  0.04019587 -0.01939991
  0.1432949  -0.10476957  0.07648972  0.17125507  0.03056382  0.0166608
  0.11919736 -0.04916976 -0.0287442   0.06375207  0.17764518  0.08295938
  0.06801061 -0.14113258 -0.05704169  0.10591814  0.07561976  0.03893736
  0.07953809 -0.0275755 ]