[ 6.37517646e-02  2.67810166e-01  7.11925104e-02 -1.53616779e-02
 -2.08344404e-02  1.58099726e-01 -5.83041795e-02 -7.89577961e-02
 -2.81418152e-02 -1.66728143e-02  8.64929035e-02 -1.16238743e-01
 -7.20887110e-02 -3.48191150e-02  4.14950289e-02 -1.17294312e-01
 -1.39591470e-02  7.87431896e-02  2.13050712e-02 -1.00505650e-01
  3.27882543e-02  1.61052167e-01 -9.88553930e-03  1.55294072e-02
  7.01761022e-02 -1.71055719e-01  4.50500771e-02  7.56120607e-02
  9.02679488e-02  9.22938213e-02 -4.42389771e-03 -2.83440471e-01
 -3.25688906e-02 -5.21572679e-02  1.58856526e-01 -4.52557299e-03
 -1.49287237e-02 -1.14041634e-01  1.70770672e-03  4.80803885e-02
 -1.13025822e-01  1.85159296e-02 -6.05130717e-02  9.41643342e-02
 -6.05175607e-02  1.06089108e-01  2.57032271e-02  3.66843678e-02
 -1.24213293e-01  4.37281020e-02  8.68114233e-02  2.40646139e-01
 -3.96423973e-02 -2.55627017e-02 -8.80920067e-02 -7.60440715e-03
 -1.09726014e-02 -2.15578787e-02 -5.25365258e-03 -6.54719248e-02
 -2.14744732e-02  1.78239010e-02  9.56553072e-02 -3.79886366e-02
 -1.56014779e-04 -1.38392240e-01  8.00412297e-02 -2.56112535e-02
 -6.55606613e-02  2.05730438e-01  1.35624275e-01  1.22863380e-02
  3.11667807e-02 -1.24132544e-01 -2.88581904e-02 -8.25985055e-03
 -1.13666184e-01  1.78003833e-02  5.85679337e-03  6.11208901e-02
  4.48243059e-02  6.10562563e-02  3.18326838e-02  5.46063669e-02
  6.69969991e-02 -1.84696876e-02 -1.05758533e-01 -1.02243468e-01
 -1.91755183e-02  1.51637092e-01 -6.37223711e-03 -9.01128054e-02
 -3.66173089e-02  2.23309994e-02 -3.55778262e-02 -1.95860863e-01
  1.10558067e-02  5.44516649e-03 -7.12991366e-03 -3.18304338e-02
  6.23024590e-02  2.33558878e-01  2.89343931e-02 -1.03939235e-01
 -9.77652222e-02  4.87012491e-02  1.07236087e-01 -1.15473280e-02
  4.07294035e-02  5.89685403e-02  1.80762187e-01 -7.90885165e-02
 -3.89084197e-03  8.12613368e-02 -3.94272804e-02  3.15717570e-02
 -9.45541114e-02  3.37910168e-02 -9.05617606e-03 -2.95983627e-02
 -1.70843154e-02 -9.02407020e-02 -4.34800647e-02 -1.92071311e-02
  1.62592605e-01  2.34834645e-02  1.69289589e-01  7.37661822e-03]