[ 3.67733985e-02  2.63254821e-01  7.95773640e-02 -3.91714424e-02
 -5.29049709e-02  1.64568260e-01 -4.33972329e-02  7.70268403e-03
 -9.52866673e-03  8.80862996e-02  8.88864845e-02 -1.24094434e-01
 -1.89175308e-02  5.43174101e-03  6.79742917e-02 -7.59680122e-02
 -3.24132331e-02 -5.63867725e-02 -3.57145630e-02 -1.06449142e-01
 -1.16892606e-02  8.89999121e-02  9.48346592e-03 -6.45851567e-02
  3.78119275e-02 -1.41455099e-01  2.11080499e-02  1.08654685e-01
  5.92235141e-02  1.21035120e-02 -2.64623705e-02 -1.86003551e-01
 -5.86818755e-02  1.68423611e-03  9.88759380e-03  2.64180340e-02
  1.68961361e-02 -8.61637853e-03  3.66176851e-02  1.37299910e-01
 -9.84792933e-02 -3.56311724e-02 -1.48322612e-01 -1.26741096e-01
 -6.11110171e-03  1.14127286e-01 -5.88854179e-02  2.82154102e-02
 -7.92964324e-02  3.96546535e-02  9.33976099e-02  3.51860195e-01
 -1.06001794e-01  3.18568014e-02 -8.42858925e-02 -4.33154181e-02
  7.85552859e-02 -1.17818996e-01 -4.46192734e-02 -3.23986411e-02
 -1.93922296e-02  7.87141733e-04  9.21528973e-03 -9.05918255e-02
 -3.36155668e-02 -4.92411666e-02  9.84733552e-02  1.78265274e-01
  3.37292498e-04  2.08624035e-01  1.36471972e-01  8.49138945e-02
 -2.23092474e-02 -6.07574582e-02  7.99795911e-02  6.66506886e-02
 -7.06318989e-02  3.47577706e-02  3.90612823e-03  6.56893179e-02
 -1.80246066e-02  4.06422827e-04  1.22274697e-01  9.80666429e-02
  1.86400060e-02  2.63428539e-02 -2.58181021e-02 -1.63211282e-02
  4.76343408e-02  9.29317847e-02 -7.78988600e-02 -1.07843973e-01
  5.60856014e-02  1.34483039e-01 -1.32920340e-01 -2.24566415e-01
  4.03303020e-02 -8.18775371e-02  2.33510993e-02 -1.16187828e-02
  1.01064682e-01  1.69027284e-01 -6.36688173e-02 -1.87848583e-02
 -8.06643441e-03  3.97684835e-02  2.63279658e-02 -5.05004916e-03
  2.12676171e-02  3.15788202e-03  7.83858225e-02  7.07818614e-03
 -1.62358047e-04  9.07210708e-02  1.90608408e-02  5.04760779e-02
 -1.55158550e-01  8.35324153e-02 -1.89534742e-02  9.58831888e-03
 -1.81590617e-02 -6.46605864e-02  1.10253831e-02  1.84968989e-02
  2.06194893e-01  6.06861077e-02  1.42133772e-01  3.74746472e-02]