[ 0.0695091   0.29449558 -0.01095922  0.05985767 -0.06973137  0.23827241
 -0.09197964 -0.04603605 -0.0231035   0.05662724  0.14214329 -0.12247305
 -0.06165061 -0.13455224  0.0302107  -0.02564831 -0.02197703  0.07228919
  0.01591922 -0.12607953  0.02423411  0.07530811  0.00667002 -0.00812855
  0.10312423 -0.17634369  0.07258292 -0.02017168  0.00885559  0.05205111
  0.0084886  -0.17769863 -0.0579326   0.00043905  0.06968676  0.01506375
  0.02356038 -0.1724755   0.03749649  0.08576342 -0.09968589 -0.09637407
 -0.05758486  0.04064376 -0.01266833  0.0472828   0.07911036  0.00158771
 -0.17074053  0.05260088  0.17956956  0.19623919 -0.08846296 -0.0025244
 -0.12505664  0.01271399  0.02988626 -0.12320064  0.05499628 -0.06211358
 -0.00834329 -0.02856808  0.06480058 -0.16615546  0.03261965 -0.12167078
  0.08330189  0.01177689 -0.02210133  0.23099867  0.0517179   0.07481275
 -0.02158158 -0.1304391  -0.01759206 -0.03546151 -0.06365831  0.10574684
 -0.09815413  0.06343596 -0.0100588   0.03317571  0.01180673  0.02353033
 -0.01022824  0.12134445 -0.09654696 -0.14434934 -0.02015428  0.10454402
 -0.070444   -0.11587148 -0.09010351  0.03643423 -0.05757573 -0.1147294
  0.01230475 -0.02439116  0.00286265  0.00445726  0.03209948  0.13724916
 -0.00937887 -0.03308631  0.01138741  0.02781543  0.0649205   0.03472481
 -0.0996842   0.05001792  0.04332309 -0.03129434  0.06762026  0.00148189
  0.01100587 -0.03510694 -0.13066044  0.03459072  0.03598898 -0.0308004
  0.00922839 -0.06852715  0.04923193  0.04971638  0.24156819 -0.00851176
  0.15493739  0.01384896]