[ 1.09423764e-01  3.16973060e-01 -2.43548397e-02  9.67717916e-03
 -2.50390824e-02  1.98606223e-01 -1.19948341e-02 -1.46870390e-02
 -1.14710793e-01  9.85034257e-02  1.10711902e-01 -1.30034938e-01
  1.85239110e-02 -4.09103334e-02  3.84587497e-02  3.58445267e-03
  6.28985241e-02  6.16825279e-03 -3.49919572e-02 -6.70556054e-02
 -1.03795389e-02  6.60408661e-02  6.09878125e-03 -2.96735503e-02
  6.78876564e-02 -1.70172557e-01 -2.07252614e-03  6.92546442e-02
  1.00635305e-01  6.83135241e-02 -4.10282910e-02 -1.04389809e-01
 -1.26212120e-01 -2.33060550e-02 -2.02725660e-02 -2.34696269e-02
 -1.42187243e-02 -6.86046556e-02  8.34524259e-02  1.34729624e-01
 -1.26184061e-01 -3.53493132e-02 -7.68172368e-02 -4.68010865e-02
 -1.12575796e-02  1.05672248e-01  2.94608455e-02  1.73198953e-02
 -1.45375878e-01  4.61543947e-02  1.86756417e-01  2.94863254e-01
 -1.39654964e-01 -2.26567010e-03 -1.44532859e-01 -6.52432740e-02
  5.56668043e-02 -5.40850945e-02  7.14817196e-02 -1.88713260e-02
 -3.46344449e-02  1.13182990e-02  4.38737236e-02 -1.67168289e-01
 -4.33170348e-02 -9.36786830e-02  8.25942978e-02  9.55258086e-02
 -5.61148934e-02  1.34242103e-01  1.23131402e-01  1.25331283e-01
 -2.20259139e-03 -4.51626517e-02  2.30529439e-02  2.16003135e-02
 -2.32504383e-02  6.64058775e-02 -4.19289470e-02  9.16770846e-02
  3.37439179e-02 -2.42700223e-02  7.32685626e-02  5.18511981e-02
  1.55485412e-02  9.30154696e-02 -8.23538303e-02 -1.23199821e-01
  1.79686137e-02  4.13252600e-02 -1.11781806e-01 -1.12491034e-01
 -5.06521277e-02  9.79904979e-02 -5.79009727e-02 -1.66552946e-01
  8.13466460e-02 -3.62941138e-02 -3.14816758e-02 -2.46823374e-02
  2.89691575e-02  1.82996392e-01 -1.37724606e-02  1.04100212e-01
 -8.96091983e-02  5.30969054e-02  1.70871336e-02  8.93966407e-02
  2.69081779e-02 -2.60372472e-04  7.87672177e-02  9.71790962e-03
  1.66450087e-02  1.02296978e-01 -1.81453545e-02  8.82339431e-04
 -1.64343864e-01  9.98418182e-02 -1.96050499e-02 -2.62524164e-03
 -7.61025548e-02 -7.69868940e-02  4.29605618e-02  2.93183122e-02
  1.89666897e-01  1.13790799e-02  6.26346543e-02 -2.52112858e-02]