[ 0.03415572  0.16716355  0.10997887 -0.00478665  0.03756687  0.15962222
 -0.05126121 -0.05555648  0.05138842 -0.04432772  0.08867408 -0.07312115
 -0.1215395   0.05931418  0.07833693 -0.08665048 -0.02098077 -0.03280892
  0.01621332 -0.12377188  0.01232258  0.18850479 -0.05283406 -0.0553567
  0.09837734 -0.12253376  0.03035582  0.15892516  0.05777695  0.0035745
  0.03727015 -0.24044864 -0.0730205  -0.05210348  0.06724001  0.11374389
 -0.01868437 -0.14968415  0.01835725  0.12340276 -0.00925234  0.10713483
 -0.08895718 -0.05878002 -0.01861784  0.08167316 -0.05712421 -0.02175324
  0.02976999 -0.00829689  0.02398868  0.26097471 -0.10939328  0.00793791
 -0.04395657 -0.00600627 -0.03857807 -0.01457744 -0.09958257  0.0594698
 -0.02551923  0.00887999  0.05594862 -0.05851031  0.01583871 -0.07493141
  0.11840861  0.08874641  0.04192696  0.28623167  0.19422995  0.14958081
  0.05712823 -0.06811396  0.02775614  0.05770157 -0.08351484  0.05090939
 -0.0719898  -0.04293262  0.05879944  0.1318738   0.130155    0.10096472
  0.03466493  0.002627    0.00124073  0.01208992 -0.06622886  0.08030199
  0.01207487 -0.07739941 -0.00544201  0.08234949 -0.02740642 -0.19682798
  0.00503991 -0.11918186  0.01885347  0.05106263 -0.02091639  0.12186941
 -0.01631596 -0.14420785 -0.06579906  0.10498977  0.06603144 -0.08618261
 -0.01440397  0.05277143  0.1114643  -0.08578812  0.01157819  0.10186732
  0.03550714  0.01644692 -0.05964953  0.07480698 -0.04955378 -0.02718161
 -0.00102552 -0.01855756  0.01612762 -0.00276413  0.15700643  0.07374087
  0.15599455  0.07155009]