[ 6.36019334e-02  1.19074479e-01  3.74961235e-02 -3.85056585e-02
 -3.73959169e-02  1.74804285e-01 -4.80964445e-02  1.76739264e-02
  2.62341667e-02 -1.50919920e-02 -1.00692529e-02 -4.33886796e-02
  8.95040389e-03 -5.68699352e-02 -4.19152789e-02 -1.07459044e-02
 -1.27819359e-01 -8.14820006e-02 -8.09414312e-02  5.94686531e-03
  7.41256252e-02  1.61856547e-01 -4.07480150e-02  3.98756452e-02
 -7.26465359e-02 -4.35295366e-02 -8.13214201e-03 -1.40780574e-02
 -3.09571642e-02  1.04755394e-01 -8.98308605e-02 -1.88096002e-01
 -8.81790072e-02 -1.79055054e-03  6.96707591e-02  3.89656723e-02
 -3.68061173e-03 -2.05872655e-02 -7.17584863e-02  5.63820302e-02
 -1.42664447e-01  7.32362896e-05 -6.93223774e-02 -4.80289571e-03
  6.16447814e-02  6.14704639e-02  3.28078568e-02  2.76710056e-02
 -4.58658561e-02  1.58354685e-01  1.33547053e-01  1.27895102e-01
 -2.59396285e-02  8.09315667e-02  1.38084471e-01 -5.40946871e-02
  2.28315275e-02 -6.94632009e-02  3.94941047e-02 -1.55418172e-01
  3.06113288e-02  8.19812343e-03  5.97438067e-02 -1.56502258e-02
 -5.82735837e-02 -1.81004450e-01  9.61962640e-02  1.06715679e-01
  5.13008535e-02  8.73662606e-02  1.10285960e-01  5.06627187e-02
  4.16272022e-02 -1.11201398e-01 -1.33944917e-02  8.85415375e-02
 -8.74931738e-02  2.48017367e-02  5.53659797e-02  1.26067758e-01
  1.99749589e-01  5.36833368e-02  6.01848066e-02  5.67595959e-02
  3.23716439e-02 -2.08732914e-02 -1.47179179e-02  2.85046548e-02
  8.29402283e-02  1.66769847e-01 -7.53825530e-02 -9.69421789e-02
 -5.72685674e-02  1.17905416e-01 -1.95464492e-01 -4.97382171e-02
  6.31995797e-02 -6.48998991e-02  3.97762209e-02 -1.38650537e-02
  1.82044238e-01  1.72071621e-01 -6.52736127e-02 -1.19611636e-01
 -1.41484261e-01 -1.13625433e-02 -7.35288560e-02 -9.04321074e-02
 -1.04953885e-01  1.07525401e-01  1.54892221e-01  3.71676758e-02
 -2.91846227e-02  1.32015087e-02 -2.24457942e-02  1.48782626e-01
 -1.29038215e-01  6.16651326e-02 -1.92210540e-01 -6.95251897e-02
 -3.19886059e-02 -1.97557192e-02  1.71933204e-01 -7.69617558e-02
  1.01913035e-01  9.34080109e-02  1.38212532e-01 -2.70846416e-03]