[ 0.09912691  0.19429988  0.05065354  0.06695239  0.00702273  0.20918353
 -0.0116067  -0.05122822 -0.10684669  0.00123465  0.06882215 -0.09449746
 -0.05879869 -0.12996805  0.04504424 -0.03228267 -0.05768388  0.04698417
  0.04931355 -0.10565676  0.12921511  0.05268275 -0.00669897 -0.03273388
  0.13972457 -0.11813442 -0.04176812 -0.11092359  0.02291213  0.09374706
 -0.01263898 -0.17010218 -0.08857457 -0.01563209  0.17119303 -0.01975857
 -0.00961729 -0.11747482  0.07736067 -0.05331781 -0.06132433 -0.06349432
 -0.02794673  0.06301547 -0.05320596  0.1478114   0.09220541 -0.03339765
 -0.19800344 -0.02712849  0.12162836  0.18071853 -0.0127853  -0.00109996
 -0.00473175 -0.02775264  0.06882752 -0.08147491  0.00668213 -0.09051935
  0.05902529 -0.02950921  0.05610591 -0.0908995   0.10113025 -0.12612817
  0.02814732  0.04422265  0.02299352  0.18238069  0.08076246  0.09443383
 -0.04321206 -0.20547009 -0.03880626  0.0282452  -0.10974468  0.08818646
 -0.00573756  0.15208025 -0.02599427  0.03565311  0.046869    0.04264648
 -0.00407461  0.02806436 -0.03019335 -0.06360365 -0.05199021  0.09839913
 -0.01045601 -0.05550092 -0.10592715  0.0319883  -0.16616486 -0.14653669
  0.07526693  0.02198432  0.01567687 -0.03412836  0.09016612  0.18925011
  0.00767797 -0.06998486 -0.02956085  0.00173251  0.08366038  0.10349413
 -0.0145471   0.04745055  0.07680205 -0.07728162 -0.05126788 -0.05751804
  0.08097217  0.06460257 -0.18786991 -0.00588162 -0.04525134 -0.00691264
 -0.01750863 -0.03648555  0.02080611  0.01251105  0.21023974  0.05482613
  0.20976292  0.02343998]