[-0.02551243  0.0972321  -0.00068343 -0.11312433  0.06437987  0.03537846
 -0.06367181  0.13383865 -0.10344614  0.01010062 -0.11087835 -0.0075275
  0.10855792 -0.01708036  0.06574095 -0.012768   -0.05834214 -0.07525902
 -0.06162909  0.17205249  0.00999803  0.05450014  0.08699221 -0.02636825
 -0.05633913 -0.08440848 -0.03265595  0.03246533 -0.03978135  0.05855942
 -0.06342223 -0.09510686  0.07357635  0.06266148 -0.01085288  0.01072185
  0.09180105  0.02225885 -0.14470792 -0.01623292 -0.02018151 -0.04025428
  0.18298572  0.08167129 -0.12374268  0.02170355  0.16579312  0.04210775
 -0.01835349  0.28355423  0.08631567 -0.10055608 -0.12273567  0.111343
  0.17792024 -0.0557716  -0.0374034  -0.11095856  0.09568325 -0.17402412
 -0.04321766  0.00054315 -0.08841646  0.00186801 -0.03370686 -0.12738614
 -0.02454329  0.00552876 -0.03176771 -0.07761311  0.05191667  0.03630255
  0.04804701 -0.01125343  0.0610469   0.09206455 -0.01488049  0.04184697
  0.12452082  0.05522331  0.10876247 -0.03737578  0.03723909  0.15975194
  0.05845882  0.03234364 -0.04055781  0.10421468  0.19096108  0.13708681
 -0.06897051 -0.08037675 -0.09895629 -0.03961573 -0.13329904 -0.04189999
 -0.01019514  0.1672232  -0.11233226 -0.09858058 -0.00388835  0.09440542
  0.08867832 -0.00818194 -0.19004461  0.02641467 -0.18995334  0.07346927
  0.01415865  0.0395408   0.03993801  0.03444847 -0.10206386  0.07361096
 -0.15372905 -0.00075379  0.09807335 -0.03545802 -0.11906128  0.07442351
  0.03042203  0.06567456  0.10449097  0.01567901 -0.04417038 -0.0940451
  0.09483636  0.01996038]