[-0.01027004  0.23823588  0.15726966 -0.11021759  0.08240125  0.02702954
 -0.01706065  0.08564337 -0.06437493  0.08811297  0.01915067 -0.13346596
  0.02806089  0.05370326  0.20306599  0.01138295  0.04689577  0.0306377
 -0.09550522  0.0339791  -0.0075353   0.08941634  0.07190235 -0.12705542
  0.01953878 -0.14333177 -0.08706161  0.1595424   0.14415419 -0.03305428
 -0.0455545  -0.02584831  0.0995736   0.0642897   0.04857687  0.00616969
  0.17715192  0.06933744  0.03379515 -0.03451306  0.00610309 -0.0068873
  0.10061081 -0.16128767 -0.10551339  0.1274323   0.03584305  0.03970701
 -0.13992879  0.08636171 -0.06088829  0.1195477  -0.13417558  0.09175872
 -0.02169657 -0.05560409  0.04694118 -0.1867673  -0.09805073 -0.05596592
 -0.07806396  0.02155286 -0.11066453 -0.05467512 -0.02756345  0.15677354
 -0.04087619  0.11016667 -0.0701291   0.02774182  0.08723756  0.00455527
 -0.00164577 -0.00507728  0.14979771  0.05446633 -0.01929189  0.02172846
  0.09532022 -0.12245794  0.01839285  0.0723533   0.03486209  0.13622245
  0.11047632  0.09503613 -0.0975525   0.09711901  0.09729412  0.18700866
  0.08040629 -0.07851261 -0.04987364  0.05533661 -0.05887318 -0.15110265
 -0.07083568  0.12555429 -0.09168157 -0.05189852  0.0103706   0.00181904
  0.04331111 -0.01027659 -0.04632017  0.12238347  0.00690352  0.04353519
  0.1776782  -0.06445837  0.00100947  0.01563295 -0.04160978  0.11425554
  0.01702956 -0.09046635 -0.04733627 -0.00868678 -0.01995074  0.04045459
  0.05136728  0.03067949  0.03508776  0.1104534   0.08071832 -0.0400002
  0.16351362 -0.02836735]