[-0.018819    0.30364129  0.09287623 -0.08390869 -0.02132746  0.00380704
 -0.00578507  0.01618649 -0.08699854  0.03683032 -0.00402046 -0.07096338
  0.0658205  -0.02629033  0.04211743  0.0315561  -0.0659057  -0.09660392
 -0.08897091  0.09053902  0.07569184 -0.00901293 -0.00568878 -0.01800767
  0.01701979 -0.02904319 -0.08232419  0.04519991  0.14455825  0.12252656
 -0.07496226 -0.02096486  0.07103436  0.08542616 -0.01400178 -0.04434443
  0.11180116  0.17683722  0.04883724 -0.00150314 -0.07248584 -0.1090982
  0.14271829 -0.07485307  0.02068244  0.13764776  0.1800037  -0.03044901
 -0.2137312   0.07795909  0.01485552  0.13991641 -0.07387876  0.10224171
  0.13219081 -0.01686552 -0.00300467 -0.06252439 -0.05563209 -0.16451703
 -0.04541221 -0.05291977  0.01196369 -0.03951766 -0.03330091  0.06555446
 -0.0189556   0.03946652 -0.10200607 -0.0548027   0.03403895 -0.02144805
 -0.0879689   0.03677813  0.21047218  0.0631991   0.00663928  0.0290116
  0.11707788  0.08404288  0.0087807   0.01408377  0.04417136  0.11218125
  0.03614723  0.04024204 -0.06957468  0.03524562  0.15810058  0.13788891
 -0.02832007 -0.15232773 -0.02693136  0.07968038 -0.10886452 -0.09118526
  0.01529774  0.12166165  0.02677702 -0.08900853 -0.01687725  0.07047692
 -0.01878206  0.13031268 -0.17528294  0.11171327 -0.07970387  0.15958127
  0.11933859 -0.12976651  0.04926096  0.06165353 -0.18707363  0.06766497
  0.01435341  0.0260275  -0.07888217 -0.04591499 -0.02406297  0.086658
  0.0339078   0.07184394  0.05847342  0.05112254  0.02698717  0.04035986
  0.1605588  -0.05081844]