[-0.07553366  0.18230051  0.08007433 -0.06898078  0.00142912 -0.02482162
  0.00146546  0.04876235  0.1109743  -0.04551836  0.02122176 -0.08063939
 -0.03927283 -0.0732609  -0.01010099 -0.02939827 -0.10348968  0.02926707
 -0.06622743  0.00464089  0.11476758 -0.028051   -0.00965599 -0.15856837
  0.01921414 -0.03731155 -0.06032158  0.02847498  0.11189386  0.00055804
  0.0096488  -0.10144044  0.15553479  0.01492849  0.17048401 -0.06390399
  0.17353806  0.15864646  0.05994249 -0.17134425  0.02011073 -0.04055337
  0.13488545  0.02187115 -0.0403224  -0.02205853  0.05863363 -0.03723195
 -0.12115601  0.00324516 -0.23107998  0.03573308 -0.01464555  0.11698569
  0.05328794 -0.00265027 -0.01744436 -0.14421897 -0.21297917 -0.18649812
 -0.04658001 -0.09994244  0.08965964  0.00423922  0.04441293  0.1367967
 -0.05711725 -0.0360773  -0.02835239 -0.04767853  0.02936402 -0.11300414
 -0.02769401 -0.03381801  0.09115756 -0.03342334 -0.03231566 -0.00364683
  0.0743719  -0.07825261 -0.10018443  0.08804387  0.01682812  0.1209612
  0.08013484  0.02660056 -0.07667279  0.14115639  0.17438033  0.11697543
  0.12357868 -0.1396379  -0.05654    -0.0353341   0.00646564 -0.14631012
 -0.07057305  0.15026216 -0.07737836 -0.00603876 -0.00473269 -0.03385601
  0.01035087 -0.07769263  0.02207621  0.10963465  0.13748226  0.07119374
  0.11587762 -0.07193518 -0.03259482 -0.06950662 -0.11695546  0.07590237
  0.10091978 -0.05392901 -0.00670795 -0.05349426  0.08847452 -0.01399738
  0.0500037   0.06037241  0.0362795   0.05517996  0.08121184 -0.04371232
  0.22659469  0.0165797 ]