[-0.08667579  0.09112895  0.13019854 -0.08120272 -0.00168656 -0.00913686
  0.10969889  0.14035997  0.06787629  0.06168337 -0.01070901 -0.1181263
  0.01069022  0.05820673  0.15125312 -0.11171946 -0.00908311  0.01829171
 -0.06492825 -0.03521122 -0.01619547 -0.1028472  -0.01497015 -0.07372555
  0.04864259 -0.09412986 -0.12366606  0.10136142  0.10972805 -0.11916313
  0.09845719 -0.04965275  0.07571007  0.02051597  0.05986965 -0.0399462
  0.08392235  0.1693646  -0.00585219 -0.13524641  0.09350179 -0.00928074
  0.04196385 -0.07137934 -0.05037403 -0.11041421 -0.09781247  0.0165328
 -0.0350663  -0.06084041 -0.2442376  -0.0206496   0.01895506  0.01318663
 -0.02389273  0.03374395 -0.09462564  0.01293857 -0.13248706 -0.1447382
 -0.12237485  0.00524922 -0.00153703 -0.04700981  0.00433443  0.36731479
 -0.01459409 -0.00632604 -0.13209057 -0.11096469  0.03395296 -0.03319771
  0.0089238   0.04669308  0.10228477 -0.04297107  0.01951602 -0.12447218
  0.14251411 -0.12242629 -0.13554546 -0.02110138  0.02501135  0.00810301
  0.09745088 -0.04841451 -0.02491388  0.12662962  0.18767691  0.05827275
  0.12017416 -0.08104081  0.07824189 -0.05544851  0.04532155 -0.10692766
 -0.05911397  0.04911745 -0.09115238  0.04724267 -0.02358151 -0.07415493
  0.02041223 -0.07144876 -0.03441334  0.15966199  0.08789771 -0.05809664
  0.17418523 -0.10865664  0.00914976  0.03991503 -0.04911091  0.06332251
  0.11228883 -0.08504265  0.00646444  0.03761754  0.11278392  0.00960146
  0.03062274 -0.0592691  -0.04295225  0.06960944  0.02187113 -0.01380621
  0.08033709 -0.02214385]