[-0.08834169  0.08067931  0.10993595 -0.12896621  0.01122994 -0.03295036
 -0.06142514  0.09344288  0.03769965 -0.0312782  -0.02919742 -0.0833715
 -0.00047353  0.04532393  0.04181511 -0.02817076 -0.02330218  0.06845947
 -0.00339707  0.01540473  0.09179135  0.00545817  0.10300348 -0.12233981
 -0.03083461 -0.00744165 -0.02727654  0.03698492  0.06719983 -0.06527758
  0.00626164 -0.13523751  0.1981404   0.0206687   0.15237698 -0.0365966
  0.18552108  0.21559584  0.03426727 -0.1380271  -0.03345721  0.04935904
  0.11892427 -0.04630594 -0.08308518 -0.06565776  0.05387333 -0.03266498
 -0.07170429  0.07629742 -0.19984992 -0.04786726  0.00687806  0.16536854
  0.04280904 -0.01120504  0.109187   -0.12173074 -0.16017112 -0.20574696
 -0.03614441 -0.02588622  0.03029823 -0.01890025  0.04311452  0.1435515
 -0.06844924  0.01570218 -0.02307467 -0.01589155  0.02934369 -0.10480993
 -0.02699623 -0.0105025   0.08926468 -0.02692423 -0.04560403 -0.03974713
  0.1313158  -0.1493547  -0.11031359  0.09799479  0.03623204  0.10678769
  0.0906222  -0.01396093 -0.07408302  0.17932709  0.18992686  0.08336356
  0.11026744 -0.08108948  0.0290329  -0.04476465  0.07078577 -0.12335193
 -0.08840691  0.26072684 -0.13803887  0.0046086  -0.0068926  -0.03470641
  0.01332572 -0.06519472  0.05580452  0.08225892  0.08476781 -0.07324237
  0.12624724 -0.09033093 -0.05841461 -0.04042969 -0.02130807  0.0840091
  0.07201568 -0.02499724  0.06033291 -0.08237609  0.02473946 -0.01231661
  0.05762667  0.03072112  0.04317241 -0.00964559 -0.01017392 -0.04273084
  0.17766701  0.05744194]