[-5.18137030e-02  6.93571493e-02  9.62485969e-02 -2.98165623e-02
  2.91081853e-02 -2.11629029e-02 -2.89230775e-02  4.84258272e-02
 -2.38822233e-02 -7.17157274e-02 -1.62932035e-02 -5.58437183e-02
 -2.19495408e-02  4.45547439e-02  6.89707920e-02 -3.70778292e-02
  1.12946164e-02 -2.24199630e-02  8.13117325e-02  6.65898696e-02
  9.11523029e-02 -9.42301378e-02  4.07870151e-02 -5.21268062e-02
  9.07769874e-02 -2.14701705e-02 -4.23279703e-02 -7.27135557e-06
  6.52210861e-02 -1.40412645e-02  2.98007485e-02 -1.07718706e-01
  1.90599725e-01  2.70580873e-02  1.04815327e-01  6.51633460e-03
  1.44892946e-01  1.24362044e-01  2.56545730e-02 -2.35826597e-01
  1.95368957e-02 -3.07464246e-02  1.76980019e-01 -5.59332743e-02
 -4.96787988e-02  3.43154706e-02  1.10717684e-01 -6.62493110e-02
 -1.48493111e-01 -2.10239030e-02 -2.31880531e-01 -6.16898835e-02
  1.10702090e-01  8.67767558e-02  1.18630625e-01  3.59456614e-02
 -2.36888770e-02 -4.77831587e-02 -1.54192433e-01 -1.68021113e-01
 -4.01105173e-02  4.40840889e-03  4.56327908e-02 -7.83708766e-02
  9.61539894e-02  2.65399009e-01 -9.05263200e-02 -2.77088694e-02
 -9.73946527e-02 -8.15479159e-02 -1.65466219e-02 -9.56275314e-02
 -1.08132735e-01 -8.00050870e-02  1.48095950e-01  3.88246030e-02
  4.17692252e-02 -2.42362376e-02  1.37663767e-01 -4.45874520e-02
 -1.68418393e-01  1.93357058e-02  1.41248968e-03  5.02714813e-02
  8.02529976e-02  3.86042753e-03 -9.29746181e-02  1.31566629e-01
  1.17625825e-01  1.20574258e-01  1.43279463e-01 -7.25461170e-02
  3.21599585e-03  2.80712564e-02  1.76313352e-02 -7.46395886e-02
 -3.88587825e-02  1.94046989e-01 -4.58603092e-02 -3.88440378e-02
 -3.05481516e-02 -4.31782007e-02  1.98167795e-03 -1.01328343e-01
 -5.61329871e-02  1.85842633e-01  1.12958416e-01 -6.21145300e-05
  8.71686488e-02 -1.30795196e-01 -3.05895284e-02 -5.20834960e-02
 -5.05378656e-02 -9.23062116e-03  1.22379370e-01 -2.65869312e-02
 -2.13863775e-02 -6.84602335e-02  4.96771447e-02  7.28290677e-02
  2.74528991e-02 -4.33519995e-03 -8.77362303e-03  1.65147316e-02
  1.84914581e-02  5.98171800e-02  2.19613850e-01 -8.11019621e-04]