[-0.01102644  0.1889175  -0.0891408  -0.12714486 -0.07261837  0.03188117
 -0.13879462 -0.08663788  0.06960791  0.00350733  0.08372291 -0.10731757
 -0.00265467  0.14417115  0.09102885 -0.06061191  0.04036371 -0.08071751
  0.08411754 -0.09056852 -0.11190099  0.17965774  0.01802649 -0.04876526
 -0.00870012 -0.04013654  0.16752754  0.09714514  0.05837164  0.06981524
  0.01042579 -0.08394226  0.14416327 -0.06455423 -0.0197464   0.09742777
  0.11139886 -0.01870883  0.07985616  0.19524948 -0.09606556 -0.01617612
 -0.12138608 -0.07876828  0.01489378  0.20560032 -0.01457466  0.00366927
 -0.05955529 -0.056344   -0.07491483  0.24064842  0.07756314  0.02191569
 -0.17320453  0.04814962  0.05082461 -0.03049587 -0.12734321  0.08216661
 -0.09504009  0.02272844  0.04803366 -0.04032231 -0.10744485  0.00190732
  0.11386006  0.13408072  0.03819199  0.0335172   0.07044715 -0.12393104
 -0.11058824 -0.10677885  0.19076025  0.08589259 -0.0999901  -0.0597723
 -0.08286081  0.01390965  0.0251077   0.06387427 -0.01571544  0.07274166
  0.01589225  0.15618345 -0.08413012 -0.1603543  -0.10782962  0.0510212
 -0.02055776 -0.11465196  0.0502304   0.14550973  0.0289704  -0.10294541
 -0.07539808 -0.05467602  0.09726271 -0.02286566  0.01351786  0.01275902
 -0.03281155  0.00977814 -0.08767474  0.06862296 -0.00097058 -0.03800952
 -0.0719417  -0.02072414  0.08503447 -0.0999456   0.0209468   0.02252478
 -0.09819419  0.034268   -0.13760041 -0.028766    0.09231576  0.01588995
  0.08064553 -0.11110824 -0.04931684  0.02978007  0.07285469  0.02609776
 -0.00784389  0.04085509]