[-2.82750446e-02  2.40395620e-01  9.87819433e-02 -1.09408036e-01
 -7.53133446e-02  6.11208705e-03 -1.58721149e-01 -1.10484362e-01
 -6.72047734e-02 -9.93051603e-02  3.87631990e-02 -1.48976088e-01
 -6.03995759e-05  1.36631846e-01  8.11952055e-02 -3.40362787e-02
 -4.47310396e-02 -3.59571576e-02  3.35640125e-02 -6.79756254e-02
  2.43988838e-02  1.61726207e-01  4.78297547e-02 -6.86537176e-02
  4.76486497e-02 -5.03038727e-02  4.99846637e-02  8.68183672e-02
  7.92329013e-02  9.13799405e-02 -2.32883021e-02 -1.56044126e-01
  1.14429377e-01 -5.24985977e-02  7.69809857e-02  2.86682416e-02
  5.23869507e-02  3.27318534e-02  7.36819729e-02  1.05540559e-01
 -1.29078612e-01  1.18966671e-02 -8.96082539e-03 -2.61978656e-02
  1.08362399e-02  2.45113477e-01  8.56987461e-02 -5.74018992e-02
 -1.74554765e-01 -2.70854495e-02 -5.21523543e-02  1.88353270e-01
  8.10877085e-02  6.40493557e-02 -1.15951218e-01 -2.53817323e-03
  1.01215400e-01 -3.60693410e-02 -4.57169861e-02 -5.07123508e-02
 -9.63571947e-03  7.49322698e-02 -5.66662382e-03  7.01105818e-02
 -7.15532750e-02  1.23245381e-02  6.92271516e-02  6.40426427e-02
  5.26272459e-03  3.15481573e-02  1.05351843e-01 -1.28866494e-01
 -3.57462652e-02 -1.34573713e-01  1.83416560e-01  6.33419231e-02
 -1.77653015e-01 -1.24910444e-01 -1.22521853e-03  1.05000749e-01
  5.96814230e-02  5.48884273e-02  3.71050695e-03  8.55685845e-02
 -5.01102908e-03  1.16906062e-01 -1.15105145e-01 -1.38455480e-01
 -1.28144681e-01  9.10354853e-02 -6.08135015e-03 -8.51713941e-02
  3.32895182e-02  8.09399039e-02 -7.52691180e-02 -1.22602522e-01
 -7.04705119e-02  1.21160723e-01  5.34496754e-02 -5.62887788e-02
 -7.74566084e-03  1.06285200e-01  2.88675632e-02  1.43892281e-02
 -9.63011906e-02  6.56569228e-02  2.31512096e-02  8.46508071e-02
  3.99283022e-02 -8.73359516e-02  1.22915395e-01 -1.23446792e-01
 -9.12511349e-02  3.22299674e-02 -1.01884112e-01  8.83231163e-02
 -1.62699789e-01 -4.28100163e-03  1.07766883e-02 -9.92136775e-04
  2.75562145e-02 -6.39325902e-02 -8.92643332e-02 -4.16722484e-02
  6.91385791e-02  3.84320430e-02  9.04141590e-02  5.08588180e-02]