[-0.04996248  0.15380256  0.03410554 -0.12278926 -0.04026051  0.00678017
 -0.11511695 -0.14627439  0.03344662 -0.07562298  0.06200878 -0.06075026
 -0.06359851  0.09821615  0.03376387 -0.09793324 -0.06631461 -0.04402048
  0.07845667 -0.07668015 -0.07267579  0.21910493 -0.03679434 -0.05529485
 -0.01997989  0.01055494  0.1002238   0.11950532  0.06486445  0.06623989
 -0.01931448 -0.2535691   0.07672022 -0.12218845  0.10208755  0.0726859
  0.04309276 -0.06045823  0.08164876  0.17563342 -0.0684457   0.07493486
 -0.07471476 -0.00518793 -0.00817458  0.17630203  0.00275326 -0.01063819
 -0.01121627 -0.03313234 -0.107593    0.179446    0.05382998  0.03977191
 -0.10314409  0.01053935  0.02745713  0.02198948 -0.15833615  0.07437667
 -0.03942357  0.06567279  0.09668675  0.09013892 -0.07107344 -0.0652077
  0.10366767  0.02716865  0.05562089  0.02964656  0.14801411 -0.08970448
  0.01901828 -0.06859175  0.15039249  0.07564332 -0.18527336 -0.07600643
 -0.01830878  0.02602762  0.09498174  0.10329787  0.04468959  0.14143676
  0.00267092  0.07485866 -0.06014462 -0.08361197 -0.11736447  0.04768914
  0.00537429 -0.05854638  0.08812248  0.09137157 -0.02453161 -0.18486534
 -0.07647891 -0.0270062   0.06069583 -0.01040354 -0.01343383  0.094069
 -0.00194407 -0.10735854 -0.06289711  0.0850509   0.09048205 -0.02928353
 -0.04490951  0.04802864  0.16875313 -0.16746435  0.00889393  0.07477891
 -0.15672342  0.09099518 -0.10779628  0.05006728 -0.02513406 -0.06297141
  0.01905522 -0.11464351 -0.08536176 -0.07706626  0.01337258  0.08493143
  0.00545271  0.07238663]