[-2.85350310e-04  1.52632102e-01  1.13446973e-01 -3.16204354e-02
 -5.50232548e-03 -2.96523864e-03  6.82144985e-02 -6.58198297e-02
  3.33837271e-02 -6.04963675e-03  1.06981605e-01 -1.70168281e-02
 -5.03102764e-02  1.36510015e-01  7.16180205e-02 -5.22620827e-02
 -3.29897627e-02 -6.04382940e-02 -1.54542970e-02 -1.19881384e-01
 -1.51235908e-02  1.99975267e-01 -5.28346486e-02 -1.31029198e-02
  1.14283077e-02 -1.90732274e-02  2.33728904e-02  1.06497288e-01
  1.14668906e-01  9.52641517e-02 -5.97955175e-02 -1.15336150e-01
 -1.47073483e-02 -5.65821193e-02 -1.13865957e-02  4.93274517e-02
 -2.53727343e-02  3.54142822e-02 -1.29544605e-02  2.67086238e-01
 -3.24406363e-02  1.35947838e-01 -1.28883973e-01 -2.42831632e-02
 -3.79244201e-02  1.79575428e-01 -2.95251310e-02 -1.17713124e-01
  5.07681407e-02 -8.74679536e-02  6.19217940e-02  2.85394937e-01
 -1.51974261e-01  1.47714894e-02 -8.37118085e-03  3.47773246e-02
  1.27891349e-02  7.53613934e-02 -7.92445838e-02  1.77427173e-01
 -5.95984943e-02 -1.06428221e-01  1.25229685e-02  1.50689799e-02
  3.03999353e-02 -1.62879825e-01  1.13374539e-01  6.14736378e-02
  6.45305961e-02  2.13385388e-01  1.97019443e-01  1.05820641e-01
  6.15980662e-02  1.96854863e-02  8.90727714e-02  8.15220326e-02
 -1.23911299e-01  4.94304560e-02 -1.01242669e-01 -3.66222188e-02
  5.71325608e-02  8.72401744e-02  9.31531712e-02  1.00702882e-01
 -9.52928793e-03 -4.58394401e-02  7.93149918e-02 -7.92754889e-02
 -1.37650684e-01 -1.70887429e-02 -8.66722092e-02 -5.80666102e-02
  1.73654277e-02 -7.53972447e-03 -3.07834591e-03 -1.64101735e-01
  3.22323404e-02 -1.27911761e-01  1.47633418e-01  6.26133382e-02
 -8.98092985e-02  1.37800083e-01  3.28021869e-02  1.51225347e-02
 -1.07034832e-01 -1.22789049e-03 -1.04837399e-02 -3.92954331e-03
  6.86372891e-02 -5.38003482e-02  9.45375413e-02 -5.39817102e-02
 -9.06340256e-02  5.41537814e-02 -7.24438764e-03  9.41276103e-02
 -9.17275250e-03 -3.12377065e-02 -5.84007613e-02  1.53467190e-02
  3.42398882e-03  3.24065238e-02 -7.75486380e-02  4.19649184e-02
  7.99551606e-02  9.04445201e-02  4.83862013e-02  8.66716951e-02]