[ 0.00586222  0.23273735  0.16305381 -0.09666508 -0.00776075 -0.02640936
  0.03358092 -0.06835222 -0.10231238 -0.08256413 -0.02783634 -0.08977269
 -0.03297802  0.12905295  0.10520873 -0.12940949 -0.03090711 -0.09255154
  0.03569437 -0.0646145  -0.02801644  0.1670476  -0.07950255 -0.07284439
  0.05491457 -0.03596082 -0.04364732  0.19518302  0.14126617  0.09918061
 -0.08178183 -0.16147949  0.02131684 -0.02244901  0.09010635 -0.0456363
  0.08754048  0.01299598  0.07007436  0.01938304 -0.00329727  0.04566697
  0.10954781 -0.03688493 -0.04088071  0.21590623  0.05761147 -0.04178457
 -0.10779678 -0.02411576 -0.07189456  0.17960823  0.02506103  0.08142867
  0.03795913 -0.01600738 -0.03388152  0.04453072 -0.09100529 -0.0417805
 -0.00673107  0.05957115  0.0040287   0.07116071 -0.0638499   0.1170531
  0.06478082 -0.03599573 -0.03682647 -0.02372039  0.10811584 -0.06045611
  0.02818388  0.02277244  0.16875286  0.07595798 -0.07731728 -0.12165858
  0.09794217  0.02187988  0.08512428  0.05521644  0.08413536  0.10114124
  0.10481446 -0.03698104 -0.07032821 -0.03916925 -0.01797704  0.14162305
  0.06809592 -0.08010193  0.05007249  0.01395263 -0.08374884 -0.18191832
  0.0270618   0.06189983  0.07290149 -0.05313466 -0.05309695  0.17402479
  0.10375857 -0.01354274 -0.22358517  0.1045969   0.04298981  0.1073534
  0.06935734 -0.0507273   0.23396608 -0.11759835 -0.15261771  0.07854588
 -0.0724477   0.02268014 -0.02550179  0.0166874  -0.02339808 -0.03651299
  0.02522364 -0.03255951 -0.04790683 -0.0321187   0.03202096  0.03462967
  0.12648621 -0.0075616 ]