[ 0.00923516  0.23726271 -0.06153027 -0.08733393 -0.04749686  0.0012597
 -0.04948792 -0.11043163 -0.02390416 -0.03943391  0.05975042 -0.06445715
  0.03279178  0.09876112  0.01200375 -0.08997401 -0.01248837 -0.09587483
  0.04178088 -0.03107385 -0.04368998  0.0578603  -0.06371182 -0.13748148
  0.0549698  -0.01460438  0.04852056  0.1428308   0.06350157  0.14586614
 -0.05243553 -0.05165033  0.11078954 -0.0301872   0.0256026  -0.03729434
  0.12432196  0.02471555  0.16697879  0.00341443 -0.02634461 -0.07255924
  0.09560953 -0.05082472 -0.01683272  0.12716573  0.03230353 -0.01585221
 -0.10746707 -0.05986622 -0.09548996  0.18962944  0.07786441  0.09699023
 -0.0469052  -0.00819564 -0.03047285 -0.03709902 -0.13552135 -0.05832476
 -0.0606956  -0.00457147  0.07673282  0.0066857  -0.10682131  0.16728517
  0.03999314  0.05402507 -0.03220627 -0.15022114  0.06175851 -0.1551256
 -0.06128831 -0.08265055  0.20743209  0.09475379 -0.03736171 -0.17299344
  0.01266825  0.1149409   0.01248083 -0.01045147  0.07919524  0.11940348
  0.03519257  0.10942636 -0.08856411 -0.08484231  0.0336931   0.08688435
 -0.00948308 -0.17363329  0.04792393  0.12038224 -0.0988059  -0.19167094
 -0.04632596  0.03910302  0.05458192 -0.08480506  0.00254553  0.09107783
  0.05215259  0.0630837  -0.12272523  0.12018508  0.05377938  0.17723028
 -0.03370931 -0.06641137  0.1186026  -0.14011239 -0.12171188  0.09953631
 -0.09179842 -0.01125    -0.13273421  0.06035908  0.09112649 -0.00851671
  0.04859723 -0.10477304 -0.03078621 -0.02915873  0.10321616  0.01080649
  0.08855276  0.02459235]