[ 0.0443292   0.1533135   0.09713098 -0.02053449 -0.10548595  0.08487914
 -0.02167596 -0.04512661 -0.07974806 -0.05405436  0.08214971 -0.08175153
 -0.02859225  0.04762986  0.0661204  -0.18294637 -0.01844887 -0.08052838
  0.11074667 -0.11509491  0.00262486  0.07869814 -0.09649665 -0.01901913
  0.08221575 -0.02342153  0.01946597  0.05881254  0.03275171  0.0521316
  0.01324611 -0.26668406 -0.03583515 -0.07493818  0.09428907 -0.00146912
 -0.03500858 -0.02874066  0.08878859  0.06648915 -0.04824321  0.02123127
 -0.12404208  0.01360606 -0.00092465  0.11805608 -0.02547181 -0.06144089
 -0.10200295 -0.10734012 -0.02117627  0.23533224  0.06387171  0.01193598
 -0.05674968  0.00605859 -0.04337678  0.05460578 -0.07621738 -0.031859
 -0.00251174  0.01845495  0.06499865  0.0004649  -0.01380049  0.00596984
  0.1537879   0.02283269  0.00280376  0.01709077  0.14082807 -0.03414062
 -0.0047398  -0.12038263  0.08384736  0.04882576 -0.13586482 -0.08668194
  0.05886883  0.19891973 -0.07098912 -0.03831834  0.10152417  0.03142555
  0.01585126 -0.04069199  0.0171373  -0.1127278  -0.04827914  0.00878845
 -0.02221267 -0.07632001  0.11666977  0.08887787 -0.12846433 -0.23201358
  0.0744829  -0.09334633  0.03577035 -0.03288845 -0.0027278   0.23013847
 -0.00702164 -0.06181635 -0.10342386  0.08776424  0.12424481  0.0382659
 -0.00560584 -0.02955818  0.17462683 -0.14006221 -0.0958      0.01554861
 -0.01318274  0.08156741 -0.1665044   0.01793257  0.0098893  -0.05196322
 -0.04153383 -0.141184   -0.11685754 -0.04894147  0.18214253  0.09478804
  0.12684397  0.05151098]