[ 0.04557353  0.25401261 -0.06964832 -0.02471905 -0.05243303  0.07153461
  0.01464971 -0.12001152  0.02285116 -0.04862252  0.10851051 -0.03110849
 -0.00474263  0.0011845  -0.01488869 -0.09550944 -0.08551517 -0.10351918
  0.00324489 -0.06671069 -0.01886372  0.05839137 -0.14461876 -0.09943897
  0.07837947 -0.03225744  0.03618746  0.08349512  0.05554499  0.18019545
 -0.048965   -0.02447826  0.02868577 -0.00191699  0.02069856 -0.02240203
  0.07672907 -0.06528834  0.13764998  0.01617517  0.02760351 -0.13735537
  0.06874409  0.02668953 -0.00261986  0.1312665   0.04788659 -0.02450798
 -0.14447878 -0.08103955 -0.04575711  0.22661696  0.02383902  0.05631415
  0.00278215  0.02215793 -0.12398263 -0.0042666  -0.14371319 -0.0105856
 -0.06706378 -0.06296416  0.13668112 -0.01934231 -0.06670398  0.093001
  0.06129787  0.00904478 -0.02887621 -0.05412669  0.05315832 -0.09280682
 -0.06386808 -0.07641155  0.16029097  0.07185035 -0.01835839 -0.0938272
 -0.06032787  0.13619758  0.02237525 -0.00222043  0.06499409  0.08501461
 -0.01056698  0.12026867 -0.03672479 -0.13051097 -0.00783556  0.11887493
  0.01121031 -0.21105891 -0.03548265  0.08552999 -0.13113442 -0.15422916
 -0.01683826 -0.07077215  0.12700336 -0.06497777  0.0028063   0.10814662
  0.03743922  0.03932949 -0.13565037  0.11923847  0.03463782  0.2261526
 -0.09300294 -0.04473841  0.12396593 -0.11685375 -0.1642673   0.03865743
 -0.02832443 -0.0174576  -0.11502084  0.03590057  0.1341081   0.01238125
  0.07651764 -0.0852288  -0.00034789  0.03270539  0.1616662   0.02575762
  0.13518764  0.01574458]