[ 4.51187082e-02  2.05010295e-01 -3.43501121e-02  3.10341846e-02
 -1.05668642e-01  6.60668388e-02  3.14746946e-02 -1.43009678e-01
 -4.75502312e-02 -7.19780102e-02  9.38940272e-02 -2.54834704e-02
 -2.48005297e-02 -2.93040927e-02 -5.74565828e-02 -1.22652300e-01
 -1.37072638e-01 -3.86616960e-02  6.00563996e-02 -5.70981093e-02
  2.66804472e-02  3.52371819e-02 -1.48874819e-01 -1.00343794e-01
  3.90815884e-02  2.53332611e-02 -4.11822610e-02 -3.27159874e-02
  1.41069926e-02  1.88376397e-01 -1.05685294e-01 -1.69882216e-02
 -3.21524777e-03 -2.59855296e-02  9.93230566e-02 -2.58848667e-02
  3.88957523e-02 -5.12051247e-02  1.07167564e-01 -2.23677009e-02
  7.77703337e-03 -1.22653909e-01  3.74537818e-02  8.80778432e-02
 -3.48330140e-02  1.62974864e-01  1.27344564e-01 -7.70142451e-02
 -1.99572071e-01 -9.51786041e-02 -1.51600977e-02  1.97324306e-01
  4.56898324e-02  8.96106511e-02  6.25936463e-02  2.10195500e-02
 -4.66134734e-02 -3.02531347e-02 -7.74364173e-02 -4.22753543e-02
  2.23658569e-02 -3.62817235e-02  1.36435136e-01  2.18399595e-02
  1.00255893e-04  1.26043810e-02  9.57737118e-02 -6.11518361e-02
  3.59309167e-02  2.09815567e-03  4.49117050e-02 -9.94685888e-02
 -1.60778500e-02 -4.99355383e-02  8.69170129e-02  2.19401792e-02
 -9.81868953e-02 -7.35122561e-02 -4.66217957e-02  1.23795994e-01
 -5.97945740e-03  4.00308445e-02  3.95321567e-03  2.19231676e-02
 -2.68860310e-02  8.91304240e-02 -1.79138556e-02 -1.56755507e-01
 -4.25312333e-02  9.67198312e-02  3.59755941e-02 -1.42755345e-01
 -2.36949939e-02 -1.42101226e-02 -1.69998020e-01 -1.49837539e-01
  3.74945253e-02 -1.40747158e-02  1.50371954e-01 -5.54239787e-02
  9.64994822e-03  1.87475875e-01  7.65475407e-02 -1.08101377e-02
 -1.10394627e-01  7.31193423e-02  6.99922293e-02  2.50303328e-01
 -1.05077073e-01  5.19219832e-03  1.18658133e-01 -1.43466175e-01
 -1.88954443e-01 -8.47300664e-02 -2.81573441e-02  8.28965940e-03
 -7.65132234e-02 -8.44461098e-02  1.11116894e-01 -6.00368828e-02
  5.74207492e-02 -7.38604888e-02  1.60396378e-02  6.28454844e-03
  1.55566633e-01  3.11103277e-02  1.79106727e-01  4.78156246e-02]