[ 0.01421639  0.16432479  0.04781807  0.01414487 -0.02423873  0.06210516
  0.05093617 -0.15320273 -0.07609692 -0.11076183  0.04428676 -0.03174203
 -0.06514186 -0.02175262 -0.01391045 -0.13095994 -0.16229068  0.00400146
  0.06595048 -0.07027224  0.05498237  0.07116402 -0.12366931 -0.1185608
  0.05738629  0.00330368 -0.10339411 -0.03309511  0.02872032  0.15151235
 -0.07554143 -0.11750242 -0.02920807 -0.06901309  0.18868801 -0.00362106
 -0.00631947 -0.09028358  0.06726072 -0.05460989  0.02370305 -0.02560114
  0.05707614  0.13172954 -0.0708364   0.20823862  0.1321784  -0.07136042
 -0.1854717  -0.09575664 -0.07818679  0.11652311  0.04444493  0.04928002
  0.06832881  0.01752038 -0.06401306  0.02557557 -0.09749635 -0.01622398
  0.03753827  0.0203697   0.13590799  0.06371723  0.07392282 -0.01299576
  0.05690008 -0.07254811  0.03475138  0.03877398  0.11556816 -0.03942471
  0.0417322  -0.07680836  0.0331087   0.04349903 -0.15502465 -0.07668774
 -0.00597567  0.05961158  0.0186933   0.07127585 -0.0139201   0.05034111
 -0.03765343  0.03930247 -0.01644442 -0.11426074 -0.08353987  0.10681567
  0.09208833 -0.08378265 -0.03449866 -0.06715624 -0.14277402 -0.15033081
  0.03010971  0.01951445  0.10919653 -0.01997659 -0.01456136  0.18663435
  0.09471323 -0.12698787 -0.13042919  0.09304214  0.10572973  0.2019207
 -0.04769071  0.05113053  0.17034715 -0.18061909 -0.16945492 -0.08475881
 -0.01788389  0.04666541 -0.06856435 -0.0522107   0.04394834 -0.06286613
  0.03228647 -0.06412463 -0.02453258 -0.00234416  0.09911164  0.06029276
  0.17388253  0.04538608]