[-0.02481259  0.05508907 -0.12063858 -0.13705577  0.09791283  0.06577887
 -0.12410799 -0.11653136  0.00235026 -0.04166473  0.07388629 -0.00693106
  0.02649159  0.08486167  0.10128631  0.08360966  0.04718244 -0.11441821
  0.12223674 -0.03386552  0.02381121  0.12919597 -0.04252261 -0.06775735
  0.0864758   0.13044742  0.11847394 -0.02897235  0.07277824  0.08414929
  0.1198677  -0.08016696  0.09411893 -0.0454822   0.06559619  0.16895756
  0.09379164 -0.08155189  0.16776091  0.01717672 -0.0015282   0.0225929
  0.07662003  0.08066404  0.03038069  0.14153972  0.09218547  0.01787802
 -0.08095539 -0.16013411 -0.18284093 -0.06871773  0.04217215 -0.04957116
 -0.02921973  0.09469381 -0.17338674  0.15339361 -0.18488149  0.08596427
 -0.09703452 -0.05765459  0.17445797 -0.06874616  0.09776834  0.02821715
 -0.03487837  0.13240391  0.06914442 -0.07096414  0.05322497 -0.00034371
 -0.12730257 -0.24149612  0.09325284  0.07126118 -0.04989118  0.05121147
 -0.06460403  0.02328908  0.06001429  0.08815765 -0.00488484  0.07649401
 -0.11239284  0.03352883  0.01858877 -0.03901678 -0.08983715  0.03116694
  0.06231162 -0.05955313 -0.09209237  0.15999855  0.05652163  0.02307883
 -0.07526516 -0.01758506  0.00685154 -0.00774809 -0.10440138 -0.09242523
 -0.08068369 -0.10654934 -0.15003161  0.14875269 -0.02069682 -0.03562785
 -0.07168119 -0.01440691  0.05226547 -0.12422656 -0.04837104  0.03635344
  0.04617457  0.02278189 -0.17575541 -0.03686412 -0.05653386  0.04760842
  0.07692546 -0.04182606  0.01109401  0.07088839 -0.02686907  0.06535577
 -0.01374323 -0.00497692]