[-0.03876834  0.06227656 -0.05571378 -0.05672155  0.06910456  0.09191846
 -0.15641786 -0.10456887 -0.11989705 -0.06329662  0.05195295 -0.02402527
 -0.01794533  0.02184272  0.10518936  0.07589092 -0.04136178 -0.10470633
  0.20928766 -0.03079833  0.06969088  0.03059702  0.03338899 -0.03968692
  0.18249771  0.1567546   0.11648705 -0.13138707  0.07341771  0.04644439
  0.10663382 -0.06744011  0.08356975 -0.01540747  0.04346759  0.12579146
  0.04691401 -0.07102302  0.17216785 -0.02862968  0.05290808 -0.07928354
  0.11220709  0.10327541 -0.04205924  0.12713711  0.22049522 -0.05867533
 -0.15804991 -0.1558727  -0.1154271  -0.04434846  0.09012874 -0.00923811
  0.04692254  0.08507915 -0.01409478  0.10530144 -0.08256655 -0.03444391
 -0.06024713 -0.03930253  0.15162773 -0.03724119  0.11885903  0.08866914
 -0.03384719  0.0492566   0.104314    0.01142477 -0.05724837  0.05225644
 -0.15450822 -0.16565165  0.17979324 -0.0093082  -0.07374081  0.08955606
 -0.05657548  0.1104793  -0.02128597  0.09146835  0.0426516   0.04538467
 -0.09803818  0.04904188  0.02434742  0.00809454 -0.09367219 -0.00579087
  0.08991668  0.01133951 -0.11133555  0.08094205 -0.01738903 -0.010364
 -0.03937367  0.15260893  0.05299099 -0.07349212 -0.1276117  -0.06858108
  0.00061877 -0.04434956 -0.1120091   0.13868046 -0.01283148  0.08099815
 -0.02989981 -0.08418547  0.02820451 -0.04813318 -0.08146611 -0.07124758
  0.08221827  0.01406146 -0.13719998 -0.12872253  0.01290751  0.07620953
  0.12031446 -0.01611553  0.00898003  0.00327331 -0.0771817   0.08984651
  0.07506093  0.09602259]