[-7.03769550e-02  9.22608972e-02 -1.41140044e-01 -1.47121325e-01
  9.39237997e-02  3.39769982e-02 -1.16872542e-01 -1.35176659e-01
 -9.12839025e-02  2.67976127e-03 -6.52544573e-03  4.06256644e-03
  8.02416261e-03  1.13920778e-01  1.03605770e-01  7.90522099e-02
 -3.28209647e-03 -1.31169572e-01  2.06863612e-01 -5.22084944e-02
 -5.61857633e-02  1.28335178e-01  1.35648372e-02 -1.29153356e-01
  6.70447201e-02  1.53203920e-01  1.20603576e-01 -4.06203791e-02
  5.89574389e-02  1.03715554e-01  2.38837600e-02 -3.88003550e-02
  1.02527134e-01 -7.12285563e-02  2.54006553e-02  1.32541567e-01
  1.12944394e-01 -9.60408747e-02  1.65259093e-01  9.02673900e-02
  8.31603818e-03 -2.11270293e-03  1.11199014e-01  4.12121974e-02
 -3.06115504e-02  2.42624193e-01  1.69644028e-01 -3.33185270e-02
 -8.42670873e-02 -1.34058371e-01 -1.19027115e-01 -3.53419520e-02
  4.45089415e-02 -1.60266494e-03 -5.51361125e-03  9.25667807e-02
 -1.58278812e-02  1.07783370e-01 -1.21055640e-01  1.25710189e-01
 -5.04711904e-02 -1.01323668e-02  1.13881335e-01 -4.78691608e-02
  1.05799206e-01  2.84978014e-04 -3.81067358e-02  1.10827498e-01
  1.21390365e-01 -4.68873419e-02  2.31674425e-02  4.39432040e-02
 -1.21347874e-01 -1.42936200e-01  1.58585027e-01  1.23829834e-01
 -7.77279437e-02  5.08203395e-02 -7.88217336e-02 -2.11001392e-02
  5.88078685e-02  9.93972719e-02  8.53262097e-03  1.47511020e-01
 -1.12869121e-01  7.00726807e-02  5.72355511e-03 -5.04207760e-02
 -1.14580430e-01 -1.39528168e-02  1.22790262e-02  1.84140095e-04
 -5.93748428e-02  9.18616727e-02  3.72951403e-02  6.06708275e-03
 -3.76357809e-02  7.79169202e-02  7.52503052e-02 -1.88035984e-02
 -1.35518983e-01 -7.74942711e-02 -6.20271591e-03 -4.52734269e-02
 -1.60156354e-01  9.82329398e-02 -7.05131143e-02  3.62272933e-02
 -1.18267283e-01  1.64671950e-02  6.64077625e-02 -1.41086474e-01
 -2.31629945e-02 -3.17469761e-02 -5.06465733e-02  2.89854929e-02
 -1.09910972e-01 -6.50155246e-02 -5.12273125e-02  4.07170951e-02
  1.06818236e-01 -2.16892734e-02  1.85281355e-02  1.44207068e-02
 -9.89090428e-02  6.93470836e-02 -7.28257596e-02  5.53752147e-02]