[-0.12911882  0.00071177  0.10263664 -0.15815273 -0.01087277 -0.02124301
 -0.09097546 -0.01306974 -0.08446793 -0.00696443 -0.00654851 -0.03915971
 -0.01187087  0.0505381   0.20189664 -0.03672406 -0.09908603 -0.13962731
  0.18255819 -0.03884141 -0.08214144  0.08540229  0.07872514  0.00110869
  0.05797484  0.19428487  0.13329716 -0.07002139  0.12440876 -0.11455423
  0.11189514 -0.17860974  0.09375941 -0.03650959  0.0289706   0.03757529
  0.05771038  0.13198733  0.10915057  0.10254662  0.06774142 -0.01426602
 -0.07256579  0.01501932 -0.08665784  0.05856846  0.07137088 -0.04275986
 -0.0517122  -0.1144985  -0.20029122 -0.07958479  0.11661419 -0.01228768
 -0.05142063  0.05893648  0.04606801  0.17029573 -0.12455788  0.00082778
 -0.09909452 -0.00589712  0.09755557  0.05272382  0.07501829  0.15655431
  0.04163746  0.03126163  0.08166645 -0.08394149 -0.06921413  0.01380742
 -0.07878985  0.03772296  0.2466851  -0.06742408 -0.14302899 -0.02244135
  0.07998338  0.07501906 -0.02657387  0.0166852   0.05425905  0.03326698
  0.00441534 -0.10621257  0.067813    0.07684895 -0.05775534 -0.08281399
  0.10414109  0.08825257  0.10382469  0.06490293  0.00345717 -0.07527855
 -0.04572484  0.09390797  0.06933157 -0.03988301 -0.16042739 -0.11026211
 -0.03932688 -0.05450386 -0.07136465  0.07735793  0.04050954 -0.05309072
  0.08333176 -0.09871292  0.1142261   0.05600134 -0.00156005 -0.0229197
 -0.00693769  0.05095142 -0.11567827 -0.05500899 -0.02927564  0.01782192
  0.07888674 -0.05064404 -0.12311653 -0.03158453 -0.14530668  0.09218404
 -0.07447669  0.08081494]