[-8.76329690e-02  4.11477685e-02 -1.01489611e-01 -8.92458707e-02
  4.24996763e-02  6.18284345e-02 -1.31546870e-01 -1.00961678e-01
 -8.75018388e-02 -1.60923228e-02  3.37769417e-03  2.08808072e-02
 -5.89124449e-02  2.80174483e-02  7.28834644e-02  3.05413939e-02
 -5.00614755e-02 -7.81496912e-02  2.54565597e-01 -8.51575807e-02
 -5.35710007e-02  1.04206838e-01 -1.86881218e-02 -1.19006284e-01
  7.55390227e-02  1.50064155e-01  1.42614931e-01 -9.53367576e-02
 -1.62774511e-02  4.84947972e-02  1.91327501e-02 -1.11505099e-01
  1.03468724e-01 -8.49270225e-02  6.99688420e-02  1.13815241e-01
  7.72972405e-02 -1.86301038e-01  1.34342507e-01  5.64374477e-02
  4.38476279e-02 -3.53069603e-02  9.29756388e-02  7.41502866e-02
 -3.74137871e-02  1.95995718e-01  1.68559045e-01 -8.91012177e-02
 -1.18435293e-01 -1.49766564e-01 -1.00136086e-01 -8.36344436e-02
  9.30933133e-02 -2.28019504e-04 -1.64350346e-02  1.19264886e-01
 -8.62952881e-03  5.01418635e-02 -1.08020335e-01  1.15678407e-01
 -1.23499557e-02 -3.48332641e-03  1.02910899e-01 -3.27659734e-02
  1.45927116e-01 -1.41272023e-02 -2.87501086e-02  2.91246548e-02
  1.26402482e-01 -2.62410659e-02  6.32956345e-03  9.43578035e-03
 -9.98562947e-02 -1.85482651e-01  1.26571104e-01  1.12567402e-01
 -1.10933758e-01  6.19836524e-02 -9.22183767e-02 -2.21182741e-02
 -1.36100519e-02  8.78044367e-02  5.92993107e-03  1.35330260e-01
 -1.19705580e-01  1.04678348e-01  2.02430394e-02 -6.59501404e-02
 -1.42679289e-01 -7.50139076e-03  8.96438304e-03  1.84847359e-02
 -6.23108707e-02  6.63614273e-02  7.61733018e-03  3.33267972e-02
 -2.37709619e-02  5.15243784e-02  6.50771409e-02  1.96098536e-03
 -1.15774676e-01 -5.89516498e-02 -5.26634278e-03 -1.24920689e-01
 -7.75925815e-02  7.95122162e-02  6.75737672e-03  1.65386982e-02
 -2.16112480e-01  4.01266180e-02  4.43702899e-02 -1.81621313e-01
  3.50621380e-02 -1.22015372e-01 -3.74635942e-02  8.23705830e-03
 -1.12681627e-01 -7.92860091e-02 -1.16101876e-02 -1.56142367e-02
  1.05687991e-01 -7.48639181e-02  4.68016230e-03 -3.36407758e-02
 -2.09301598e-02  9.05304626e-02 -2.69760974e-02  7.89164901e-02]