[-2.17692312e-02  1.05495296e-01 -1.88975468e-01 -1.06562398e-01
  9.45297852e-02  3.11571416e-02 -7.43712857e-02 -1.68841198e-01
 -2.48091780e-02  7.27298856e-02  5.25081046e-02  6.93522999e-03
 -4.59244847e-03  9.41931158e-02  5.95163032e-02  5.76098114e-02
 -8.28793086e-03 -4.50751744e-02  1.25540778e-01 -7.31474981e-02
 -8.97733867e-02  1.50700226e-01 -5.36926463e-03 -2.35096022e-01
  4.69559766e-02  7.29703829e-02  1.19049512e-01  3.63421552e-02
  1.10839428e-02  1.45608246e-01 -6.47973344e-02  2.13609263e-02
  1.11431487e-01 -1.00344434e-01  4.93970029e-02  7.25351200e-02
  7.96969309e-02 -1.50179580e-01  1.66433245e-01  6.03745840e-02
 -1.42524866e-02 -4.12717499e-02  6.03846423e-02  1.73097588e-02
 -6.60528392e-02  2.50795901e-01  3.92449498e-02  8.72171484e-03
 -4.39898036e-02 -1.32225469e-01 -3.05366777e-02  1.15533799e-01
  9.71824396e-03 -6.11226773e-03 -8.49249437e-02  3.98229063e-02
 -3.48508335e-03 -4.56265919e-02 -1.55663937e-01  1.99143127e-01
 -4.28156666e-02 -6.25887662e-02  8.79901648e-02  8.47551040e-03
  6.43958971e-02 -4.25051562e-02 -7.00690597e-02  1.70033365e-01
  1.01306319e-01 -8.14474095e-03  9.57166329e-02 -1.83180091e-03
 -7.03755915e-02 -2.05643162e-01  7.24023804e-02  1.70134142e-01
 -6.87729940e-02 -3.18815783e-02 -1.44079059e-01 -3.30541618e-02
  9.19700935e-02  5.07802442e-02  1.51341716e-02  1.95603654e-01
 -9.46394205e-02  1.17115334e-01 -1.89929809e-02 -8.22961703e-02
 -9.59511697e-02  4.57320437e-02 -6.11349121e-02 -3.99171039e-02
 -9.16643888e-02  1.32360250e-01 -3.83976363e-02 -5.69888614e-02
 -5.54284379e-02 -2.28507891e-02  8.99150446e-02 -2.66988091e-02
  1.23375030e-02 -6.49904786e-03  2.95362175e-02 -8.28446969e-02
 -5.46768792e-02  4.30804826e-02 -4.94762091e-03  8.24181139e-02
 -1.01083957e-01  6.88771084e-02  4.68588658e-02 -1.87585935e-01
  3.80241079e-03  8.45606532e-03 -6.63603172e-02 -1.18716033e-02
 -1.22967228e-01  4.66395505e-02 -3.45995673e-03  1.55897243e-02
  9.39177200e-02 -8.39595348e-02  2.76446529e-02  4.80623357e-03
  6.30761236e-02  4.14805226e-02  6.61319646e-05  5.93370311e-02]