[-4.39577140e-02  1.34452909e-01 -3.77822481e-02 -9.61564668e-03
 -1.31027371e-01 -2.43724082e-02  1.25320250e-04 -2.11328417e-02
  8.04590136e-02 -7.84868151e-02  8.79055709e-02 -8.77637342e-02
  2.23037023e-02  2.18500555e-01  1.62753288e-03 -5.96174635e-02
  5.89612052e-02 -1.81997493e-02  3.32646780e-02 -4.18144614e-02
  1.27866184e-02 -3.61284055e-02  4.26819064e-02 -7.06298975e-04
 -1.55664533e-02 -5.44592962e-02  3.41078900e-02  5.44147678e-02
  1.15054600e-01  6.21546246e-02  5.35909049e-02 -2.50022300e-02
  1.68673858e-01 -8.20224434e-02 -1.99541226e-02  4.94439974e-02
  1.78820044e-02  2.27836624e-01 -9.52014625e-02  3.12011801e-02
 -1.20780088e-01  9.78942290e-02 -7.09971711e-02  1.69516224e-02
 -3.02205067e-02 -3.10729607e-03  2.74926294e-02 -1.19521610e-01
 -7.14365393e-02 -9.85168219e-02 -1.55058667e-01  7.96250850e-02
  7.78922513e-02  2.41226964e-02 -4.77792248e-02  1.21427760e-01
 -3.14170532e-02  1.45250961e-01 -1.96871422e-02 -8.45264122e-02
 -1.60353214e-01 -7.64252245e-03  1.46490961e-01 -1.11031942e-01
  6.39047250e-02  1.91226393e-01  8.03930238e-02 -6.76578507e-02
 -1.20925032e-01  2.38434691e-02  5.29328734e-02 -1.44427389e-01
 -1.23213744e-02 -1.89597148e-03  1.09106690e-01 -3.31754871e-02
  5.80919534e-03 -1.49960071e-01 -5.25938310e-02 -1.17200889e-01
 -1.05289407e-01 -1.54872024e-02 -1.03029817e-01 -1.13052823e-01
  2.89410166e-02  3.38507374e-03 -1.07956782e-01 -1.29365325e-01
  8.62222351e-03  2.43141558e-02  3.87575552e-02 -1.66981429e-01
  3.77953947e-02 -5.46274967e-02  2.22906828e-01 -3.93959656e-02
 -2.30799243e-02  9.61000323e-02  5.88820279e-02  1.22714840e-01
 -9.33892876e-02  2.66823862e-02  3.12653296e-02  2.07657018e-03
 -1.80996314e-01  1.53747082e-01  6.92338422e-02 -9.83506218e-02
  9.30324420e-02 -2.15441808e-01  8.13644659e-03  2.44191173e-03
 -5.02810394e-03 -7.91526958e-03  5.98414429e-02  1.97450966e-02
  3.12148947e-02 -7.23992437e-02  1.92252859e-01  2.07713153e-02
 -1.63206644e-02 -1.17021523e-01 -5.72999455e-02  1.11560682e-02
  7.38563091e-02  6.79370835e-02  7.80466646e-02  2.03927364e-02]