[-2.85042580e-02  1.27665311e-01 -3.08997277e-02  2.62973234e-02
 -1.06521793e-01 -2.68019550e-02  5.30906068e-03 -4.09862734e-02
  1.19475186e-01 -1.28718600e-01  9.90627110e-02 -6.65026605e-02
  3.24131958e-02  2.14216158e-01  1.44257983e-02 -8.78178179e-02
  7.34711215e-02 -9.39163715e-02  2.01481041e-02  8.85331538e-03
  2.09918097e-02 -4.57883105e-02 -1.77252181e-02  2.20476855e-02
 -1.63669069e-03 -4.86087017e-02 -1.86458994e-02  4.50212322e-02
  8.92029330e-02  7.39947185e-02  9.65614170e-02  1.62054191e-03
  1.53449550e-01 -5.38012385e-02 -1.82854924e-02  1.09794192e-01
  7.29619861e-02  2.20645711e-01 -8.87601078e-02 -4.05833544e-03
 -6.15605004e-02  9.36989263e-02 -5.84987812e-02 -1.51383067e-02
 -5.56934997e-03  3.21719497e-02  4.20377925e-02 -9.73849967e-02
 -4.61557806e-02 -1.11317761e-01 -2.07055792e-01  8.82123485e-02
  8.77325237e-02  3.02019026e-02  3.33825983e-02  1.07804038e-01
 -1.26167357e-01  1.28439501e-01 -5.41971065e-02 -8.84143189e-02
 -1.73368126e-01 -1.93438772e-02  1.29448041e-01 -1.42246202e-01
  4.27811407e-02  1.89962104e-01  1.31046891e-01 -4.56384420e-02
 -8.82557258e-02 -8.93577002e-03  7.02375248e-02 -1.38857350e-01
 -2.46384703e-02 -6.10782113e-03  1.39597252e-01 -5.10659581e-03
  6.76323660e-03 -9.88296941e-02 -3.77938524e-02 -6.26548827e-02
 -1.06599636e-01  1.46240639e-02 -9.97632965e-02 -1.13955818e-01
  5.47842048e-02  1.39198303e-02 -7.31949061e-02 -9.43335965e-02
 -4.34944546e-03  2.86842808e-02  7.61656165e-02 -1.79937467e-01
  5.93720190e-02 -3.82350683e-02  1.59452707e-01 -7.23347962e-02
 -3.94916208e-03  2.73243506e-02  6.76814765e-02  8.33814293e-02
 -1.10413417e-01  2.47411728e-02  1.91626176e-02 -1.40774278e-02
 -2.23364219e-01  1.96702853e-01  5.55015765e-02 -7.28212148e-02
  7.63665587e-02 -1.70932308e-01  2.27236398e-03 -2.11412981e-02
 -8.57531801e-02 -1.42707555e-02  6.36301562e-02  1.40391225e-02
  2.18767891e-05 -1.23668402e-01  1.56250939e-01  3.17977518e-02
 -1.42792910e-02 -4.52806838e-02 -5.10027781e-02  8.05964619e-02
  7.61568546e-02  6.74018040e-02  1.08521417e-01  1.64472051e-02]