[-0.04089822  0.11108569  0.03767863  0.0139103  -0.0470111  -0.06528164
  0.02448545 -0.02879544  0.02487596 -0.03753065  0.08883724 -0.05351916
 -0.00242169  0.17016968  0.06938607 -0.04593153  0.14915574  0.0237785
  0.08672821  0.02026352  0.02336895 -0.00831463  0.02386953  0.07046288
  0.02475822 -0.04322568  0.01576458  0.04783741  0.18431738  0.07138365
  0.05554218 -0.06615596  0.19478595 -0.06810552  0.04969603  0.04150722
  0.05593155  0.1956185  -0.07975445 -0.05288805 -0.09202341  0.10886303
 -0.01880819  0.01458183 -0.05947046  0.04148066  0.05371425 -0.09643152
 -0.07330711 -0.13037701 -0.15080175  0.05141764  0.07359719 -0.02950711
 -0.00201938  0.11623883 -0.07700643  0.13923483 -0.07407544 -0.02745713
 -0.15530799 -0.03957246  0.11597037 -0.12102187  0.13767868  0.16279615
  0.02351529 -0.1232622  -0.1718584  -0.01034732  0.04522039 -0.12724243
 -0.04254786 -0.04033184  0.08927729 -0.02169012  0.04656755 -0.03734353
  0.01547859 -0.13013022 -0.12071052  0.01036633 -0.09623937 -0.07771234
  0.09692572 -0.06839151 -0.12033919 -0.07243078 -0.00748354  0.06407461
  0.06784847 -0.09318434  0.01219528 -0.00232235  0.21749492 -0.05722204
 -0.00861643  0.08323681  0.02806729  0.0735314  -0.09005422  0.03328967
  0.02189185 -0.05087347 -0.17456435  0.17619939  0.15462463 -0.14060576
  0.18391395 -0.18304525  0.00249396 -0.01863403  0.00244061  0.00987215
  0.07880585 -0.00277929  0.01195281 -0.09917881  0.08586127  0.06206696
 -0.04718303 -0.08826254 -0.1041565   0.03349945  0.05065399  0.11668944
  0.10677102 -0.04112026]