[ 0.01105233  0.26138863  0.05384102  0.06057883  0.0095294   0.05481906
 -0.00048116 -0.20031625 -0.06268025  0.0017733   0.09041578 -0.01392779
 -0.06056996  0.04628129  0.06270574 -0.05485794  0.02163386  0.05365394
  0.05843921 -0.02028964 -0.01587608  0.05418586 -0.11450012  0.03551444
  0.13179721 -0.06389132 -0.05485737  0.09452942  0.12573987  0.18634738
 -0.04431893  0.02540573  0.04889671 -0.01448195  0.07514364  0.01693998
  0.02841296 -0.10739443  0.10212421 -0.04593799 -0.00271383 -0.05864126
  0.09594933 -0.07403057 -0.0007725   0.15407018  0.10653578 -0.04008403
 -0.19790119 -0.13177437  0.00293624  0.16168322  0.07515186 -0.02870369
 -0.00151672  0.08475401 -0.11924594  0.05966173 -0.11804563  0.05273998
 -0.0584466   0.05620103  0.08497456 -0.07646871  0.04222341  0.18939504
  0.00744637 -0.09209523 -0.18850164  0.00345197  0.05633413 -0.05692812
 -0.04825266 -0.05557312  0.13004465  0.06273396  0.02030391 -0.09957912
 -0.01070083 -0.01468976  0.02610407  0.08373506 -0.01670298  0.01264427
  0.02947137  0.0604042  -0.11995018 -0.14717063 -0.07288089  0.18543018
  0.04508197 -0.11770513 -0.01379626  0.14002812 -0.04036058 -0.07056581
 -0.04149691 -0.02879432  0.11919682 -0.02865022  0.00758105  0.08095597
  0.01931632 -0.02393164 -0.140698    0.21256931  0.12695307  0.05474899
  0.00226537 -0.03797036  0.11889292 -0.08393601 -0.05250778  0.00188695
 -0.00893301 -0.06745114 -0.12416874  0.04077316  0.07914101  0.02745904
  0.04824419 -0.11397529 -0.05540542 -0.02943905  0.11375234  0.16765186
  0.14141402 -0.08550064]