[-0.0043778   0.11153667  0.05422437  0.0124603  -0.09179787 -0.05451027
 -0.02422963  0.01781497  0.04536038 -0.09229251  0.09998952 -0.09676237
  0.01010596  0.15806057  0.10824266 -0.06752787  0.15737614 -0.03278867
  0.03573375  0.00624349 -0.02557218  0.00793259  0.06620269  0.03366712
  0.02862976 -0.08403961  0.04534038  0.07207814  0.13430433 -0.01078544
  0.10677118 -0.02869866  0.19568424 -0.01986222 -0.00831844  0.03860909
  0.08019747  0.21335883 -0.05685674 -0.00176895 -0.06332118  0.06433723
 -0.08078662 -0.04794001 -0.04725277  0.03446846 -0.00711366 -0.09423865
 -0.07684011 -0.08335663 -0.17215934  0.0970007   0.10296787 -0.00553016
 -0.1127525   0.06736571 -0.04986309  0.07035373 -0.06026719 -0.0364974
 -0.18049642 -0.01458295  0.04657737 -0.13003622  0.04860459  0.20019037
  0.08640449 -0.0644666  -0.16108368 -0.02872099  0.01586927 -0.17965102
 -0.05981893 -0.01743753  0.13761093 -0.05413316  0.0336115  -0.11690266
 -0.01154828 -0.03332431 -0.1397766  -0.04579679 -0.08513552 -0.11025216
  0.11164877 -0.00222041 -0.12239198 -0.11184486 -0.05363975  0.04524269
  0.08138535 -0.1107373   0.03488572  0.02737245  0.18412736 -0.05326924
 -0.02312704  0.05783945  0.0038332   0.04721272 -0.11556707  0.00114007
 -0.00278806  0.03417933 -0.1171195   0.14619288  0.14334524 -0.08208412
  0.17013097 -0.2088393  -0.01490205  0.00938948 -0.01026423  0.03253887
  0.0537453  -0.03495685 -0.03245585 -0.08687495  0.16092724  0.07241267
 -0.0295087  -0.0782031  -0.11313011  0.0721808   0.1265619   0.01935605
  0.10526205 -0.03279338]