[-6.78387955e-02  1.16601020e-01  3.69794201e-03 -1.57233141e-02
 -1.32701024e-01 -3.79391834e-02  1.29663264e-02  5.16679920e-02
  8.85086879e-02 -2.20496505e-02  9.24729705e-02 -8.36373642e-02
  6.63272589e-02  2.19752491e-01  4.51153070e-02 -7.52924904e-02
  1.17260851e-01  1.34730283e-02  2.88252961e-02 -4.28112671e-02
  3.70808765e-02 -2.69014668e-02  9.54762008e-03  7.54183382e-02
 -2.55185738e-02 -4.90215234e-02  2.50690263e-02  5.42401411e-02
  1.53491616e-01  7.51846582e-02  6.64876625e-02 -1.65151972e-02
  1.88293427e-01 -5.52309714e-02 -1.75251849e-02  4.03376222e-02
  5.67611232e-02  2.37895966e-01 -1.28976077e-01  1.86542757e-02
 -9.06605646e-02  1.03140600e-01 -5.46284281e-02  4.33003120e-02
 -4.58667353e-02 -7.88049996e-02  2.89103482e-02 -1.06009223e-01
 -2.12648902e-02 -1.28185526e-01 -9.45103765e-02  5.53651266e-02
  4.76991385e-02  1.45814093e-02 -1.18030077e-02  1.55097693e-01
 -4.98754308e-02  1.20543428e-01  2.39480380e-02 -1.25041023e-01
 -1.78717509e-01 -7.02332407e-02  7.76517615e-02 -1.07325375e-01
  5.06705679e-02  1.65003791e-01  1.03722662e-01 -1.11203797e-01
 -1.12177201e-01  7.59764854e-03  2.62059569e-02 -1.53662115e-01
 -8.60711467e-03 -2.65714601e-02  9.84744132e-02 -5.13842702e-02
  2.76773120e-03 -6.69223368e-02 -1.70471463e-02 -1.31056786e-01
 -1.09499395e-01  6.45646686e-03 -6.18435144e-02 -1.02118276e-01
  9.23679695e-02 -3.97973880e-02 -6.21084087e-02 -8.88742283e-02
  5.29794469e-02  3.21946777e-02 -3.73679749e-03 -1.53983325e-01
  3.48378122e-02 -8.17189068e-02  2.02755287e-01 -5.61668836e-02
 -2.65676863e-02  9.63857025e-02  2.24657133e-02  1.07139684e-01
 -7.69946575e-02  5.78872003e-02  6.14909828e-02  1.94834396e-02
 -1.78393483e-01  1.21452846e-01  5.32956272e-02 -1.52675942e-01
  1.33065060e-01 -2.20297441e-01 -2.87984610e-02  9.99488216e-03
 -4.94829193e-02 -5.92094706e-03  5.82647473e-02  2.73936348e-05
  6.82069436e-02 -1.45721599e-01  1.35719225e-01  1.71185099e-02
  6.30719180e-04 -1.02797374e-01 -7.13695213e-02  2.07075607e-02
  4.81953844e-02  5.78714609e-02  6.73027188e-02  3.07317190e-02]