[-0.02238677  0.09045796 -0.00316604 -0.02476153 -0.12160586  0.01573369
 -0.01422473  0.00693451  0.09280858 -0.0553618   0.10804905 -0.10311023
 -0.02277353  0.1674749   0.07978088 -0.08505035  0.04173779  0.01232367
  0.06060263 -0.07680224 -0.06012305  0.07386424  0.10366761 -0.00405107
 -0.02091303 -0.06936444  0.10139509  0.06861482  0.11110052 -0.01669165
  0.07686144 -0.12413578  0.16951662 -0.0860115   0.03093341  0.03043986
  0.02784613  0.18974195 -0.07585309  0.08451558 -0.09157858  0.11026417
 -0.13729565  0.02369145 -0.11724207 -0.07094727 -0.05711436 -0.07983441
  0.01628176 -0.03097168 -0.11995026  0.1033326   0.07765727  0.0232704
 -0.12722483  0.08578357  0.03176244  0.11005829 -0.03626177 -0.04020825
 -0.21913463 -0.02941682  0.14198801 -0.10210536  0.04536413  0.15145378
  0.09969558 -0.08634383 -0.11658598  0.05503938  0.05323573 -0.1166926
  0.02110116  0.02563446  0.09985977 -0.09059457 -0.03949501 -0.17724636
 -0.04484611 -0.07922086 -0.05062962 -0.04039264 -0.03938445 -0.08502635
  0.08572511 -0.03176649 -0.10514483 -0.10436584 -0.01366725  0.02441983
  0.04897865 -0.11541944  0.04340303 -0.04537335  0.21232384 -0.09970244
 -0.04430973  0.08357471  0.02280075  0.10715942 -0.07373603  0.04108711
  0.04872143 -0.05248964 -0.09781089  0.10175253  0.14682817 -0.16967367
  0.13954157 -0.14939062  0.04444775  0.02363141  0.09149508  0.03308523
  0.02248057  0.00642431  0.06506868 -0.01017003  0.16871291  0.00179208
  0.01936332 -0.17857836 -0.06510857 -0.02002556  0.09057038  0.04077844
  0.09216607  0.07175844]