[-0.0306488   0.02270456 -0.05396613  0.06276611 -0.05802926  0.0311486
  0.03590144 -0.05257697  0.19564094 -0.06090476  0.11315673 -0.02919514
  0.04158653  0.16132475  0.03531151 -0.07224103  0.04172817 -0.05583853
 -0.00601953  0.03417497  0.02111324 -0.08110197 -0.03578406  0.05467219
  0.00237536 -0.04363252 -0.08376121 -0.02686554  0.06201424  0.05044565
  0.15040262  0.05518265  0.11254176 -0.04916111  0.01047438  0.15395647
  0.03131301  0.18660176 -0.08735329 -0.06590061 -0.00582784  0.07368622
 -0.13476004 -0.06021065 -0.00054011 -0.07479814 -0.04412081 -0.01215903
  0.04054983 -0.12760352 -0.24154013  0.03750268  0.13476065 -0.02990481
  0.04371252  0.11116035 -0.15650539  0.12287328 -0.10543858 -0.06451483
 -0.20793042 -0.00896081  0.15742595 -0.16430554  0.05606837  0.24173945
  0.11801133  0.00079668 -0.10234879 -0.0417332   0.06607827 -0.07758836
 -0.03547744 -0.02163964  0.08363093 -0.00640229  0.01566565 -0.12430473
 -0.0167854  -0.05788715 -0.08062001  0.02195367 -0.10556729 -0.130585
  0.04984235 -0.00706636 -0.03354281 -0.02288618  0.02314448  0.01835055
  0.10727755 -0.12289502  0.08452953  0.01617511  0.10674453 -0.06098371
 -0.04108687 -0.06033106  0.05799608  0.08802981  0.00970372 -0.05419261
 -0.02319833 -0.12037869 -0.15573572  0.21360593  0.08916125 -0.1856785
  0.08018537 -0.06132132 -0.02639294  0.02291588 -0.02562728 -0.05384335
  0.10355663  0.02731678 -0.03703624 -0.04846068  0.11182936  0.0378282
 -0.00148718 -0.09938291 -0.02617052  0.07807667  0.02183249  0.14244385
  0.08617819  0.02197598]