[-0.06424219  0.10694321  0.17806852 -0.12107082  0.11827686 -0.03527585
  0.02566983  0.13266774 -0.08064464  0.04929255 -0.03054039 -0.06352592
 -0.03816136  0.0707652   0.19557142 -0.06009768 -0.00280641  0.02291138
  0.03424694  0.01126897  0.01129721  0.08644866  0.03496797 -0.16270642
  0.03574273 -0.04529313 -0.03876453  0.109039    0.11081497 -0.05807974
 -0.07155093 -0.12649696  0.14030403  0.02890162  0.11917064 -0.00140904
  0.16360818  0.03910935 -0.01468082 -0.10894018  0.08575366  0.03397278
  0.14824115 -0.04425189 -0.17563473  0.13914785  0.06357627 -0.03249126
 -0.08913402  0.0173454  -0.13152422  0.03353239 -0.11093897  0.10219496
  0.09170727 -0.00314052  0.01745106 -0.13923997 -0.14476365 -0.03633028
 -0.02287371 -0.04354382 -0.08505275  0.02317402  0.08422528  0.10894681
 -0.08462895  0.03968642  0.02655365  0.05122193  0.07598114  0.01225855
  0.01475325 -0.03628583  0.11843999  0.06994594 -0.04376245  0.0745866
  0.11094988 -0.19317132 -0.05478185  0.09401643  0.06257736  0.16522551
  0.10835022 -0.01505084 -0.02339369  0.18216749  0.10175488  0.1632093
  0.11445888 -0.01046451 -0.07054714 -0.0398041  -0.04231041 -0.15452456
 -0.02747197  0.14469682 -0.05520214 -0.04339282 -0.04513737  0.01979077
  0.10413513 -0.14233495 -0.0579519   0.09409762  0.03085197  0.01303718
  0.13647278 -0.05320077  0.02424622 -0.06778419 -0.06832244  0.04005935
  0.05794201 -0.07820107  0.05910565 -0.11209442 -0.03028538  0.02000052
  0.07985884  0.05214743  0.00883816  0.07722931  0.03383521 -0.02638513
  0.20423229  0.03517805]