[-4.58079018e-02  1.33514285e-01  1.39423162e-01 -1.07202441e-01
  5.06687537e-02  1.45761278e-02  2.25341525e-02  3.01082358e-02
  9.06475037e-02 -8.63591284e-02 -1.32658556e-02 -1.10324129e-01
 -7.34947473e-02  1.28593883e-02  2.21276909e-01 -1.61117643e-01
 -7.07861930e-02 -1.30773649e-01 -1.61819364e-04 -8.39055777e-02
 -7.26748183e-02  1.45479709e-01 -1.57235358e-02 -1.44665599e-01
  6.96403980e-02 -9.66779143e-02 -3.21065187e-02  5.24486080e-02
  3.92089598e-02 -5.99365719e-02  1.21461354e-01 -1.72252834e-01
  9.47295055e-02 -4.20230767e-03  1.20418437e-01  6.37714937e-02
  1.21154279e-01 -1.27208773e-02 -8.38876888e-03 -1.53384553e-02
  1.24896936e-01 -1.62036065e-02 -3.57510932e-02  1.93435419e-02
 -9.07286778e-02  2.50133783e-01 -5.20567708e-02 -1.09250432e-04
 -7.15412945e-02 -5.13489731e-02 -2.44632125e-01  1.11109145e-01
  4.62125093e-02 -2.37248391e-02 -4.46870327e-02  9.57571203e-04
 -1.17134221e-01 -3.60313542e-02 -1.94030359e-01  4.14435379e-02
 -1.03139222e-01 -1.38357235e-02 -3.46666574e-02  7.46322004e-03
  3.90790291e-02  4.72741015e-02  5.73190190e-02  8.95971805e-02
  2.07085423e-02  2.12038066e-02  1.36615604e-01 -3.90210748e-02
 -3.61623727e-02 -1.13235936e-01  1.22158706e-01  9.25205424e-02
 -1.40282869e-01 -3.59059498e-02  3.09023391e-02  3.11292186e-02
 -6.36727363e-02  2.86897719e-02  1.31212380e-02  1.41148165e-01
  6.58157244e-02 -4.41835308e-03  1.37387393e-02  7.82538019e-03
 -8.68779942e-02  1.09314233e-01  1.26709953e-01 -6.47643879e-02
  4.41810349e-03 -1.18204951e-02 -7.62443841e-02 -1.34605169e-01
 -2.45827101e-02 -7.18597099e-02  3.28861317e-03 -2.83655692e-02
 -5.87141812e-02  1.75414216e-02  9.11383796e-03 -1.61071137e-01
 -1.15500942e-01  7.45722726e-02  4.55052666e-02  5.13915829e-02
  6.26323372e-02  1.58454161e-02  1.34905189e-01 -1.14627190e-01
 -1.41010672e-01  9.40867234e-03  2.18841713e-03 -6.31122384e-03
 -1.03391998e-01 -6.39112741e-02  4.68549877e-02  6.13619313e-02
  9.29836631e-02  2.02567466e-02 -9.50776562e-02  1.53783053e-01
  1.31333485e-01 -5.37169389e-02  1.37541980e-01  1.39957098e-02]