[ 0.02542264  0.16666427  0.03379969 -0.10377875  0.10315124  0.04773953
 -0.04609357  0.03299975 -0.09907063 -0.00261374 -0.04482165 -0.09360441
 -0.07937384  0.08733417  0.14407369 -0.03951295  0.03563609 -0.08908432
  0.12498418  0.02353955 -0.05052641  0.13779098  0.04180363 -0.16149032
  0.02446983 -0.09319552 -0.0109152   0.11189777  0.06832962  0.00651122
 -0.08231018 -0.16689648  0.08770178 -0.04047484  0.08257777  0.08506908
  0.12672436 -0.09461295  0.01289578 -0.02251051 -0.04256053  0.04849371
  0.06124533 -0.11962056 -0.07346768  0.3332392   0.07629672  0.00070034
 -0.11670306  0.09022948 -0.12221069  0.18654755 -0.02550451  0.06517749
  0.03453894 -0.03805397  0.06340978 -0.12283913 -0.1318042   0.04668314
  0.01108098  0.10580268 -0.02129756 -0.0556703   0.02030448  0.01554085
 -0.02432624  0.11886422  0.03875281  0.07469266  0.12064769  0.02679961
 -0.04355566 -0.06577957  0.11558589  0.15809721 -0.02618203  0.04512974
  0.07173403 -0.10010207  0.01179063  0.08482199 -0.00651644  0.16236767
  0.0917968   0.0767876  -0.13410072  0.05195339  0.01160577  0.17409758
  0.10194723  0.00595607 -0.05724356  0.09549285 -0.00873144 -0.1364044
  0.04245006  0.0762381  -0.02221688 -0.06265104  0.01803766  0.06336809
  0.02955358 -0.18297844 -0.16650854  0.15063877  0.02645759 -0.01391093
  0.02090866  0.05498961  0.12761563 -0.11787663  0.03100089  0.0069789
 -0.0237734   0.00533365 -0.02382348 -0.03960928 -0.03692663  0.03244448
  0.01429028 -0.0101754   0.06462067  0.0419894   0.03649681  0.03674335
  0.18131652 -0.00437689]