[-0.001472    0.1420182   0.06364869 -0.11193542  0.06667911 -0.03950089
  0.0859578   0.00778751 -0.01441715 -0.00287389  0.0230215  -0.0997246
  0.02203462  0.09084868  0.20527208 -0.07806442 -0.04760332 -0.09901865
 -0.03055904 -0.02996944 -0.0659176   0.0903707  -0.03082502 -0.19358005
  0.04191383 -0.04669963 -0.02935527  0.088542    0.06462215  0.02953445
 -0.03868651 -0.05086796  0.10614888  0.0050274   0.09224066  0.02470639
  0.12361094  0.0281546  -0.00440419 -0.0934277   0.09041937 -0.06058184
  0.09119461  0.06109613 -0.1331116   0.30174568 -0.0028008   0.02015661
 -0.14467257 -0.09211487 -0.16524646  0.06679231 -0.03764765  0.0098519
  0.03532039 -0.00222967 -0.16445249 -0.03982664 -0.12395707  0.04708891
 -0.08884847 -0.07859299 -0.02367841  0.05205214  0.06053137  0.13380997
 -0.05406849  0.10885628  0.01112239 -0.04795649  0.11894004 -0.06044164
  0.00089868 -0.14574844  0.12659989  0.11067484 -0.06986677 -0.03575365
  0.03357282 -0.02658315  0.022402   -0.03823844 -0.02998111  0.10173998
  0.0014879   0.02241867 -0.00295849 -0.00916212 -0.02305908  0.18705066
  0.10038327 -0.10042132 -0.08745218 -0.03834927 -0.12932213 -0.09660588
 -0.01715055 -0.0180966   0.07713608 -0.06893559 -0.03480749  0.0570041
  0.10484939 -0.13205335 -0.16371623  0.07831815 -0.01513706  0.1668113
  0.09807511 -0.05889004  0.12175402 -0.08685322 -0.16720663  0.00788443
  0.02145756 -0.04572096 -0.0826252  -0.03862133  0.02333995  0.04260388
  0.08425363 -0.015305   -0.03376667  0.18308794  0.14080529 -0.0547928
  0.15437733 -0.01983287]