[ 4.52289209e-02  1.00728594e-01  1.53285056e-01  3.68915834e-02
 -4.52069603e-02  9.87643227e-02 -8.82702507e-03  1.51666060e-01
 -7.29864910e-02  8.30961913e-02  1.00193284e-01 -9.15830284e-02
 -3.30891721e-02 -3.98719646e-02  2.16220766e-01 -1.00204535e-01
  4.83414531e-02  1.83021557e-03  5.51980212e-02  1.37109766e-02
 -3.86817716e-02 -2.56827269e-02  1.15099750e-01  1.01914555e-02
  6.20101504e-02 -1.24848224e-01  9.91335697e-03 -2.74850545e-03
  1.62072778e-02 -1.51104763e-01  5.32355495e-02 -1.29498258e-01
  7.80059844e-02  9.45147872e-02  3.33713964e-02  4.06736210e-02
  8.13128203e-02  9.44199190e-02 -3.38546075e-02 -5.58506846e-02
  2.98429816e-03 -6.36240914e-02 -9.11586285e-02 -9.92871746e-02
 -1.40726447e-01 -1.66681223e-02 -3.29419505e-03 -1.19989300e-02
 -1.36999086e-01  9.73604769e-02 -1.61073934e-02  1.14212409e-01
 -6.79342970e-02  3.68149318e-02 -9.71303263e-04 -2.00302363e-03
 -1.72479893e-03 -9.26530212e-02 -7.23816827e-02 -4.02267911e-02
 -1.20281227e-01 -4.86662723e-02 -9.59622115e-03 -2.11651787e-01
  1.15405396e-01  1.30716801e-01  1.99226923e-02  1.53383287e-02
 -1.33536965e-01  1.52379483e-01 -1.00838930e-04  3.91923524e-02
 -7.39990920e-02  5.12086973e-02  6.57134503e-02 -8.67948160e-02
  5.12512624e-02  4.59946878e-02  1.02253452e-01 -1.59975849e-02
 -1.99076161e-01 -9.65778083e-02  8.09085369e-03 -5.96972108e-02
  7.70684481e-02 -4.11611050e-02 -6.03646375e-02  3.78189348e-02
  1.05708949e-01  1.15327790e-01  1.04021065e-01 -5.66311181e-02
  3.18986438e-02  3.49304527e-02  1.51638146e-02 -1.22175701e-01
  3.12746018e-02  2.12025717e-02 -5.39028123e-02 -2.28549838e-02
 -3.30803320e-02  4.96329553e-02 -4.81083617e-02 -8.45735595e-02
  5.82320504e-02  1.24941461e-01  1.15497373e-01 -8.43167454e-02
  1.46981820e-01 -9.00841579e-02 -5.78413419e-02  1.03082567e-01
  7.26692677e-02  5.31097222e-03  1.59363598e-01 -9.96608958e-02
  5.61421476e-02 -8.85844678e-02  1.20108962e-01  1.06250852e-01
  3.98021974e-02 -6.37493134e-02  3.16285738e-03  1.35128722e-01
  1.95264295e-01 -1.21873207e-02  2.81056821e-01  9.90276411e-03]