[ 0.02632363  0.09626001  0.22472733  0.04857685 -0.02485325  0.05807164
 -0.05528393  0.04611271 -0.11063772  0.00181403  0.0582144  -0.0543755
 -0.04780021  0.00660723  0.22556706 -0.13907854  0.08084133 -0.0582609
  0.10889659  0.09175043 -0.06236294  0.03392336  0.06778143  0.13850956
  0.07187671 -0.0900995  -0.0105156   0.03067339  0.07243316 -0.10338634
  0.06022334 -0.13616607  0.07894782  0.0823616   0.03293001  0.09270098
  0.09930115  0.05516566 -0.02936557 -0.03784176  0.03451567 -0.04410797
 -0.08480883 -0.1654305  -0.1140508   0.0942016   0.05068658 -0.00212326
 -0.11824164  0.07728238 -0.04404529  0.1523658   0.04082904  0.01337631
  0.05978889 -0.0079307  -0.00760837 -0.04749311 -0.08499476 -0.020165
 -0.10853922  0.06176715 -0.04390419 -0.15867081  0.06000521  0.12111478
  0.08273295 -0.04376061 -0.15398185  0.09973732 -0.00856169 -0.01504169
 -0.09474389  0.07500517  0.17390431 -0.02736018  0.02860192  0.06240939
  0.16240598  0.06593873 -0.14540729 -0.02099309  0.02801938 -0.03607249
  0.15363123 -0.0533171  -0.07499487  0.04067904 -0.00918578  0.13961647
  0.13305081 -0.00236529  0.11511092  0.1192124  -0.04835805 -0.15144755
  0.03619745  0.00443481  0.00322914 -0.10590838 -0.02038248  0.08365276
 -0.06169878 -0.06166996 -0.02802757  0.16688368  0.13256808 -0.08474497
  0.15087953 -0.05042188  0.0202676   0.07482684  0.03175022  0.00367716
  0.05038189 -0.04715155 -0.01709924 -0.11092613  0.02386325  0.13031164
  0.02149569 -0.0511259  -0.07561141  0.06084103  0.09134717  0.09279639
  0.23355284 -0.02167287]