[ 3.42493621e-03  2.05009654e-01  1.56292826e-01 -5.42509481e-02
 -2.55048797e-02  1.08669996e-02  7.75664225e-02  2.39489991e-02
  4.98370156e-02 -2.92123538e-02  6.24032021e-02 -1.09792314e-01
 -2.71227229e-02 -4.01287675e-02  3.77777405e-02 -7.11702034e-02
 -7.72324651e-02  6.68139681e-02 -1.21746443e-01 -3.76044661e-02
  8.26069489e-02  3.19516063e-02 -4.50826809e-02 -6.67592809e-02
  3.38862538e-02 -5.45377284e-02 -1.09969251e-01  1.03085972e-01
  2.02691048e-01  4.49254597e-03  2.54195649e-02 -3.49670984e-02
  2.63077486e-02  3.33161168e-02  1.14105925e-01 -1.14508860e-01
  6.59893751e-02  1.74518660e-01  9.98293012e-02 -9.22454819e-02
  9.74552333e-03 -1.03776352e-02  4.36576903e-02  8.95966659e-04
 -3.00297271e-02 -1.06369287e-01 -2.03222129e-02 -3.13057634e-03
 -1.03801496e-01 -7.17945909e-03 -1.52610943e-01  1.35788590e-01
 -2.81308219e-02  7.11814016e-02 -3.25763226e-02 -3.06026544e-02
 -3.35279480e-02 -6.42445358e-03 -1.61517680e-01 -1.66576803e-01
 -8.93862173e-02 -4.52475287e-02  1.10688582e-01  2.62248162e-02
 -6.01501092e-02  2.15276867e-01  2.58218553e-02 -8.38999897e-02
 -1.16457075e-01 -2.21905466e-02  2.97537539e-02 -7.80876577e-02
  2.48400941e-02  1.18517622e-01  6.42222241e-02 -1.51536420e-01
 -1.77414063e-02 -1.42174333e-01  8.42324644e-02 -2.93181054e-02
  1.99966627e-04  6.84036613e-02  5.04275002e-02  1.21481798e-03
  1.40084997e-01 -6.18773401e-02 -6.48746416e-02  6.21028729e-02
  1.53720230e-01  1.07296884e-01  1.60489842e-01 -1.22126050e-01
 -2.88763400e-02 -3.24374088e-03  3.22411470e-02 -1.57911509e-01
 -6.04886636e-02  9.78015810e-02 -5.55073321e-02  1.14395507e-02
 -9.78209171e-03  3.04521080e-02  2.75478754e-02  2.60728002e-02
 -3.17737497e-02  1.27219155e-01  1.45233512e-01  4.78165783e-02
  2.38181949e-01 -1.13179460e-01  8.25185627e-02  3.28303501e-02
 -1.47910073e-01  1.35457888e-01  1.05390489e-01 -6.17526881e-02
  2.60934569e-02  8.56386684e-03  1.27443910e-01 -2.79264003e-02
  4.64691110e-02  5.47170034e-03  8.90423357e-03  2.30886992e-02
  5.13779745e-02 -4.15520594e-02  2.06078738e-01 -1.26302987e-02]