[-1.56926494e-02  1.36525244e-01  1.52979908e-03 -1.28994867e-01
  5.19782044e-02  8.15392807e-02 -3.40599157e-02  1.50622014e-04
  4.64821570e-02 -2.16029538e-03  1.98243689e-02 -9.95867699e-02
  3.72826792e-02  7.39306537e-03  5.37322611e-02  4.00461443e-02
 -2.42509991e-02  5.95117472e-02 -5.26599251e-02 -1.21219428e-02
  8.06959867e-02  5.54237217e-02  6.02235198e-02  4.12818119e-02
  2.40696650e-02 -2.67512556e-02  5.34704551e-02  5.43953702e-02
  2.21824050e-01  3.47566754e-02  7.17825890e-02 -1.51139284e-02
  9.05234292e-02  5.22063598e-02  9.04781371e-02 -1.75405759e-02
  1.04663551e-01  9.44002792e-02  4.21661064e-02 -1.32753715e-01
 -1.76451206e-02 -7.38446340e-02  1.14136606e-01  6.89558089e-02
 -5.24353683e-02 -1.08873591e-01  5.49442768e-02  1.27410576e-01
 -8.04368183e-02  4.44805361e-02 -1.39392138e-01  4.77582798e-04
  5.14613986e-02  7.09335832e-03  1.16742291e-02  3.87639217e-02
 -6.75035734e-03  6.06417917e-02 -8.82735625e-02 -2.09631294e-01
 -1.57168239e-01 -1.48564568e-02  1.79030642e-01 -2.70717964e-02
 -4.40187603e-02  2.23676547e-01 -6.48624524e-02 -5.21494634e-02
 -1.21379443e-01  2.72284578e-05 -1.09687783e-01 -7.71096274e-02
 -8.15580338e-02 -1.22932938e-03  8.33423287e-02 -1.37324512e-01
  5.34638651e-02 -5.24323061e-02  7.09637329e-02 -5.83183542e-02
  1.07219942e-01  7.90792704e-02  8.06573872e-03 -1.87639240e-02
  1.16092674e-01 -5.80691770e-02 -1.13635063e-01  1.03284128e-01
  1.56135529e-01  1.87048018e-01  1.99823394e-01 -7.35116079e-02
 -1.15121149e-01  3.27996835e-02  1.06156908e-01 -1.84185486e-02
 -1.30506650e-01  2.32015923e-01 -3.28982696e-02 -3.53323221e-02
  7.17260167e-02 -5.05693182e-02  2.03079879e-02 -1.39488764e-02
 -7.79703408e-02  1.20875910e-01  2.43255012e-02 -7.77670592e-02
  1.80129543e-01 -1.01918615e-01  7.33217672e-02  1.12994388e-01
 -3.40534262e-02  9.91713852e-02  9.15271416e-02 -2.51112822e-02
  4.45504077e-02  4.58742213e-03  8.27952847e-02  7.54001662e-02
  1.20380424e-01 -7.51049444e-02  7.84052834e-02 -1.28626386e-02
 -1.31639928e-01  1.10861491e-02  1.15821518e-01 -1.41420513e-02]