[-0.07397068  0.10524691  0.18058822 -0.11056229 -0.04228048  0.0117946
 -0.03460432  0.08228634  0.01975489 -0.02200595  0.03138136 -0.08885659
 -0.00577543  0.00700152  0.08651493 -0.07796264 -0.09433782  0.04034723
 -0.05136441 -0.0076273   0.02721858  0.05255989  0.08425827  0.03506994
 -0.00588022 -0.00242824  0.03814884  0.08389818  0.16661684 -0.10795576
  0.05206035 -0.16202289  0.09669148  0.04156183  0.0738059  -0.06061951
  0.08268689  0.20904556  0.00502352 -0.022386    0.0258287   0.00047309
  0.01677215  0.01748987 -0.11575902 -0.18362808  0.0097018   0.01451958
 -0.03608337  0.08365014 -0.13477954  0.00514645 -0.00418876  0.09654392
  0.00100603  0.00059773  0.04740953  0.02692264 -0.08748333 -0.21416
 -0.14366575 -0.0222702   0.09261962  0.04007692 -0.04575329  0.21077739
  0.0298359  -0.09698205 -0.07925384  0.01298255 -0.04721073 -0.07052543
  0.03292196  0.13536774  0.15693358 -0.17700259 -0.04922628 -0.08494601
  0.12961598 -0.04508533  0.00505412  0.0447508   0.09530947 -0.00091744
  0.13598283 -0.08928216 -0.03718618  0.14623839  0.15783285  0.08556705
  0.15363857 -0.07071847  0.03948971 -0.03174067  0.05344836 -0.15050635
 -0.11019474  0.19669035 -0.05554174 -0.01517725 -0.0343036  -0.00299136
  0.03829602 -0.01234244  0.01168175  0.09825784  0.09686819 -0.07577423
  0.21160822 -0.14356798  0.06392951  0.12215851 -0.02044552  0.13050732
  0.04444079 -0.03638035  0.07742767 -0.01181983  0.07312411 -0.00610186
  0.0806726  -0.04808417 -0.02003529 -0.0444324  -0.0668743   0.00139635
  0.13221809  0.06721355]