[ 0.02330738  0.14888057  0.0901814  -0.06005171  0.01647613  0.09899586
 -0.00356942  0.03756845 -0.01399233 -0.00692548  0.05777316 -0.10484487
 -0.01149172 -0.0652702   0.05973963  0.00212525 -0.08188064  0.08808032
 -0.0690167  -0.00340141  0.07213669  0.04653299  0.06267025 -0.01521008
  0.03882574 -0.05981817 -0.00965228  0.06620254  0.18375929 -0.02659813
  0.03217753 -0.04788541  0.03717937  0.07176675  0.09318186 -0.06615312
  0.07002395  0.0826902   0.0770274  -0.10935127  0.00419783 -0.07523417
  0.09594136  0.02816868 -0.09626548 -0.16614428  0.04044981  0.06554587
 -0.09496267  0.11429475 -0.08884819  0.05165561 -0.0263684   0.07399394
 -0.00860488 -0.02406667  0.03951328 -0.02015934 -0.08542329 -0.19204333
 -0.13121951 -0.009712    0.14240183 -0.02384659 -0.0554166   0.22071947
 -0.02986786 -0.10248609 -0.1245591   0.03813304 -0.07650194 -0.02758014
 -0.0062545   0.11016226  0.0729481  -0.19103931  0.03588092 -0.08826392
  0.07475334 -0.03003924  0.07779519  0.04546854  0.0572032  -0.01457793
  0.12804522 -0.02445038 -0.1087857   0.10110131  0.17071514  0.16403151
  0.20344995 -0.07374828 -0.10545406  0.01013215  0.05281861 -0.09626388
 -0.10391984  0.22024292 -0.0676552  -0.0250451   0.03073157 -0.0032458
  0.050366   -0.0083262   0.0069159   0.13021606  0.10465695 -0.00303594
  0.20900217 -0.09178688  0.05419608  0.11503658 -0.02034885  0.11524215
  0.09757987 -0.06858872  0.09937168  0.03731203  0.11044817  0.03052342
  0.10081113 -0.06620245  0.08968763 -0.01643328 -0.04615725 -0.02531036
  0.21353862  0.03012186]