[-0.0746175   0.17108111  0.03611996 -0.13718741  0.07798652  0.18861739
 -0.06969209 -0.08134234 -0.01588343 -0.02185551 -0.00186794 -0.02588918
 -0.11588839 -0.08906842  0.13339905 -0.08562043 -0.15315138 -0.03712569
  0.07095078 -0.14549883 -0.09691287  0.18945149  0.02107391 -0.06009433
  0.09793214 -0.05429676  0.11788924  0.07217366  0.07648281 -0.04273131
  0.11914371 -0.26127315 -0.00920809 -0.05323518  0.11355906  0.04181539
 -0.00960216 -0.22252762  0.07498631  0.1165092   0.10483723 -0.04472749
  0.01587279  0.10333146 -0.12027863  0.060083    0.02724357  0.06281863
 -0.06839873  0.03111755 -0.07558378  0.05883586  0.00448401 -0.07425993
 -0.11178546  0.04933517 -0.06965224  0.11285752 -0.15667862  0.06660488
 -0.14409816  0.06825201  0.15840954 -0.00924904  0.05906804 -0.00069587
 -0.00114764 -0.02612483 -0.07640811  0.12533662  0.06115486  0.0911544
 -0.00867104 -0.02975218  0.10634714  0.02860899 -0.12644748 -0.04880905
 -0.02128429  0.03222959  0.06913367  0.03972267  0.11098648  0.17378879
 -0.04682473 -0.01657517 -0.00858564 -0.00537528 -0.07906849  0.08978052
  0.07838111 -0.02504616 -0.03962989  0.05598429  0.01569931 -0.1081372
 -0.06984464  0.02496578 -0.02982177 -0.00720478 -0.05649814  0.01308133
 -0.0202504  -0.1447845  -0.06228176  0.1065799   0.05217687 -0.00406044
 -0.03947627  0.06393821  0.19573952 -0.0441764   0.05665863  0.08190873
 -0.0600343  -0.00149488 -0.05988656  0.13351026  0.06184075  0.0817522
  0.13685085 -0.1491188  -0.05947999 -0.0605108  -0.01079466  0.05809808
  0.03343046  0.05617306]