[ 0.02432953  0.21797067 -0.07036207 -0.1187824   0.05647901  0.13238883
 -0.02652561 -0.0743918   0.03276766 -0.08377206  0.01646117 -0.01694713
 -0.04741639  0.10366978 -0.00540409 -0.01748979 -0.00352994 -0.17510951
  0.05690026 -0.09954673  0.02974493  0.17901397 -0.06309239 -0.02728171
  0.06509741 -0.04149999  0.08318931  0.12681264  0.14132905  0.14501053
  0.01488313 -0.13667789 -0.02279687 -0.05835229 -0.03370949  0.07160915
  0.05092636 -0.09514321  0.08991475  0.18667908 -0.03076643  0.06525745
  0.02469757 -0.0465358   0.04961466  0.15870453  0.04966536 -0.03892637
  0.00191588 -0.00283028 -0.0270021   0.27491665 -0.03885193  0.03842039
  0.02527433  0.02907418 -0.00423814  0.12323626 -0.14765678  0.04409594
 -0.06016276  0.01269588  0.14699687 -0.08972227 -0.06147375 -0.08692525
  0.0817159   0.08473761  0.03318976  0.13078728  0.11525398  0.10130756
 -0.08864957 -0.02908361  0.14763553  0.14202471 -0.01691958  0.04146441
 -0.07761517  0.02522209  0.07914555  0.14234576  0.14655727  0.1717364
  0.01819306  0.03348145 -0.01573618 -0.02457344 -0.04710907  0.0311294
 -0.01420414 -0.12492429 -0.04327194  0.12994483  0.05350133 -0.14180242
  0.03254867 -0.02539641  0.06076616  0.00871249 -0.05095046  0.06263771
 -0.03462149  0.051423   -0.23295335  0.12099636 -0.0706494   0.00422665
 -0.0800196  -0.01669631  0.15287603 -0.09039259 -0.07965945  0.10564605
 -0.01802402  0.10424609 -0.05059341  0.027464   -0.01725664  0.08989242
  0.03630333  0.00322669  0.04850618 -0.04019741 -0.03712527  0.10202599
  0.02954383  0.05349125]