[-0.02451808  0.18339759  0.06539995 -0.17828014  0.00567639  0.13724229
 -0.04953885 -0.04391653 -0.09341096  0.03297383  0.06412735 -0.08592745
 -0.04433582  0.00709357  0.14952582 -0.07919787 -0.16143769 -0.05567933
  0.0147841  -0.13264856 -0.11868202  0.22740185 -0.00027486 -0.08569641
  0.01364627 -0.01305416  0.12198468  0.13244905  0.08797088 -0.03823753
 -0.01596945 -0.26210999 -0.05860396 -0.044346    0.05206895  0.05270629
 -0.04637787 -0.13734238  0.06924392  0.21523829  0.0109066  -0.02334174
 -0.06837168  0.08279233 -0.09831505  0.13784657 -0.00379138  0.06226614
 -0.10361917  0.02485907 -0.01453616  0.15072341 -0.10976194 -0.00578303
 -0.12734552  0.00479449 -0.04507472  0.09179941 -0.09107458  0.1056669
 -0.10119406  0.05378027  0.12491784  0.08051202 -0.02303352 -0.02627466
  0.04392521  0.06281542  0.01349609  0.13251387  0.11884701  0.06858803
  0.05732677  0.00505759  0.12509115  0.01104241 -0.15999036 -0.05216531
 -0.00724025  0.03386476  0.14403875 -0.00978354  0.09152388  0.11613653
 -0.08706652  0.01641481  0.02207321 -0.06516384 -0.06235331  0.09531397
  0.04693896 -0.052904   -0.0082161   0.0488809  -0.05445326 -0.13826515
 -0.05021619 -0.03484277  0.04109183 -0.01685856 -0.05870403  0.11022972
  0.00713496 -0.10821669 -0.06944328  0.07919543 -0.00998527  0.04656453
  0.00465811 -0.00453649  0.22462747 -0.01289667  0.01577138  0.09993464
 -0.07961769  0.03489123 -0.05648019  0.11770907  0.02531078 -0.00087463
  0.09181464 -0.16785377 -0.04004771 -0.01188823  0.03201763  0.03339807
  0.0285612   0.06301159]