[ 0.00346301 -0.02981855  0.09931733 -0.13227636  0.11327992  0.27289647
  0.02489252  0.02940623 -0.14349829  0.00647042 -0.09704261  0.08885024
  0.00357584  0.00251989  0.20491786 -0.06760841 -0.10726981 -0.01792588
  0.02199638 -0.12479374 -0.03726458  0.17201258  0.04937493  0.09848429
  0.04348213 -0.01564882  0.02183195 -0.03480656 -0.0085566  -0.03182497
  0.07303689 -0.049404   -0.13760976  0.08159634 -0.00580494  0.03542143
 -0.04147572 -0.16868937  0.04586803  0.15543818  0.14333971 -0.02176886
  0.00081278 -0.01764075 -0.13457248 -0.0737165   0.04150337  0.02610468
 -0.04929375  0.07926128  0.08942582 -0.13361047 -0.00604145 -0.01145634
  0.0188057   0.07334588  0.00043762  0.25791273 -0.04516177  0.04114871
 -0.08916456  0.14749415  0.06094809 -0.12369592  0.06410114  0.03796452
  0.01056094  0.03518323 -0.11900491  0.14637038 -0.01061271  0.20073505
 -0.04034391  0.06479867  0.04730407  0.0449707  -0.06103128 -0.09548786
  0.05380759  0.01085874  0.07662538  0.02805144  0.14372784  0.0510755
 -0.07031842 -0.09947829  0.13321093  0.01523884 -0.07958946  0.05654674
  0.06846454 -0.0215456   0.01250982  0.05948285 -0.04549113  0.06347062
 -0.03373827  0.03282549 -0.01122129  0.06855261 -0.02552824 -0.00614782
 -0.06689485  0.03102147 -0.08931985  0.0368889  -0.17129201 -0.09451173
 -0.14150779 -0.01061808  0.12939389  0.0867637   0.06187343 -0.0136651
 -0.00631172  0.05511149  0.00349744  0.08175404 -0.04160145  0.14450039
  0.17389753 -0.14077027  0.00392563 -0.09791054 -0.1115226   0.09055877
 -0.07972296  0.02012731]