[-9.12978798e-02  3.01516116e-01  1.42178297e-01 -1.43717989e-01
 -7.63226599e-02  1.03793882e-01 -4.45804112e-02  5.35104014e-02
 -1.45528875e-02  6.11922070e-02 -2.91803499e-05 -1.04765370e-01
 -6.71303198e-02 -8.77985284e-02  9.99049842e-02 -1.00220054e-01
 -1.04411289e-01 -1.10518515e-01  2.17609946e-02 -1.50979355e-01
 -4.25957255e-02  1.10671349e-01 -3.07606775e-02  4.14549261e-02
  4.74975780e-02 -6.97330460e-02  8.19361433e-02  6.34416789e-02
  1.77711949e-01 -2.28483398e-02  5.70424236e-02 -2.38995716e-01
 -1.65977143e-03 -1.46338083e-02 -1.04506146e-02 -4.06690426e-02
  1.69187337e-02 -7.07143545e-03  4.75704037e-02  2.12899297e-01
 -7.72913545e-03 -8.35264474e-02 -1.20929554e-01 -5.06878458e-02
  5.55476248e-02  1.52228951e-01  2.75530908e-02 -2.73535009e-02
 -1.87012330e-01 -4.84683514e-02 -2.94706989e-02  2.62890100e-01
  5.62633388e-03 -5.05550653e-02 -1.26410827e-01  6.06207848e-02
  4.27977033e-02  4.33263555e-02 -1.23911023e-01 -1.90726388e-02
 -6.11884519e-02  3.70556824e-02  4.45771106e-02 -9.79075860e-03
 -3.67135629e-02 -7.61703914e-03  9.14589465e-02  3.37326154e-02
 -5.44342473e-02  7.88491741e-02  4.02834564e-02  7.70694064e-03
 -1.11011282e-01  1.46259135e-02  2.17055693e-01  6.45061135e-02
 -1.14374503e-01  5.09061590e-02  6.07082695e-02  8.94828960e-02
 -8.42535123e-02  2.24122722e-02  1.07647173e-01  1.44364133e-01
  2.57178787e-02  9.86671075e-03  2.58814031e-03 -4.62741666e-02
 -3.11413594e-02  3.42247002e-02 -2.99319066e-02 -6.51239678e-02
  6.89462125e-02  1.29654661e-01 -2.64806133e-02 -1.28742471e-01
  2.08995026e-02 -5.10232821e-02  3.48918587e-02 -2.27702968e-02
 -2.16365326e-02  4.69965972e-02 -1.09555736e-01  4.91498299e-02
 -9.56971496e-02  6.08494431e-02  8.79849121e-03  1.51619930e-02
  9.37785767e-03 -8.93769488e-02  1.64846659e-01  1.80323645e-02
 -4.30152118e-02  2.78113913e-02 -9.92862508e-03  7.27117136e-02
 -1.88039020e-01  1.52873145e-02  6.23801090e-02  7.00838640e-02
  4.86831702e-02 -6.26603365e-02 -1.22960858e-01 -2.28283461e-02
  4.75747846e-02  1.01815052e-01  1.10941328e-04 -1.24536930e-02]