[-0.01336155  0.11562559  0.11362296 -0.18284152  0.02355147  0.21206479
 -0.00681603  0.02582999 -0.08228086  0.05758812  0.00941589 -0.0826904
 -0.01570742  0.04569764  0.15865842 -0.1092409  -0.0869244   0.09601367
 -0.00028565 -0.16293159 -0.02305713  0.18778008 -0.00722241  0.02985177
 -0.00404722 -0.08280914  0.01492558  0.09253543  0.11234885 -0.04113533
  0.05165704 -0.22274673 -0.11889761 -0.03020323  0.10605028  0.04078782
 -0.09312418 -0.11862908  0.04673629  0.14753316 -0.03411755  0.05613372
 -0.11030877  0.04204649 -0.05829225 -0.05205473 -0.03382549  0.0828857
 -0.11031714  0.02112595 -0.03220489  0.04120218 -0.060216   -0.0437969
 -0.16211037  0.06424123 -0.03020291  0.20947231 -0.09066825  0.00891778
 -0.07651062  0.16021636  0.15420517 -0.03155081 -0.01247749  0.05495527
  0.05892563  0.02311735 -0.11715543  0.16061074  0.10769412  0.09193205
  0.04409534  0.02032118 -0.01770949 -0.05227143 -0.11534666 -0.12575692
  0.07444787 -0.08115229  0.08236412  0.0511254   0.04522286  0.0057023
 -0.04525139 -0.07229852  0.0025539  -0.04710928  0.02328442  0.09940085
  0.10500683 -0.0415109   0.04501294  0.04443225  0.05730176 -0.06375435
 -0.07402811  0.00968006 -0.06783643  0.09530713  0.01055079  0.06667289
 -0.06702009 -0.12059683 -0.08426929  0.13477004 -0.00822521 -0.17010844
  0.01405247 -0.00647658  0.19991091  0.02058761  0.07825641  0.06038789
 -0.00048385  0.05731995 -0.01278557  0.11923192  0.02738631 -0.00411243
  0.06987487 -0.23138501 -0.03312919 -0.07445278 -0.03119154  0.07672644
 -0.02071618 -0.01343892]