[-0.12768939  0.14167984  0.09173283 -0.24038996 -0.03670259  0.00296346
 -0.14713933  0.08030021  0.03506779  0.06724294 -0.05926402 -0.08818359
  0.02906071  0.1902004   0.12012038 -0.01434605  0.022711   -0.13702945
  0.05020547 -0.09890135 -0.01567005  0.15843159 -0.05563928  0.02842331
 -0.0225446   0.0822713   0.10252356  0.14225967  0.07317805 -0.00059188
  0.03797086 -0.13495094  0.05533778  0.04081967 -0.05962508  0.13496335
  0.12999199  0.04450602  0.0272327   0.21198268 -0.07137029  0.05365761
  0.00840696 -0.10517373  0.15077135  0.10332006  0.03557361 -0.00269896
  0.01650607 -0.02703277 -0.01252179  0.11106534 -0.06880396  0.05374064
  0.04658724  0.09452655  0.022362    0.02476079 -0.03924869 -0.0594659
  0.00376912 -0.00194265 -0.07349119  0.01109844 -0.09948459 -0.05438614
  0.0905913   0.1709526   0.13317297  0.09638824  0.05464918  0.00708337
 -0.08366611 -0.04926169  0.18078309  0.07911079 -0.07863071  0.1356999
  0.04465417 -0.08351924  0.02239787  0.17404659  0.12673646  0.142114
 -0.0025694  -0.0349133   0.06289707  0.07053328  0.07606795  0.03754513
 -0.08965031 -0.04388333  0.12095524  0.08889732  0.01788399 -0.02807125
 -0.02369028 -0.00639595  0.011388   -0.00656212 -0.05926117  0.01172507
 -0.10146164  0.03937024 -0.1239507   0.02811308 -0.20770781 -0.1871738
 -0.07196519 -0.05897904  0.05067012 -0.02836369 -0.0952528   0.07260596
 -0.02791438  0.06146616 -0.02659465 -0.14299223 -0.10725843 -0.01452817
  0.10427081  0.06629775  0.02993575 -0.00454681 -0.0994314   0.03043231
 -0.04976148  0.04929141]