[-0.08907945  0.1722189   0.08983848 -0.22389969 -0.09561624  0.05922571
 -0.21068229  0.059349    0.00669519 -0.03585192 -0.05356263 -0.14469504
  0.00568268  0.08748781  0.12762016 -0.07718305 -0.00776966 -0.15133488
  0.07159761 -0.08013117 -0.01254374  0.14749537 -0.02100434  0.11327814
  0.02052777  0.04592366  0.1446581   0.06122207  0.06093068 -0.0377143
  0.13134235 -0.26333886  0.03662038  0.03216935 -0.00114423  0.1216206
  0.09057408  0.0421223   0.01307354  0.16952994 -0.0870717   0.01109379
 -0.02675191  0.02743763  0.13488363  0.09945721  0.09128984  0.03301217
 -0.08108662  0.02678099 -0.05704044  0.06377605  0.04879937  0.00088773
 -0.0040825   0.07828213 -0.02299479  0.09416947  0.02709888 -0.18867585
 -0.03058594  0.05320602  0.00454176  0.01237987 -0.13127571 -0.04151572
  0.14150624  0.08183015  0.08593957  0.05210549  0.01225923 -0.05000801
 -0.10010536 -0.07649841  0.18483511 -0.02168777 -0.14287168  0.08393145
  0.09824563  0.08952375  0.01404481  0.11805142  0.05815144  0.03817353
  0.01771616 -0.04128442 -0.00086133 -0.00124182  0.04980325  0.04675157
 -0.01997319 -0.04625817  0.11982763  0.05235007  0.01866437 -0.03050729
 -0.02200302  0.04499495 -0.019354   -0.07352671 -0.08780922  0.04247238
 -0.09246408  0.01178632 -0.18656614  0.04360737 -0.16016668 -0.14448631
 -0.05919666 -0.0606181   0.1619235   0.02306222 -0.09862841  0.0522497
 -0.05694919  0.07811321 -0.10409912 -0.15877993 -0.05145124 -0.0164427
  0.09187311  0.01955229 -0.01733191 -0.00419403 -0.09644975 -0.01506932
 -0.01761343  0.01871321]