[ 0.06901608  0.16324157  0.01775303 -0.08760791 -0.09796455  0.11604325
 -0.03302632  0.08609927 -0.11141029 -0.01672438 -0.02347439 -0.05867514
  0.10678309 -0.02492762  0.08438703 -0.0737711   0.00111076 -0.22502649
 -0.07148828  0.10852867 -0.07167511  0.04630415 -0.01834198  0.10107514
 -0.02831499 -0.05887106  0.00426465  0.04603152 -0.00885142  0.00687298
  0.02782611 -0.11996845 -0.06146843  0.09638273 -0.10619563  0.03881265
  0.01127982  0.07864731 -0.08672545  0.11376853 -0.07857729 -0.08578623
 -0.01093744  0.01061403  0.04793483  0.0715662   0.07164786  0.05430899
 -0.11378154  0.20893896  0.08278901  0.0318333  -0.05265986  0.0141829
  0.05496002 -0.04419976 -0.15818198  0.0876946   0.10428879 -0.13474049
 -0.09396642  0.05921558  0.00361893 -0.1058571  -0.10207768 -0.04811029
  0.11929999  0.02550985 -0.13212968 -0.08742414  0.03473137 -0.00240659
 -0.01396505  0.05147327  0.11910627  0.00974811  0.01587675 -0.02921646
  0.13168748  0.2444167   0.07118861 -0.15784305  0.01425525 -0.03275498
  0.0055775  -0.03187681 -0.03205317 -0.08081334  0.09903085  0.09691423
 -0.06639947 -0.14309433  0.04254477  0.09206717 -0.10538454  0.00315688
  0.09253713 -0.06658045 -0.0271542  -0.08211903 -0.05947356  0.14708781
 -0.079854    0.10278063 -0.27126142  0.06311971 -0.16501221  0.05680191
 -0.02525884 -0.04285904  0.15464222  0.14029036 -0.09703305  0.07988027
 -0.09149819  0.04109546 -0.06782102  0.01899461 -0.04021746  0.08749077
 -0.03608887 -0.03388787  0.05605869  0.06512675  0.06488928 -0.05262091
  0.04200006 -0.10556004]