[-0.05581342  0.06974033  0.06813676 -0.12643005  0.01115089  0.09268544
 -0.13783659  0.08802637  0.12495663 -0.14441293 -0.03364576 -0.07865576
 -0.01160941 -0.03777897  0.11427736 -0.10718228 -0.03173428 -0.18078585
 -0.02556479  0.02186077  0.06888577  0.02189815  0.02672988  0.04294595
  0.07006468 -0.02485607  0.01468531 -0.09680832 -0.01210117 -0.10223129
  0.26860452 -0.20148034  0.06037946  0.06403436  0.04524821  0.13451381
  0.07288592  0.11911746 -0.02376547  0.00432605  0.05110388  0.00114554
 -0.09352502  0.05103773  0.04462165  0.0667484   0.01991251  0.0162171
 -0.06371207  0.03481198 -0.23546094  0.00757664  0.07697357 -0.04078199
  0.01038539  0.02785766 -0.11153218  0.06134605 -0.10400442 -0.18207298
 -0.09033919  0.0018652   0.04024656 -0.07081416 -0.00317102 -0.05575286
  0.10881201  0.14655912  0.05037902  0.0409372   0.06380329 -0.01591094
 -0.12172381 -0.13092786  0.09497799 -0.00269123 -0.13140143  0.06967869
  0.07580378  0.17323999 -0.16215898  0.06905445  0.02262245  0.04136158
  0.00962543 -0.04718548  0.06414155  0.08612842  0.03589424  0.00176236
  0.08575969 -0.09062104  0.06352451  0.04122712 -0.01054589 -0.06839132
 -0.02493698 -0.02926257 -0.1082441  -0.07066933 -0.07237097 -0.04570511
 -0.14057146 -0.04805402 -0.1292443   0.07559809 -0.07313038 -0.06633298
  0.01332524 -0.03766454  0.06832748  0.04266467 -0.16698731  0.0494815
  0.05755628  0.06431008 -0.18038109 -0.18183558  0.00336516  0.10552182
  0.06056687  0.12013166 -0.05893738  0.14059173  0.01179394 -0.05713151
  0.07891627  0.00436383]