[-0.08607181  0.16077879  0.05979069 -0.22418848  0.00612998  0.01461908
 -0.07736544  0.04498257  0.00210333  0.02735982 -0.03592011 -0.03695297
  0.00560744  0.12612855  0.11330881 -0.03931704  0.05550252 -0.1663911
  0.05626317 -0.0706009  -0.04591738  0.15128507 -0.0633792   0.08115265
  0.01148535  0.09299776  0.1091255   0.12797537  0.13605341 -0.00618347
  0.0998441  -0.16213572 -0.01059687  0.02048143 -0.06333039  0.10083018
  0.08621754  0.07651282  0.06182824  0.23762178 -0.03206456  0.09720838
 -0.0119332  -0.02426143  0.10772485  0.08752645  0.04826244 -0.00332809
  0.00375668 -0.03006972 -0.05168705  0.09836692 -0.09501325 -0.01924686
  0.01238823  0.08222769 -0.07757407  0.20017172 -0.07817091 -0.01523825
 -0.0558139  -0.01774351  0.04429507 -0.04619589 -0.05333038 -0.07485026
  0.10155618  0.09827749  0.05567332  0.06808074  0.06377428  0.07316533
 -0.06789039  0.04216087  0.15805639  0.02118727 -0.06014578  0.13679001
  0.05544313 -0.03207208 -0.00270527  0.14875315  0.11513593  0.09308908
 -0.008739   -0.13399635  0.07141757  0.04506049  0.05368436 -0.03593663
 -0.04453469 -0.04402658  0.11151456  0.07435051  0.12200025 -0.06691516
  0.02729587 -0.04376996 -0.01334629 -0.0115712  -0.18025029  0.00391066
 -0.12480249  0.09062757 -0.20872591  0.0654354  -0.16242428 -0.14178407
 -0.00326983 -0.07653601  0.12447936  0.02756082 -0.09812693  0.14948688
 -0.02054928  0.04472348 -0.04765413 -0.12554581 -0.07770468  0.03197705
  0.05682694  0.08613138 -0.02651196  0.02930363 -0.12767956  0.01755478
 -0.104771   -0.02051263]