[ 0.02261954  0.18049441  0.0589     -0.08465168 -0.04226115 -0.02185155
 -0.09880747 -0.10101559 -0.00996573  0.02035047  0.03208403 -0.06967462
  0.04507609  0.16622278  0.08549312  0.01261927  0.06277695 -0.15674445
  0.03036315  0.05703097 -0.0258738   0.16973419 -0.0175248   0.11674307
 -0.00732718  0.02827994  0.05756888  0.14168143  0.12884568  0.13646531
 -0.05414438 -0.08133058  0.02943544  0.02229855 -0.00990954  0.09045018
  0.10672581  0.13390952  0.05271861  0.12718765 -0.17847279  0.04002192
 -0.03088536 -0.14785732  0.09312673  0.16488682  0.03928281  0.06676269
  0.02316396  0.08076906  0.06853265  0.24232614 -0.00248032  0.05002346
  0.10777655 -0.0388756   0.01978813  0.01748603 -0.0366242  -0.05620391
 -0.0354124  -0.00648634  0.00777403 -0.01510331 -0.132807   -0.03233823
  0.10619558  0.11975158 -0.00298138  0.03000883  0.0530626  -0.00644024
 -0.06365675  0.01563347  0.18133008  0.03448692 -0.01216226  0.03103517
  0.0985893   0.11455818  0.18053944  0.081918    0.06309393  0.02644281
  0.09572092 -0.08799687 -0.0879409   0.00571266  0.04956227  0.11207236
 -0.05637028 -0.04881014  0.10281487  0.18803146 -0.07566589 -0.12367741
  0.02009229 -0.02740511  0.1094943  -0.11935703  0.06323963  0.11795294
 -0.07466689  0.04605889 -0.18321137  0.05381557 -0.06874938 -0.10545648
  0.09351798 -0.00156155  0.13446906  0.06028762 -0.06826417  0.12780283
 -0.06949206  0.11055899 -0.0768782  -0.01608237 -0.16123129  0.02887657
 -0.00798647  0.0311665   0.05054662 -0.01052113 -0.05405342  0.10448661
  0.06941362 -0.0266553 ]