[-0.10500806  0.11476794  0.20393336 -0.12494568 -0.03896382 -0.01112595
 -0.05337888  0.13755663 -0.08635759  0.11248495 -0.05173218 -0.09270795
 -0.09050682  0.07243299  0.18726091 -0.08027561 -0.04290993 -0.09648003
  0.15899222 -0.07727891 -0.08188773  0.12394445  0.01670806 -0.0500391
 -0.03096354  0.03539916  0.06928756  0.05760982  0.06538015 -0.10430165
 -0.09058902 -0.21397212  0.07541022  0.01595337  0.03895155  0.07993787
  0.13434651  0.01653389 -0.03947137  0.11429762 -0.0254267   0.0032486
 -0.04308382 -0.14373575 -0.02207041  0.25992295  0.05833986 -0.06988004
 -0.09990244  0.00318808 -0.01487456  0.15564016 -0.07594749  0.07912559
  0.08242354  0.04807915  0.13833983 -0.12566622 -0.07545842  0.04596974
  0.04957042  0.00530259 -0.12401702 -0.00138718  0.07282183 -0.05198657
  0.03342842  0.07701281  0.12303586  0.19137377  0.0340702   0.02902553
 -0.05204333  0.02308901  0.16994409  0.07675426 -0.07858863  0.20131305
  0.10331734 -0.16656794 -0.08527815  0.09636153  0.05854334  0.13993509
  0.05451845 -0.02896734  0.01073665  0.09826478  0.02723242  0.10220619
  0.014025    0.04779769  0.08729754  0.0316713  -0.0382629  -0.07545929
  0.06909245  0.01992578  0.06524038 -0.00752813 -0.02803909  0.06850523
 -0.04052752 -0.12354501 -0.01652089  0.00854628 -0.02693974 -0.12361187
 -0.01669607 -0.01666568  0.02771751 -0.02850755  0.03470501 -0.07039961
  0.02801408  0.02152844  0.04384749 -0.18061464 -0.0640576  -0.02421653
  0.07055007  0.02620964  0.02485303  0.02872487  0.02020179  0.06838056
  0.11443586  0.05304407]