[-4.21352610e-02 -7.60822883e-03  1.31426901e-01 -8.11472982e-02
 -1.04339041e-01  7.35567436e-02 -1.54374942e-01  1.91508517e-01
  1.72602758e-02 -5.34381205e-03  2.16392223e-02 -1.38228327e-01
 -5.56877889e-02  4.41412702e-02  1.74110726e-01 -1.02946684e-01
  3.84643450e-02 -1.02491178e-01  1.61609933e-01 -6.45369142e-02
 -1.95753668e-03  6.20943978e-02  5.07388376e-02  1.94205511e-02
 -1.32084460e-04  1.02674607e-02  6.80040717e-02 -6.14252053e-02
 -1.37800751e-02 -1.87841222e-01  1.47119090e-01 -2.64201343e-01
  5.35902865e-02  8.48153839e-04  1.94208696e-02  1.70697182e-01
  4.59467731e-02  6.60247803e-02 -2.42422726e-02  1.27075970e-01
 -5.74057661e-02  7.82817304e-02 -2.24046856e-01 -8.78192186e-02
  4.60700691e-02  5.07368632e-02 -2.37925090e-02 -6.42264113e-02
 -2.17827763e-02 -4.30181157e-03 -1.11736335e-01  1.25685170e-01
  2.40562875e-02  2.85296738e-02 -5.26840016e-02  4.36280221e-02
  1.03692278e-01 -4.35591117e-02 -2.86723450e-02 -5.27570210e-02
 -3.26061025e-02  2.37194747e-02 -4.33801226e-02 -1.00327730e-01
  1.28495097e-02 -8.02374929e-02  1.62697911e-01  1.11446448e-01
  1.35923415e-01  1.74550444e-01  6.20424822e-02  2.50362661e-02
 -9.01914164e-02 -5.37977628e-02  8.00179839e-02 -4.15044539e-02
 -1.24586686e-01  1.41904712e-01  5.69688417e-02  1.42519837e-02
 -1.99575871e-01  6.28466010e-02  4.62069064e-02  4.48026136e-03
  3.80008146e-02 -9.12862830e-03  4.57200781e-02  5.31523377e-02
  1.27627775e-02 -5.45892902e-02  3.37390490e-02  3.76920663e-02
  1.34533793e-01  4.87297103e-02  5.09898663e-02 -8.79889354e-02
  4.92015295e-02 -2.17252187e-02 -8.89834836e-02  1.53691797e-02
 -6.56663701e-02  3.12412139e-02 -1.22731976e-01 -1.14457086e-01
  1.39230248e-02  5.33173047e-02  3.33241075e-02 -2.45044902e-01
  6.78082602e-03 -3.56341191e-02 -3.20232213e-02 -1.27677806e-02
  3.19603235e-02 -6.28533438e-02  8.71674344e-02  6.23675026e-02
 -2.26109792e-02 -2.14204863e-01 -1.28041338e-02 -1.47484774e-02
  2.15406604e-02 -1.01790894e-02 -9.56345722e-03  5.02726398e-02
  5.08357286e-02  1.38958162e-02  1.12015024e-01  1.05521791e-01]