[-5.02035022e-02  5.97824603e-02  1.55342996e-01 -2.31974483e-01
  1.22269588e-02  7.42856413e-02 -1.01332001e-01  1.16198123e-01
 -1.47764921e-01  4.17733938e-03 -7.46920854e-02 -1.52428493e-01
 -5.01731262e-02 -1.00581096e-02  2.50203699e-01 -2.47729034e-03
 -8.61663669e-02 -1.50658324e-01  1.53983086e-01 -1.40759900e-01
  3.62081942e-03  1.51451290e-01  2.95865629e-03 -1.21838793e-01
  6.12601340e-02  1.32856503e-01  5.00126630e-02 -2.68903524e-02
  9.87974927e-02 -1.44046828e-01  5.90991415e-02 -2.00007677e-01
 -5.21641923e-03  3.34238857e-02  1.02629498e-01  4.40729894e-02
  9.70050767e-02 -2.56615356e-02  1.73255488e-01  2.54218727e-02
  2.71261800e-02 -4.58938219e-02  2.07987409e-02 -4.14407291e-02
  5.27652316e-02  1.93437219e-01  5.90330996e-02  1.73823780e-03
 -1.97381869e-01 -6.92548305e-02 -1.75585479e-01 -6.08661794e-04
  5.24786972e-02  2.92858332e-02 -3.79223749e-02  8.27442855e-03
  7.07892030e-02  1.80792306e-02 -1.42849892e-01 -4.45339419e-02
  3.61140631e-02  6.31267801e-02 -6.15885947e-04  5.24796359e-02
  2.08648033e-02  1.08792499e-01 -4.07873513e-03  1.36084929e-01
  1.52343437e-01  4.17622598e-03 -2.75866129e-02  2.22105086e-02
 -1.18225329e-01 -6.13256283e-02  1.51320875e-01 -2.57100500e-02
 -1.28572404e-01  3.50961424e-02  1.21593013e-01  4.17809486e-02
  1.79511751e-03  6.94936737e-02  6.87571988e-02  8.07837471e-02
 -2.13013012e-02 -4.71289493e-02  4.41202968e-02  9.08796638e-02
  4.68817400e-03  5.81974313e-02  1.60018772e-01  8.81581008e-02
 -1.03379721e-02  1.01007372e-01 -5.05041927e-02  9.05889831e-03
  1.96573734e-02  8.85565653e-02 -4.67305668e-02 -3.34089473e-02
 -6.42854124e-02 -4.57622074e-02 -8.32572356e-02 -1.13195755e-01
 -5.98078892e-02  5.76528870e-02 -1.79884154e-02 -3.83651257e-02
  3.03054159e-03 -5.30461594e-02  1.30696759e-01 -2.16827337e-02
 -6.83190823e-02 -5.34195118e-02  1.00151792e-01  4.85927649e-02
 -1.07031241e-01 -9.63073224e-02 -4.59892154e-02 -2.95802820e-02
  1.06579565e-01 -1.48792714e-02  5.31605259e-02  1.17396219e-02
 -4.86713015e-02  6.60769219e-05  7.18691945e-02  1.34557234e-02]