[-0.15550072  0.04237406  0.23556125 -0.19441229 -0.03672526 -0.00377582
 -0.1250401   0.06400591 -0.01936268 -0.06351639 -0.05905791 -0.09896865
 -0.08479826 -0.03103601  0.14283924 -0.03516    -0.15459669 -0.04953836
  0.0974686  -0.13757592  0.07132427  0.15939152  0.03150575 -0.08938333
  0.01491006  0.1418878   0.03517635 -0.07467753  0.07232378 -0.12770078
  0.09970099 -0.28656846  0.06529746 -0.02319112  0.17553049  0.01480889
  0.06915131  0.09703568  0.10921486  0.08125485  0.00567104  0.06202073
 -0.04855929  0.03326839  0.02084135  0.06679759  0.05834898 -0.08708368
 -0.10030261 -0.06443912 -0.18050662 -0.04532287  0.04237095  0.05775801
 -0.04652098  0.02566922  0.12100131  0.01716955 -0.16205283 -0.07604413
  0.03343626 -0.00479086  0.01859222  0.11144368  0.08695962 -0.04523252
  0.03036815  0.04537209  0.14659716  0.04818349  0.04746767 -0.01472281
 -0.03414367 -0.05383858  0.10920581 -0.05084433 -0.2404654   0.03209962
  0.09130425  0.01077328 -0.06002912  0.12339717  0.08550724  0.12841864
 -0.02986518 -0.0952993   0.0831155   0.10571983 -0.03531807 -0.04154722
  0.07730724  0.05903571  0.07029657  0.00175019 -0.01342354 -0.06113525
 -0.0378285   0.12136067 -0.07660209  0.03687049 -0.09496291 -0.02807674
 -0.08666455 -0.10765266  0.04881478 -0.00972196  0.05235801 -0.08558039
  0.04283094 -0.05122123  0.06081746 -0.07480888 -0.07589374 -0.01264037
  0.04740935  0.09615054 -0.07785439 -0.11587902 -0.07769761 -0.06518026
  0.07358354  0.04812476 -0.0492808  -0.04829082 -0.04484141  0.01744326
  0.0500354   0.08847421]