[-0.06542277  0.14243945  0.12181068 -0.20423849  0.08087815 -0.0645083
 -0.03414708  0.00749461 -0.00689122 -0.05526191 -0.03492013 -0.1165641
  0.02200131  0.12338906  0.17094801  0.0207986  -0.00216558 -0.08618469
 -0.01687772 -0.06960039  0.05691177  0.13531049  0.09553614 -0.1774077
  0.06406323  0.04010416  0.00814799  0.06091652  0.15663609 -0.00327813
  0.06236704 -0.09629604  0.14495035 -0.00346385  0.10116495 -0.04223337
  0.14218035  0.23309533  0.12071541 -0.00170265  0.0029815   0.07398979
  0.06551598  0.00094486 -0.0624688   0.17544793  0.01223057 -0.04411418
 -0.08429273 -0.08699818 -0.18407002  0.06018797 -0.00108577  0.05158259
 -0.05119262 -0.02362555  0.05601327  0.022078   -0.17181493 -0.06185396
 -0.06237833 -0.07855986 -0.00425773  0.06243668  0.04899714  0.07967682
 -0.04786038  0.17205106  0.05150384 -0.02453559  0.10314769 -0.03522042
 -0.06048857 -0.09780009  0.14939286  0.04402063 -0.1267361  -0.06293884
  0.0522717   0.00480284 -0.01738327  0.07682041  0.07981857  0.15386876
  0.03612842 -0.08518814  0.01405052  0.09063786 -0.00288332  0.01642038
  0.05561388 -0.06329858 -0.01236296  0.02386241  0.00755873 -0.1280268
 -0.05292851  0.15593819 -0.04936639 -0.03244016 -0.08930557 -0.02441461
  0.01435011  0.03888894 -0.10650122  0.01900367 -0.01048798  0.06098917
  0.21269669 -0.156252    0.06790946 -0.04672157 -0.18548928  0.14126506
  0.04820889  0.03781078 -0.13075088 -0.05657508 -0.04529058  0.05622021
  0.06444182  0.11150029 -0.0682567   0.06060645  0.01133976 -0.051298
  0.0723007   0.02945597]