[-0.01356943  0.08234275  0.07492533 -0.16638829  0.14196852 -0.01612755
  0.04458235  0.01877656  0.02577913 -0.07603928  0.00254573 -0.07667779
  0.00584493  0.08686842  0.10404027  0.02625065 -0.04309157 -0.0074581
 -0.0726822  -0.09062501  0.13929781  0.13182952  0.06060333 -0.25514838
  0.05707959  0.00495204 -0.05672757  0.03963257  0.11747292  0.02083086
  0.04640625 -0.0863065   0.0758337  -0.02863627  0.14942753 -0.03515676
  0.06544258  0.15433332  0.10830861 -0.04493043  0.03008409  0.13513476
  0.05870751  0.09080957 -0.11709373  0.09730916 -0.03058989 -0.05208901
 -0.0405279  -0.08608312 -0.17743632  0.05028436 -0.0955703   0.06276079
 -0.03594908 -0.04706158  0.01248114  0.02764173 -0.19882882 -0.0271815
 -0.04525631 -0.12569995  0.06568407  0.0658522   0.09076839 -0.01309149
 -0.08092089  0.17559768  0.08504815  0.0484769   0.18778639  0.04403
  0.01729309 -0.13622896  0.00133007  0.04726769 -0.14174709 -0.06159876
 -0.01785307 -0.05135534  0.00130494  0.09588518  0.08793994  0.16187467
 -0.01552251 -0.07873742  0.06199946  0.10231724  0.00894646  0.00328342
  0.07423078 -0.08477727 -0.11252829 -0.04926002  0.01664114 -0.14536475
 -0.05035838  0.11626803 -0.09157365  0.03197144 -0.07125807  0.00236366
  0.05398836 -0.03269133 -0.07832528  0.01597716  0.00257725  0.08632007
  0.20097105 -0.10578398  0.0424982  -0.10151683 -0.19726533  0.14364493
  0.11006532  0.04081642 -0.05969957 -0.03054989 -0.03222949  0.03244466
  0.05043207  0.10780543 -0.01423748  0.07786662  0.05956469 -0.08275504
  0.12124453  0.06688865]