[-0.04750108  0.01986062  0.0827105  -0.12478009  0.17065895  0.00786528
  0.01458593 -0.00247925 -0.038646   -0.04931581  0.01904252 -0.03545853
 -0.02230639  0.07863379  0.09182572  0.05275113 -0.03489863  0.07326896
  0.00899073 -0.04146886  0.1598455   0.07897142  0.01468627 -0.15594031
  0.07049177  0.01474387 -0.04609023 -0.00933022  0.08710659  0.02291844
  0.00545232 -0.16860159  0.09202775 -0.05971615  0.20048741  0.03802374
  0.02557942  0.02001025  0.06202367 -0.13191812  0.02715231  0.13353539
  0.12185909  0.10247651 -0.10277905  0.12793629  0.05147254 -0.06082799
 -0.13292515 -0.12816997 -0.19466004 -0.0973645  -0.05127843  0.02295594
  0.02813891  0.03220079 -0.05928187  0.06099773 -0.19490889 -0.00040501
 -0.00503317 -0.05248702  0.08830558  0.05180875  0.18497992  0.0368018
 -0.15922336  0.12393606  0.0412199   0.02325221  0.18305302  0.0315632
  0.01888951 -0.25751254 -0.00456005  0.11214311 -0.1282385   0.01631607
  0.02187923 -0.14291318 -0.01786163  0.11849099  0.00991743  0.12530239
 -0.08406275 -0.00622291  0.02982071  0.10140295 -0.02619412  0.07664782
  0.10415299 -0.05462438 -0.14268816 -0.01815732  0.0142172  -0.05850063
 -0.07318171  0.10735449 -0.07948034  0.04097262 -0.03617743 -0.02571554
  0.02947474 -0.196144   -0.07843476  0.10622357  0.04657399  0.00493245
  0.08981785 -0.08216797  0.02964639 -0.14359604 -0.07322716  0.04459639
  0.129052    0.04069291 -0.12340509 -0.02187372 -0.08751047  0.01213299
  0.02046889  0.01131203 -0.0262289   0.03821889  0.03535514  0.06208962
  0.11368166  0.01458201]