[-0.01277788  0.09241901  0.0914622  -0.02425969  0.06053914  0.1505812
 -0.01437972 -0.09386615 -0.11126667 -0.10887257  0.06465902 -0.02979081
 -0.02092123  0.02599416  0.05957637  0.06391004 -0.07196276  0.06878045
  0.02169013 -0.14208204  0.22752714  0.07080403 -0.02120975  0.03240622
  0.16063985  0.02967262 -0.0274156  -0.10173081  0.1358799   0.10306622
  0.09402391 -0.06729352 -0.04319873 -0.00518632  0.11542443  0.05286797
 -0.09210002 -0.05913216  0.09382619 -0.01143132  0.01906014  0.05227107
  0.09093829  0.16774392 -0.01929651  0.02395417  0.16797912 -0.10941657
 -0.20606911 -0.18844949 -0.02963991 -0.05274472  0.00295633 -0.03649785
  0.01510389  0.12132832 -0.0481368   0.23870623 -0.04546561 -0.06274699
 -0.04935219 -0.01073698  0.16677852 -0.02448823  0.1601519   0.03989691
 -0.03116194 -0.03272843 -0.03046495  0.15107822  0.05203888  0.08019176
 -0.03671264 -0.16173902  0.01139378 -0.03491597 -0.10892734  0.00048075
 -0.07818968  0.01057678  0.01929653  0.120151    0.02996545 -0.03366266
 -0.14373483 -0.02569036  0.05447666 -0.07309818 -0.14391214  0.04268874
  0.09836135 -0.06854482 -0.15599816 -0.0241559   0.03709156  0.04172555
 -0.05638143  0.14721468  0.0178115   0.07928268 -0.09642483  0.03129879
  0.01167885 -0.00047405 -0.12173328  0.10456345 -0.00570077  0.04861218
  0.04075759 -0.15904418  0.04767715 -0.0351392  -0.14769964 -0.0418052
  0.16040637  0.07789906 -0.09330959 -0.07133707  0.01600227  0.05932094
  0.07719097 -0.04060546 -0.02531287 -0.02442289 -0.00771219  0.11971804
  0.08832435  0.03321514]