[ 0.02972833  0.10780445  0.01241563  0.0392103   0.02363124  0.08949231
  0.06126818 -0.09942761 -0.00589454 -0.0813145   0.11503457 -0.06666346
 -0.00476959  0.08271029  0.01818818  0.01816116  0.01299286  0.11744038
 -0.01063564 -0.11563185  0.21775208  0.00184114 -0.09787804  0.0258119
  0.13731079 -0.04101    -0.11215323 -0.05503151  0.14164692  0.16654666
  0.08613512  0.00536538 -0.03029675 -0.05347085  0.11727241  0.04828893
 -0.10513639 -0.02169554  0.0462303  -0.08669753 -0.05023712  0.10520104
  0.02958541  0.17282759  0.02867946 -0.00643599  0.0851512  -0.07819161
 -0.15256488 -0.22662753 -0.07410762  0.00304228  0.01430714 -0.0793317
 -0.01130257  0.12045734 -0.144641    0.22331239 -0.02599415 -0.06923081
 -0.04863991 -0.03102531  0.17905951 -0.03761848  0.09460892  0.08555942
  0.00859466 -0.05570789 -0.06114277  0.0782074   0.10158061  0.01911603
  0.01046639 -0.1702092  -0.0981922  -0.06053581 -0.06061879 -0.06114763
 -0.09281217 -0.04666451  0.001739    0.12364418 -0.0788617  -0.11631917
 -0.06041865 -0.02580958 -0.01898574 -0.14081526 -0.0635858   0.04492802
  0.09598394 -0.09770709 -0.14878583 -0.05948403  0.10441663  0.02208603
 -0.04385562  0.04579173  0.00813778  0.10521821 -0.05140945  0.05551066
  0.05186088 -0.05976548 -0.19552979  0.14501719  0.04489213 -0.01252414
  0.08938237 -0.11500368  0.06147802 -0.06712224 -0.16620229 -0.04398219
  0.1675828   0.04008176 -0.05808394 -0.08751734  0.06591471 -0.01094161
  0.01068891 -0.04448267 -0.02303682  0.04195232  0.04542963  0.07720717
  0.11706366 -0.01883604]