[ 0.03755263  0.08679778  0.13459526  0.04208672  0.09457342  0.13777213
  0.08374981 -0.09291986 -0.0538782  -0.07597381  0.07976226  0.00401651
 -0.0710241   0.0165117   0.07893796 -0.02597891 -0.02648227  0.14412881
 -0.01114079 -0.17060484  0.17240837  0.09634116 -0.10842824 -0.01275487
  0.16493067 -0.05705012 -0.08988312 -0.02289603  0.03895037  0.124427
  0.03326321 -0.04980166 -0.04806733  0.02565838  0.1720088   0.01460605
 -0.05188514 -0.15383486  0.07755203 -0.08076455  0.066875    0.06366494
  0.10992879  0.11306328 -0.04712998  0.04248149  0.06368563 -0.11063191
 -0.17048837 -0.17771693  0.02692375 -0.02032662 -0.0294282  -0.0308961
  0.02710688  0.10831372 -0.1321803   0.1424583  -0.10135058  0.02769618
  0.00558014 -0.04130211  0.08163755 -0.04892698  0.16815454  0.02887201
 -0.04548008 -0.01900838 -0.07528989  0.18667293  0.12981881  0.06393719
  0.01441959 -0.20187338 -0.08444355  0.03685234 -0.07898241 -0.02797446
 -0.08151235 -0.08034896 -0.01513949  0.13954873  0.0348803  -0.00666369
 -0.09855516 -0.03277744  0.052288   -0.09824786 -0.13339846  0.13090736
  0.07672485 -0.11924794 -0.14660232 -0.03260275 -0.02226552  0.01553351
 -0.04415408 -0.01619951  0.0233924   0.09431928 -0.038194    0.09539171
  0.03597932 -0.08156571 -0.07639842  0.0826909   0.04332351  0.02050835
 -0.03179599 -0.06861264  0.05733128 -0.13102396 -0.12086511 -0.03292154
  0.16271801 -0.00107775 -0.07618178 -0.04212932  0.01206225  0.01394525
  0.09103137 -0.02421893 -0.02919177  0.0262052   0.15686615  0.07727922
  0.17425056 -0.01431429]