[ 1.94019943e-01 -7.69215450e-02 -1.50241628e-02  9.60688069e-02
  8.14425275e-02  1.30561396e-01  3.59129682e-02 -1.01529174e-02
 -6.29296824e-02 -2.51126438e-01  1.00245863e-01  1.53887033e-01
 -2.86177993e-02 -1.23669848e-01 -1.20228887e-01 -5.16919121e-02
 -1.07082374e-01 -2.81976461e-02 -1.37745097e-01  1.38200507e-01
  1.22997485e-01  6.52493760e-02  2.66356841e-02  7.54977623e-03
  3.51934470e-02 -2.89295651e-02 -2.69684829e-02 -5.50210513e-02
 -1.10627741e-01  3.43961418e-02 -4.09664549e-02 -4.63436842e-02
 -1.20020308e-01  1.02539122e-01 -5.22958823e-02 -2.14115605e-02
 -1.32058710e-01 -2.27809697e-02  5.99684427e-03  2.93614585e-02
  6.03816286e-02  5.17404675e-02 -3.41641828e-02  1.09378718e-01
 -1.25988469e-01 -1.33273527e-01  3.49710174e-02 -8.04175809e-02
  2.90791923e-03  2.20848098e-01  4.36424091e-02  2.84666829e-02
 -1.39279276e-01  9.83352661e-02  7.46855885e-02 -1.38072491e-01
 -7.82319084e-02  8.96896347e-02 -7.87824616e-02 -2.75408966e-05
 -2.77480036e-02 -2.99248099e-02  1.72877550e-01 -8.78939964e-03
 -4.91282046e-02 -1.62314683e-01  5.08462973e-02 -4.42068325e-03
 -1.57649890e-02  9.46985632e-02  9.53661650e-02  1.14965513e-01
  1.04275912e-01  1.11009836e-01 -7.06370771e-02 -6.23584315e-02
 -2.28337646e-02 -1.18501566e-01 -6.77087083e-02  2.13060334e-01
  3.25151943e-02 -9.87400301e-03  9.77116004e-02 -4.53124233e-02
 -5.77561818e-02  1.45047754e-02  8.77266526e-02  5.53662330e-03
 -3.03441714e-02 -2.01451182e-02  9.17222872e-02 -1.34262383e-01
 -1.33105412e-01  2.91722342e-02 -6.85508624e-02 -1.16173945e-01
  7.04119727e-03 -6.70498908e-02 -5.30866981e-02 -3.15446295e-02
 -9.87391248e-02  8.84739608e-02  1.99354906e-02  7.46370554e-02
 -5.40961660e-02  5.35998307e-02 -1.98469460e-02  1.89182237e-01
 -2.06044018e-02 -2.86388565e-02  9.00719240e-02  5.23134284e-02
 -1.07310548e-01  1.21548459e-01  1.73188075e-02  1.98461264e-02
  4.29835655e-02  2.59036291e-02  5.10546304e-02  8.25159699e-02
 -2.59739067e-02  8.67001712e-02  4.35052738e-02  1.72939394e-02
  9.36335698e-02 -5.45187518e-02  1.78974062e-01  4.76886295e-02]