[ 0.12667798  0.04288685  0.08699676 -0.04080014 -0.00274661  0.10499638
  0.05879293  0.03337315 -0.07248271 -0.24315199 -0.02897639 -0.04804876
  0.08345952 -0.04248565 -0.03293009 -0.09921797 -0.09147696 -0.02053719
 -0.18021649  0.06652795  0.15804207  0.0659148   0.0475239   0.10173412
 -0.01731583 -0.17366676 -0.10813043 -0.02631184  0.01400455  0.06775964
  0.02780759 -0.16442838 -0.11352679  0.07518895  0.06136793 -0.09170226
 -0.06448925  0.08931871 -0.05242608 -0.00139425 -0.06855365  0.05088124
 -0.01263227  0.09166069 -0.02462832 -0.08819147  0.01478858  0.02946311
 -0.06209126  0.2092721  -0.05310575 -0.0715403   0.03165589  0.05997382
 -0.01884088 -0.0851566  -0.0357407   0.1582966   0.00645185 -0.18047293
 -0.01896274  0.13621606  0.0975409  -0.00776169 -0.11499856 -0.04160789
  0.08956315 -0.08914281 -0.14257669 -0.07860408  0.03747061 -0.0244607
  0.05503511  0.05290507 -0.04572752 -0.06518023 -0.02975479 -0.21892716
  0.12371569  0.23377223  0.09621082 -0.09831483 -0.01294092 -0.07121008
  0.02608509 -0.02009778 -0.04495029 -0.05622833  0.00654327  0.05605489
  0.14583404 -0.1408606   0.00455166 -0.01951567 -0.06849845 -0.05446603
 -0.04040559  0.08886617 -0.0686269   0.02666141  0.02093154  0.1154808
 -0.00944733  0.09680734 -0.13967626  0.02678407 -0.02918955  0.10477266
  0.05945671 -0.03449237  0.16486871  0.05714771 -0.13647418  0.10857396
 -0.07264273  0.16092832 -0.0047671   0.12078957 -0.0325551   0.05995779
 -0.10080147 -0.01150063 -0.0521125  -0.0053444  -0.03394281 -0.05437837
  0.0161151  -0.06328857]