[ 0.09159805  0.00220413  0.09109852 -0.01034358  0.04498187  0.04449394
  0.06918658  0.05165144 -0.03543427 -0.23514119 -0.03666785  0.07392669
 -0.00450124 -0.15760569 -0.0901806  -0.00182269 -0.14876087 -0.14247142
 -0.23662171  0.17453352  0.0911129   0.01299204  0.03321963 -0.01665784
 -0.07084294 -0.05079459 -0.1187994  -0.00511649 -0.01121217 -0.04120206
 -0.00645048 -0.05848835 -0.11027052  0.10855423 -0.03863352 -0.05161494
 -0.08470716  0.14475098 -0.06301907  0.03123596 -0.00318447  0.02278837
 -0.0055681   0.00251212  0.0357912  -0.0427404   0.02330905 -0.02433744
 -0.08719382  0.26142916 -0.08654176 -0.05582938 -0.12572657  0.05952214
  0.06117693 -0.13968919 -0.1246734   0.12391722 -0.14166455 -0.01142224
 -0.0093111   0.06474291  0.12851903 -0.00943039  0.01269398 -0.09690186
 -0.00407002 -0.03716934 -0.14433934 -0.02546376  0.0527284   0.04398487
  0.06511642  0.21614634 -0.01952198 -0.03829681  0.05871991 -0.11997634
  0.06401713  0.14339918  0.05252182 -0.1083465  -0.00317692 -0.01927624
 -0.06647515 -0.05405317  0.00933716  0.05526662  0.03213346  0.04042646
  0.13016842 -0.13143007 -0.06130911  0.06052392  0.0070682   0.02266528
  0.0369656  -0.05204628 -0.08275551  0.04863423 -0.10541479  0.00418585
 -0.14301421  0.07907386 -0.07762642  0.07426991 -0.03590602  0.14787811
  0.06107594 -0.06879105  0.07410128  0.11461078 -0.10846774  0.14635476
  0.02192997  0.06824162  0.02269213  0.13270177  0.01562738  0.12269713
 -0.10521279  0.13078521  0.03586287  0.04830091  0.04534065 -0.04185203
  0.07552183 -0.11769769]