[ 0.05959751 -0.01129586  0.01757053 -0.04663825  0.07257571  0.02045282
  0.02604145 -0.05147582 -0.03688925 -0.32540414 -0.09014332  0.06345659
 -0.00686814 -0.04877773 -0.12481031 -0.02984636 -0.18686217 -0.16685964
 -0.14345787  0.10043943  0.13567294  0.02284933  0.02745098 -0.08486547
  0.02835293 -0.03104528 -0.0454913   0.02050995 -0.03875539  0.06788907
 -0.00356699 -0.10268705 -0.07652907  0.04430181  0.02227574 -0.07543375
 -0.07523958  0.07778978  0.00593979 -0.04432882  0.00549674  0.03190095
  0.11108676  0.07199124  0.01971618 -0.00857796  0.04572088 -0.02692471
 -0.03689326  0.16858256 -0.13969807 -0.08264283  0.02993853  0.07545051
  0.07988253 -0.12190535 -0.11214385  0.16586143 -0.1476382  -0.10052978
  0.03463247  0.07296598  0.16435659  0.07422301 -0.01905539 -0.00954226
 -0.02337534 -0.01255121 -0.07502211 -0.10067966  0.04311848  0.01237004
  0.04519492  0.05502827  0.0015748   0.02919876  0.01888607 -0.24365769
  0.04635168  0.21619208  0.09649166 -0.08062213  0.03552494  0.02413167
 -0.07592519 -0.0604246  -0.01385689  0.06015635  0.01724644  0.02529424
  0.12488151 -0.12857874 -0.04953626  0.04803432 -0.05662785 -0.01575871
 -0.00596684  0.04365468 -0.01302376 -0.00134282 -0.07663149  0.00608546
 -0.05433609  0.05921714 -0.14586918  0.06748484 -0.05165758  0.21097779
 -0.02490323 -0.05630535  0.159188    0.0108997  -0.17958026  0.14828733
 -0.03285823  0.11654664 -0.03564415  0.18699096  0.00968943  0.08921801
 -0.08211486  0.09274359  0.01501127 -0.0497862  -0.01139151 -0.02274801
  0.03964857 -0.06992666]