[ 0.08501678  0.06845829  0.05654529 -0.01885117  0.04326356  0.12740564
  0.06040557  0.01175022 -0.03205074 -0.17350712  0.04202253  0.06862309
  0.01597573 -0.23575728 -0.10488636  0.02761473 -0.21501471 -0.04660867
 -0.2092393   0.08888131  0.16914657  0.07949044 -0.01370421 -0.00510448
 -0.01568965 -0.03706824 -0.10388248 -0.04578457  0.06869499  0.06880288
  0.00090277 -0.06041064 -0.13508949  0.08180331  0.028836   -0.10893716
 -0.07148726  0.02633079  0.09454223  0.05637799  0.01881608 -0.03292465
  0.03994992  0.08507835 -0.01153335 -0.18165487  0.06427877 -0.01787836
 -0.06081615  0.19517612 -0.02754858 -0.01542787 -0.12799029  0.08450866
  0.01041127 -0.11284801 -0.05927394  0.08506776 -0.15731066 -0.05902009
 -0.0411789  -0.00900825  0.19476247  0.01408467 -0.05961351 -0.10719784
  0.03175443 -0.09641315 -0.0880335  -0.06126285  0.02777269  0.08646653
  0.04539321  0.16160206 -0.01613859 -0.09342865 -0.00865592 -0.11680675
  0.0191074   0.21758263  0.13956392 -0.03452297  0.09663904  0.05753753
 -0.04090523  0.02336911  0.03336173  0.02714353  0.04730783  0.00609231
  0.10547692 -0.14046827 -0.1361293   0.0768687  -0.06933475 -0.07470117
 -0.0457445   0.02383302 -0.09221784  0.029334   -0.05035586  0.00729518
 -0.06825976  0.115702   -0.02953892  0.07305815  0.02216829  0.20398754
  0.0516724  -0.01639473  0.06561863  0.0526797  -0.14275469  0.1445511
  0.00072511  0.0755585   0.01703835  0.16123472  0.00412044  0.07216112
 -0.02983678  0.06060246  0.06280678 -0.01340621 -0.01548658 -0.02245921
  0.07147788 -0.00835368]