[ 0.01296587 -0.07233037  0.07176742  0.0811129   0.05954343  0.15752736
  0.03422045 -0.07507668  0.05950008 -0.12325913  0.04929559  0.10230394
 -0.01883613 -0.01596636  0.07488438 -0.14843009 -0.09861264  0.03356487
  0.02521519 -0.02722119  0.07504073  0.02669595 -0.03450766  0.23260799
  0.13516666 -0.14202879 -0.00134737 -0.08933145 -0.11065042  0.09899362
  0.11725205 -0.1946899  -0.02034622  0.03755141  0.06986179  0.05214692
 -0.07595339 -0.1863855  -0.06477049 -0.01225156  0.11671261 -0.01293403
 -0.01204996  0.06380545 -0.10178951 -0.14516939 -0.0015333  -0.02002211
  0.04639692  0.01177912 -0.00236249 -0.1733534   0.11927239 -0.06185427
  0.08539544  0.13054577 -0.17193259  0.19842409 -0.06954396  0.01215145
 -0.06938089  0.04519272  0.08582633 -0.10247333  0.0720725   0.03011805
  0.03913365 -0.08328737 -0.14650632  0.02772482  0.04548857  0.0891802
 -0.02095546 -0.14526223  0.00957869  0.08126653 -0.02794766 -0.09124558
  0.02273589  0.13531961 -0.04021028 -0.01119224  0.06552481  0.00679879
 -0.05103817 -0.0131666   0.08111555 -0.05396697 -0.10981844  0.05004232
  0.03839806 -0.10669355  0.06085655  0.02020063 -0.12128967 -0.04249542
 -0.1281236  -0.10293526  0.06215094  0.03604374  0.04642435  0.01823821
 -0.00958356 -0.14120863 -0.05975896  0.08782882  0.01648517 -0.09077453
 -0.17373869  0.05409958  0.09123747 -0.05350269  0.0398603  -0.06663192
 -0.02774304  0.10881504 -0.05223997  0.10937777 -0.05502319  0.11696966
  0.05834633 -0.11827921 -0.16456297 -0.02692458 -0.00909988  0.17690955
  0.01145303  0.03741052]