[-0.03075028  0.20935902  0.24589643  0.06552187 -0.03471119  0.16080295
 -0.00843441 -0.05277866  0.09658399 -0.06028482  0.04534218 -0.01995489
 -0.0895436  -0.11250901  0.09549852 -0.12922215 -0.10854574  0.0671245
 -0.098442   -0.14638935  0.03950568  0.10460985 -0.01639927  0.10741455
  0.13977669 -0.22726502 -0.04790866  0.08850547  0.0166469   0.01809478
  0.16001509 -0.20548134 -0.05549336  0.05184758  0.09425488 -0.06265435
 -0.00131425 -0.09556372  0.02143312  0.10451125  0.06921122 -0.01210691
 -0.00444678 -0.02249154 -0.036008   -0.21802889 -0.03190954 -0.02752492
  0.02321671  0.08476122  0.10530235  0.06031706 -0.02564246 -0.01347307
 -0.07593079  0.04022834 -0.07010905  0.0321243  -0.06565294 -0.06567524
 -0.10420863  0.00893424 -0.01532834 -0.10962821  0.01002965  0.01512994
  0.12099244 -0.1502087  -0.21732593  0.15669772  0.07297342  0.09666362
  0.04084437  0.04937939  0.02478839 -0.05126676 -0.04703112 -0.10343956
  0.01254056  0.10448974 -0.00999785  0.02104445  0.1595777   0.09428174
  0.06370316 -0.05489459 -0.01317465 -0.05243332 -0.03664578  0.0593772
 -0.03980026 -0.14120618  0.08352241 -0.00801367 -0.05334052 -0.15089078
 -0.09813721 -0.03221561 -0.05965434  0.07676473 -0.02214555  0.07644161
 -0.02431684  0.01339187  0.05201706  0.04943631  0.10539045 -0.04565765
  0.00607399  0.02813642  0.04531262 -0.02825882 -0.00990515  0.11784516
 -0.02860666 -0.02107571  0.00371965  0.17018838  0.02013049  0.04942394
  0.07054233 -0.02119991 -0.12617071 -0.0462351   0.1375711   0.028057
  0.1083279   0.05529631]