[ 5.27584478e-02  1.73568308e-01  1.73849687e-01  9.21161249e-02
  6.29254337e-03  1.93609893e-01  4.94184233e-02 -3.52171063e-02
  4.32653576e-02 -1.14584170e-01  1.24280855e-01  2.30395477e-02
 -5.84412217e-02 -1.19757548e-01  5.06459475e-02 -1.20074719e-01
 -1.16701014e-01  9.53340754e-02 -1.34760275e-01 -7.51357973e-02
  9.75877047e-02  9.27938223e-02 -5.10156043e-02  1.07217327e-01
  1.23638436e-01 -2.34709516e-01 -8.88191611e-02  2.66996175e-02
 -1.48348771e-02  6.31716400e-02  7.69173652e-02 -1.85360938e-01
 -1.01336509e-01  8.34826678e-02  6.34753034e-02 -2.33908761e-02
 -3.35679799e-02 -1.41602889e-01  3.62158928e-04  1.08674861e-01
  7.97265917e-02  2.74883285e-02  1.22781955e-02  4.45661433e-02
 -8.41175020e-02 -1.97131276e-01  3.59601453e-02 -7.85121769e-02
 -3.54989357e-02  1.18613809e-01  8.40829238e-02  2.17297798e-04
 -1.38859332e-01  3.10497973e-02 -3.76527272e-02  3.84416766e-02
 -1.33458123e-01  8.00891370e-02 -6.94081858e-02 -8.83662980e-03
 -8.40976313e-02  1.99501356e-03  6.05731420e-02 -1.35829300e-01
  1.97599772e-02 -4.34726067e-02  1.15291670e-01 -1.46035790e-01
 -1.63719341e-01  1.58244967e-01  1.16538286e-01  1.31668463e-01
  8.66900384e-02  5.53380251e-02 -1.48764672e-02 -5.51658869e-02
 -4.97813672e-02 -6.28273860e-02 -3.82064991e-02  6.61447048e-02
 -3.42610804e-03  4.73084711e-02  1.03553116e-01  3.79559100e-02
 -1.39729297e-02  6.20720722e-02  1.94187108e-02 -1.06682308e-01
 -7.01113865e-02  6.10592291e-02  2.81445850e-02 -2.05927163e-01
 -1.69785656e-02 -4.38409820e-02 -5.38417511e-02 -1.42723098e-01
 -1.10506438e-01 -6.52256086e-02 -4.62247469e-02  1.03135101e-01
 -9.62130800e-02  7.79580548e-02  2.32380349e-02  1.27588082e-02
 -7.72911031e-03  9.77799073e-02  6.62180707e-02  5.14360070e-02
 -6.08014651e-02  1.77903883e-02  4.84209098e-02 -4.60294820e-02
 -3.49102877e-02  9.01314318e-02 -1.75266042e-02 -1.00533497e-02
  3.13067250e-02  1.05057560e-01  2.91643217e-02  4.37248126e-02
  4.44901623e-02  2.97573628e-03 -8.87405127e-02  4.86988798e-02
  1.43456921e-01  3.30120488e-03  1.23097114e-01  4.15538736e-02]