[-0.05177359  0.23081328  0.23797153  0.0726973  -0.02652537  0.16731548
 -0.0289824   0.00604301  0.07812409  0.02206301  0.04255308 -0.03593383
 -0.12998208 -0.16972594  0.16079842 -0.09787707 -0.13234894 -0.00214921
 -0.06088967 -0.12524746 -0.05555702  0.101163   -0.01720508  0.05218202
  0.14547715 -0.20917393 -0.00815015  0.10952635  0.01334155 -0.06482702
  0.12524812 -0.17775346 -0.05191585  0.06791481  0.04507338 -0.03219784
  0.05703161 -0.16048019  0.02043738  0.11421616  0.13084345 -0.08083107
  0.0090082  -0.08953267 -0.04400365 -0.16208415 -0.00664146 -0.01222485
  0.00390757  0.11098891  0.11164286  0.07624251 -0.07470351 -0.00553324
 -0.0470731   0.02012896 -0.07685725 -0.08139008 -0.06922108 -0.02528693
 -0.11792707 -0.00856574 -0.05936792 -0.13235115  0.01786254  0.07325377
  0.10841455 -0.12677826 -0.16175188  0.14977233  0.02774948  0.1500698
  0.03922966  0.10540105  0.09075857 -0.04842771 -0.01376033 -0.00999711
  0.00455054  0.05981961  0.00765325  0.01421924  0.15261181  0.11233901
  0.08373043  0.0017866  -0.02395671  0.00659923 -0.00709259  0.08466108
 -0.02436144 -0.09162341  0.03702043  0.02622304 -0.08146293 -0.14185585
 -0.06494237 -0.07057188 -0.03834459  0.03473213 -0.05094147  0.00172016
 -0.02398648 -0.04073586  0.06421544  0.07369858  0.09879637 -0.02733336
 -0.0225927   0.06274518  0.02368526  0.01863225  0.05269936  0.08699796
 -0.01654102 -0.11087815  0.00612698  0.16645929  0.03524575  0.02477287
  0.10028654  0.00243188 -0.04555356  0.00412887  0.16049966  0.01530093
  0.13801675  0.0426405 ]