[-0.06045251  0.32025722  0.19680886 -0.05100236 -0.03405491  0.14273155
 -0.01925212  0.04891974  0.11261544  0.04551578  0.04471834 -0.06090594
 -0.00497248 -0.1838906   0.11268733 -0.07670999 -0.09828745 -0.00503578
 -0.17262103 -0.05857988  0.00273611  0.11002077 -0.03590517  0.1046612
  0.04357792 -0.20164065 -0.02799591  0.10722759  0.13126875  0.00980638
  0.13244753 -0.17188004 -0.00048098  0.09252929  0.04360088 -0.0633638
  0.10453448 -0.01402411  0.00295808  0.11303139  0.05174695 -0.09499778
  0.02297616 -0.02664687 -0.0022696  -0.15350947  0.02102951  0.05596447
 -0.05711913  0.14373706  0.04940118  0.08660737 -0.10122668 -0.00933884
 -0.04996771  0.02404768 -0.11016843 -0.0471045  -0.08873301 -0.12727712
 -0.16492426 -0.03863791 -0.00044871 -0.10602048 -0.06644969  0.0222516
  0.10053054 -0.10000289 -0.20701529  0.04170236  0.02944069  0.04374569
 -0.02134594  0.08570206  0.12177996 -0.04535751 -0.02415353  0.01958783
  0.08093864  0.09088116  0.03442853  0.02099073  0.12626931  0.14735845
  0.1160532  -0.00426869 -0.03807298  0.01283071  0.10035758  0.12323615
 -0.02778283 -0.16199416  0.02023487  0.05429581 -0.06059738 -0.1445183
 -0.09235858 -0.00930029 -0.08616513  0.00227528 -0.00863526  0.02315267
 -0.05406437  0.04739052 -0.03612483  0.08047353  0.02945334 -0.01267216
  0.068088    0.0050519   0.05072502  0.05929986 -0.05614523  0.15076827
 -0.04238047 -0.0465394  -0.0361814   0.11305699  0.00377367  0.0772427
  0.08164223  0.01725112 -0.04687249  0.04187016  0.07852934 -0.00817834
  0.09217751 -0.01599128]