[-0.0469841   0.14591636  0.0608913  -0.08367702  0.01796176  0.05120197
 -0.02673657 -0.04619214  0.14566971 -0.17905158  0.07352293 -0.01442099
 -0.05492744 -0.01234974  0.0042137  -0.11212382 -0.17005362 -0.01811955
 -0.06026037 -0.05843585  0.09524872  0.12138525 -0.04874653 -0.10882027
  0.0771281  -0.03861034  0.0443312   0.0525809   0.05714988  0.07407621
  0.07383259 -0.17782582  0.12799692  0.00230967  0.13816693  0.00223893
  0.08094282  0.0108508   0.03930306 -0.0316989   0.09864669 -0.01977592
  0.08342551  0.15249082 -0.10903107 -0.02411814  0.02961208 -0.06595124
 -0.04694373 -0.01553671 -0.19399938  0.06851751  0.0049206   0.08722118
  0.02269412  0.03783847 -0.12248931  0.01105181 -0.22195043 -0.09837846
 -0.11964897 -0.11740046  0.1526285   0.05780455  0.00926039  0.02904288
  0.03310213 -0.04033915 -0.00541994  0.03773569  0.09524161 -0.09393197
  0.00344787 -0.11367477  0.1167241   0.00976731 -0.12281807 -0.09671091
 -0.04465159  0.0506862  -0.00168605  0.09004191  0.10254787  0.13596562
  0.01639335  0.02914141  0.0142833   0.02940374  0.00152214  0.12028965
  0.09698236 -0.204777   -0.08381755 -0.02228996 -0.05600118 -0.1752868
 -0.13205482  0.05349446  0.01028495 -0.01003424 -0.05763882  0.03686675
  0.05750584 -0.08279518 -0.06393652  0.10643505  0.07053301  0.10719565
  0.00452637 -0.07007464  0.08986976 -0.13122872 -0.18723103  0.09741218
  0.01455031 -0.0014865  -0.0214538  -0.02359905  0.10627978  0.04216219
  0.12697764 -0.006416   -0.04392198  0.01958518  0.10226877 -0.02031161
  0.2101748   0.11028958]