[-0.021824    0.13824135  0.08234352 -0.07781246  0.0095915   0.00069728
 -0.06126504  0.01948182 -0.00446011 -0.06082681  0.07589123 -0.09787332
 -0.03233371  0.04907896  0.13869512 -0.04676575 -0.03983013 -0.0480279
  0.03925986 -0.04048166 -0.0054868   0.07939927  0.13016912 -0.18211894
  0.11204851 -0.04345104  0.09398344  0.09698277  0.11896689 -0.04299742
  0.07022147 -0.14063637  0.18367504 -0.01194899  0.07359177 -0.05269994
  0.09406619  0.12854703  0.11041927 -0.02362584  0.0315951  -0.02770703
  0.02997967  0.00584835 -0.17099327 -0.00448794 -0.02910977 -0.05235392
 -0.04567469  0.00362129 -0.15712026  0.1494132   0.02648136  0.07478055
 -0.10751527 -0.03640632  0.06271633 -0.06505816 -0.16870423 -0.05498672
 -0.16474237 -0.10021103  0.0629039   0.00413329  0.0165811   0.17493345
 -0.01244093  0.0206322  -0.0443366  -0.01235448  0.03279873 -0.06027527
 -0.03876197 -0.0343674   0.16899188 -0.04690916 -0.05027838 -0.14957714
  0.0056224   0.07936341 -0.04845133 -0.05099232  0.12535682  0.11898411
  0.09079381 -0.00217039 -0.06444384  0.05429398  0.0348899   0.04335575
  0.07487398 -0.08676308 -0.04009402  0.05737123  0.00674795 -0.21962047
 -0.08348659  0.15906863 -0.04633661 -0.05576259 -0.07232689  0.00984654
  0.0627349  -0.01264696  0.01026341  0.09906107  0.16082683  0.08419631
  0.2117167  -0.14658971  0.02590298 -0.03173756 -0.05888021  0.14253627
  0.03411354 -0.04689556 -0.02005708  0.04499749  0.12271864  0.07911772
  0.07419341 -0.0599575  -0.069647    0.00932346  0.10620526 -0.03669768
  0.21202211  0.12167851]