[-2.45064050e-02  1.30936116e-01 -3.82420979e-02 -9.52432826e-02
 -6.51881471e-02 -4.66551594e-02 -1.31609868e-02 -3.93330753e-02
  2.69900989e-02 -9.32624862e-02  4.91939597e-02 -7.69513249e-02
  4.57837135e-02  1.72910497e-01  6.82673082e-02 -9.58870798e-02
  7.90252984e-02 -1.26936972e-01  7.41627663e-02  7.74885900e-03
 -4.52479981e-02  7.96679780e-02 -6.16469756e-02 -9.52011943e-02
 -8.36184397e-02  7.54825249e-02 -2.83909794e-02 -1.57781746e-02
  7.08573610e-02  5.48264906e-02  5.47282072e-03  8.98641068e-03
  1.28943324e-01 -4.94483300e-02  4.35537547e-02  7.90590495e-02
  1.84975356e-01  1.97954848e-01  3.62755321e-02  6.72846138e-02
 -1.03368210e-02  8.25359747e-02 -7.95973241e-02 -6.33335188e-02
 -3.45106772e-03  2.53369540e-01  7.11304694e-02 -8.95785838e-02
 -1.24953113e-01 -1.65167257e-01 -2.27554858e-01  8.42996389e-02
  8.58028159e-02  7.14420900e-02 -2.22500339e-02  6.19156696e-02
 -3.74528803e-02  4.14629765e-02 -1.28528833e-01  9.59322695e-03
 -5.70583530e-02  1.23004019e-02  4.95053381e-02 -7.65480995e-02
  2.98972502e-02  6.60403669e-02  1.67260200e-01  7.22334608e-02
  9.66910422e-02 -9.96835232e-02  8.86178017e-02 -1.69450447e-01
 -3.46640907e-02 -5.14130443e-02  1.65635601e-01  6.28272370e-02
 -1.23692565e-01 -2.60479506e-02 -3.02661024e-03 -6.89533278e-02
 -9.08608660e-02  1.24921210e-01 -1.00073263e-01 -1.09674782e-02
  4.29334641e-02  6.34620562e-02  4.44044964e-03 -9.11059678e-02
 -8.38019177e-02 -9.87258181e-03  7.98307806e-02 -1.23574428e-01
  8.69343355e-02  1.67715605e-02  3.14436033e-02 -1.04767285e-01
  4.60619666e-02 -3.02367453e-02  6.00069650e-02  3.27638686e-02
 -1.10707477e-01  2.66401134e-02 -2.01619347e-04  2.14125868e-02
 -2.04078779e-01  1.16580978e-01  2.61543263e-02  5.48417494e-03
 -3.67780253e-02 -7.66346380e-02  7.03152120e-02 -1.25736073e-01
 -1.33547291e-01 -5.02883904e-02 -4.20316644e-02  1.11456951e-02
 -1.70331866e-01 -2.15638652e-01  2.62321308e-02 -7.68027306e-02
 -6.94295205e-03  2.42418814e-02 -4.74571213e-02  1.03103109e-01
  8.17295536e-02  1.92098413e-02 -1.39472419e-02 -2.53589842e-02]