[ 2.55372208e-02  1.74895719e-01  1.98462196e-02 -4.70475070e-02
  1.20634260e-03 -1.39565319e-02  2.58411672e-02 -9.54238698e-02
  8.39037448e-02 -1.51065275e-01  8.90377536e-02 -5.64142801e-02
 -2.45552044e-02  1.29315913e-01  7.39289969e-02 -9.86325964e-02
 -2.70139310e-03 -7.79281035e-02 -2.48084366e-02 -7.21374005e-02
 -2.30167601e-02  1.62588730e-01 -7.86275640e-02 -1.22873746e-01
  6.46853372e-02 -3.95673886e-02 -2.80542932e-02  1.36314973e-01
  1.33592218e-01  1.07992105e-01  4.84397970e-02  5.10505913e-03
  8.72048736e-02 -4.58721146e-02  3.17546092e-02  1.46807553e-02
  8.93217325e-02  3.99889387e-02  1.11827299e-01  6.19961768e-02
  7.13427886e-02  5.93516976e-02  7.61072384e-03 -1.62869517e-03
 -6.14516474e-02  9.27133262e-02 -2.52275448e-02 -7.97576308e-02
  9.78673561e-05 -1.15019016e-01 -1.78997472e-01  2.07999438e-01
  4.64151837e-02  6.08849414e-02 -8.48900825e-02  7.71653547e-04
 -8.02080259e-02  4.98588234e-02 -1.66053444e-01  3.23097371e-02
 -1.48123354e-01 -4.16939817e-02  7.52334297e-02  1.81306042e-02
 -9.35122669e-02  1.23990476e-01  1.21627823e-01 -9.77189839e-03
  1.83498432e-05 -5.71918972e-02  1.27795815e-01 -1.02384776e-01
  1.49370618e-02 -3.64015135e-03  1.59204617e-01  2.35752650e-02
 -9.15693417e-02 -1.89357772e-01 -8.83095637e-02  4.09121327e-02
  5.28546013e-02  9.37543362e-02  6.72938004e-02  7.14547485e-02
  9.85535607e-02  7.45701417e-02 -2.25432497e-02 -9.96910557e-02
 -1.03998527e-01  3.49157192e-02  8.28539729e-02 -1.55474052e-01
 -2.71836873e-02  2.68166400e-02  5.41920820e-03 -1.81327745e-01
 -6.79043755e-02 -2.09161453e-02  4.77797650e-02  9.96958744e-03
 -1.09035343e-01  4.45900746e-02  1.00824520e-01  4.78013158e-02
 -1.77527741e-01  1.29697427e-01  8.41329545e-02  1.22578219e-01
  8.13396722e-02 -8.34945068e-02  1.22293606e-01 -1.39725700e-01
 -1.94786116e-01  9.40197036e-02 -4.15126942e-02 -2.60181706e-02
 -4.89273444e-02 -2.41199471e-02  1.23361252e-01 -4.96027805e-03
  7.55239949e-02 -2.02106498e-02 -6.34700134e-02  4.51265574e-02
  9.45880935e-02 -3.26642804e-02  1.12544209e-01  6.32063076e-02]