[-0.01566843  0.17436253  0.17168085 -0.10218395  0.00200469 -0.01870446
  0.05818279 -0.033105    0.02805617 -0.13920571  0.05958356 -0.05902277
 -0.03590231  0.13399576  0.09068551 -0.13631319 -0.02463493  0.0121757
 -0.05062454 -0.0933738   0.04763514  0.16953158 -0.08088034 -0.05033048
  0.04730148 -0.05361024 -0.01547942  0.15951711  0.15910086  0.07795448
 -0.00136108 -0.14457825  0.09748632 -0.01176951  0.11604188 -0.03674845
  0.07473663  0.08030886  0.03025374  0.00258179  0.05110129  0.0918684
  0.06934503  0.05373419 -0.09119219  0.06746244 -0.00342394 -0.09151263
 -0.09033357 -0.09380121 -0.15657648  0.11215129  0.00450924  0.06994439
 -0.01229842  0.04394658 -0.09981505  0.10631487 -0.17085454 -0.03775198
 -0.10387667 -0.03555021  0.06904135  0.05683174 -0.00390382  0.12713805
  0.04231676 -0.06216414 -0.07977048  0.01494251  0.1430589  -0.12950325
  0.04333984 -0.05024985  0.12932438  0.02569634 -0.10502928 -0.14656317
  0.01924171 -0.06359293  0.01140824  0.09589539  0.07701397  0.06667197
  0.07757429 -0.03337526 -0.0154193  -0.03983139 -0.04598897  0.13783696
  0.10770913 -0.17789271 -0.0212732  -0.02636919  0.01029273 -0.15336761
 -0.07118629  0.03845083  0.02491607  0.03208531 -0.08555568  0.11100194
  0.08648118 -0.01417997 -0.16116636  0.11925024  0.07975869  0.04719311
  0.10405941 -0.16014405  0.15461475 -0.11657457 -0.17850761  0.11344814
  0.00948573 -0.00040979 -0.02503428 -0.03797673  0.06739961  0.00130095
  0.06720073 -0.04066214 -0.10159537  0.00872243  0.10362174  0.01411579
  0.16172343  0.01438974]