[-1.29609972e-01  1.80801481e-01  2.26775035e-01 -1.13586709e-02
 -2.82887220e-02  9.80508178e-02  2.07331609e-02 -4.93184440e-02
  7.48553798e-02 -1.16657585e-01  2.92258449e-02 -1.94522273e-02
 -9.00788307e-02 -1.10701919e-01  4.12293673e-02 -9.89557952e-02
 -2.61127263e-01 -1.43822236e-02 -9.16895196e-02 -1.09591201e-01
  8.98425356e-02  2.13616937e-02 -9.65138152e-02 -6.29751906e-02
  8.93168226e-02 -3.34002525e-02 -1.15073390e-01  2.00841716e-03
  4.99684401e-02 -1.38031458e-02  9.48014036e-02 -1.36312023e-01
  2.31989436e-02  2.60871779e-02  1.48827866e-01 -7.86271121e-04
  4.04843353e-02 -1.33147137e-02  5.10830060e-02 -2.80171353e-02
  1.67170092e-01 -7.06588179e-02  8.62703845e-02  2.37027425e-02
 -3.04280855e-02 -3.74287590e-02  7.66071379e-02 -9.77913588e-02
 -1.55555144e-01 -7.24068955e-02 -1.73799068e-01  9.73560615e-04
  2.18161736e-02  6.38361946e-02  5.22464402e-02  7.88756907e-02
 -1.04505934e-01  1.54557871e-02 -2.03099698e-01 -9.73823220e-02
 -8.93048570e-02  1.18709468e-04  8.34659189e-02  9.33175255e-03
  9.69272703e-02  1.61553174e-01  3.92376557e-02 -9.62161198e-02
 -7.97108710e-02  4.95425686e-02  6.94848970e-02 -1.99500527e-02
  2.31119823e-02 -6.55907439e-03  1.69564605e-01  2.12267246e-02
 -1.40146032e-01 -8.17027092e-02  2.27350928e-02  1.64704304e-02
 -5.87650836e-02  7.81242177e-02  1.01735406e-01  1.16186440e-01
 -6.01625815e-02  5.11018597e-02  5.06083593e-02  4.29763310e-02
 -4.37461957e-02  1.10787138e-01  1.13849826e-01 -1.54608190e-01
  1.74584072e-02 -2.97661647e-02 -1.21471956e-01 -1.08624324e-01
 -9.21689570e-02  3.62077802e-02  1.66289974e-02  5.34578301e-02
 -5.23396805e-02 -4.24593268e-03 -1.89326257e-02 -8.08153003e-02
  2.49974560e-02  1.42810404e-01  1.10101461e-01  1.20646983e-01
 -2.52367985e-02 -5.60042895e-02  3.43054458e-02 -8.31520557e-02
 -1.42068028e-01 -4.07315325e-03  7.26659074e-02 -3.80906713e-04
 -8.44375938e-02  3.44520770e-02  9.23845321e-02  1.66759584e-02
  1.21148825e-01 -2.81156600e-02 -5.54498434e-02 -6.92486018e-03
  9.42384973e-02  9.60951224e-02  1.63318768e-01  6.79268241e-02]