[ 0.00167243  0.05396304 -0.05314701 -0.00566286  0.07986285  0.12141635
  0.05362842 -0.080098    0.00256036 -0.05961182  0.06942321  0.06987195
  0.04746804 -0.01896926 -0.04104709 -0.03297516 -0.1369691   0.03965026
 -0.02563785 -0.03663741  0.20337142 -0.03975055 -0.09260973 -0.02816507
  0.11866052  0.009095   -0.05361081 -0.12618826  0.00793472  0.21650669
 -0.01125122  0.01734386  0.03892502  0.00176771  0.08706547 -0.01147932
 -0.04619819 -0.04389313  0.07830518 -0.13216302  0.09327103 -0.07557878
  0.10404464  0.12675188 -0.08107954 -0.00286201  0.10939161 -0.07791203
 -0.14739141 -0.16975233 -0.03814341 -0.02211829  0.05805876  0.01822401
  0.12537904  0.10648276 -0.11264852  0.09190168 -0.13221319 -0.10615509
 -0.02775675 -0.09775467  0.17510773  0.00391153  0.08392978  0.07191736
 -0.05574525  0.0627565  -0.01826388 -0.01693566  0.06951597  0.00587153
 -0.07681754 -0.24434294  0.03935026  0.1268443  -0.09015476 -0.07266578
 -0.04638527  0.09635311 -0.05695038  0.06778964  0.06937559  0.05781976
 -0.1092215   0.05205629  0.10704511 -0.00255327 -0.00203155  0.06701475
  0.00748184 -0.16467625 -0.12317602  0.04176723 -0.16963042 -0.07046048
 -0.05988648  0.02449966  0.08256146 -0.02220892  0.071028    0.03771776
  0.04492302 -0.0311781  -0.12708831  0.10225655 -0.03877854  0.15191071
 -0.0887746  -0.08446979  0.04817901 -0.09641213 -0.20350185 -0.07449795
  0.10678676  0.06913478 -0.18270209 -0.02777938  0.04100019  0.07154281
  0.0942748  -0.05782811 -0.02123831 -0.02192131  0.07025955  0.13082719
  0.12130985  0.05648361]