[ 0.01972627  0.20636718  0.11319526 -0.17083529  0.00836851  0.18429348
  0.03871226  0.01003783 -0.09355476  0.07182491  0.0321572  -0.12064169
 -0.0378162  -0.08803631  0.16457607 -0.05514374 -0.13804531 -0.04913919
 -0.03219928 -0.18480624 -0.03130339  0.19332251 -0.03244501 -0.04619871
  0.01129238 -0.04759916  0.03708609  0.03162921  0.13683288 -0.03077644
  0.00495384 -0.21600008 -0.13582039 -0.01417399  0.11331611  0.00065995
 -0.04856593 -0.09414258  0.05769163  0.12626375 -0.01511844 -0.06164614
 -0.11584934  0.07580478 -0.02026626  0.21806295 -0.01612788  0.09063682
 -0.22686914 -0.0397753  -0.00546274  0.15654838 -0.08685734 -0.08242818
 -0.11710694  0.00198222 -0.05401189  0.10784338 -0.11162991  0.07095622
 -0.03551241  0.04565136  0.11045255  0.02370634  0.05557183 -0.05477553
  0.01190421  0.10076179 -0.02185646  0.15314893  0.08910292  0.07840897
 -0.02182131 -0.05953655  0.03486702  0.00350372 -0.13489029  0.01662423
  0.05164573  0.04742681  0.09383312 -0.02483905  0.02096877  0.05230385
 -0.08175421 -0.06643885  0.02852786 -0.07205292 -0.06242351  0.13858373
  0.07977163 -0.03081042 -0.05827367  0.06761809 -0.07234594 -0.04819141
  0.03365038 -0.08350238  0.03770848  0.01489644  0.03497607  0.10914023
 -0.0834599  -0.10441697 -0.08776803  0.02717871 -0.01770034  0.02889778
  0.03823692 -0.01352877  0.23038222  0.03011267 -0.02507729  0.02134378
  0.05599818  0.08267208 -0.15797243  0.0808052  -0.00588531  0.03262088
  0.04927843 -0.12861677 -0.0205561   0.04715514  0.09411501  0.04728816
  0.03174961 -0.06201703]