[-0.02651484  0.19511721  0.13734756 -0.25371975 -0.01158032  0.09979285
 -0.04836546  0.08688259 -0.15486909  0.06019439 -0.02171241 -0.14969175
  0.01862023  0.03442825  0.23712893  0.00140769 -0.06128602 -0.1284095
  0.00897562 -0.12306989 -0.03890327  0.18174517  0.0185783   0.01359363
  0.01131467  0.03164554  0.11791079  0.04448014  0.17089261 -0.06415186
  0.02344307 -0.17303859 -0.04326161  0.06107926  0.01425893  0.05414711
  0.03070289  0.02281661  0.02564226  0.14686474 -0.04628532 -0.06675847
 -0.02140232  0.06188952  0.02688039  0.25203645  0.07735995  0.05825046
 -0.27089021 -0.01961346 -0.03361743  0.05626883 -0.0769578  -0.04999307
 -0.05743654  0.05165116 -0.0543884   0.15490203 -0.02982065 -0.00651035
 -0.05453881  0.03519249  0.03904844  0.02019995  0.02644395  0.01277575
 -0.00374386  0.11398825  0.00429589  0.10684609 -0.00059573  0.02287359
 -0.085514   -0.04141051  0.14675079 -0.02789174 -0.08852122  0.07966819
  0.08702233  0.01068045  0.08070234 -0.00689938 -0.00901458  0.00909353
 -0.07188766 -0.07918171  0.02112284 -0.04335729 -0.02832297  0.14924838
  0.09125756 -0.03431541 -0.051479    0.07037392  0.00443233  0.06281226
  0.01492626  0.02922783  0.04562795 -0.02816162 -0.08500846  0.04297744
 -0.0914998  -0.00319872 -0.17721976  0.03850911 -0.15595903 -0.00490527
  0.05861648 -0.14885655  0.1920148   0.10506321 -0.07463153  0.02720019
  0.06075601  0.05267825 -0.10208353 -0.07230409 -0.01085074  0.07133427
  0.0958602  -0.04557111 -0.00203621  0.08603389 -0.01509159 -0.00380215
  0.00822195 -0.08081531]