[-1.92957707e-02  1.89681262e-01  1.76723674e-01  8.14089552e-02
  8.76294170e-03  1.65876701e-01 -3.98563594e-02 -1.19709847e-02
  3.25674042e-02  5.34794584e-04  2.45060287e-02 -5.61809689e-02
 -4.19150740e-02 -1.72230721e-01 -1.35052623e-02  1.38321333e-02
 -8.85619596e-02  1.13999419e-01 -8.27257857e-02 -9.21128020e-02
  2.32324585e-01  3.99048552e-02 -3.28552872e-02 -6.89314073e-03
  1.00752160e-01 -1.42644718e-01 -1.49603352e-01 -9.59788784e-02
  3.59388031e-02  1.01057179e-01  6.01893775e-02 -1.10614203e-01
 -3.40572782e-02 -5.25780837e-04  1.86356172e-01 -5.14267534e-02
  1.72635261e-02 -5.53725511e-02  4.97190170e-02 -7.10925758e-02
 -3.50842811e-02 -2.71341354e-02  1.54955294e-02 -2.39200257e-02
  2.29300298e-02 -3.30196880e-02  6.85626790e-02 -7.18912482e-02
 -1.06054649e-01 -3.62522788e-02  1.18656538e-01  1.15724914e-01
 -1.84139644e-04  2.48401612e-02  1.11299101e-02  4.82148444e-03
  9.78763402e-02 -1.75898910e-01 -1.83207858e-02 -1.70928180e-01
  5.01088575e-02 -5.33454530e-02 -5.17274290e-02 -6.54244721e-02
  8.22450444e-02 -1.17853157e-01  3.08873337e-02  8.19685962e-03
 -2.03028303e-02  1.30502954e-01  9.99934301e-02  6.25108406e-02
 -2.47404687e-02 -1.98183313e-01 -4.79982868e-02  6.14614338e-02
 -1.24279916e-01  8.31061974e-02  8.44852906e-03  1.05060294e-01
 -3.13072801e-02  1.07382409e-01  9.34167057e-02  1.41429245e-01
  5.33743501e-02  4.73245047e-02 -1.29396806e-03  3.93126570e-02
 -1.18528325e-02  7.68498257e-02 -9.01078433e-02 -6.99611679e-02
 -7.42836744e-02  5.33986501e-02 -1.81237236e-01 -1.11646771e-01
 -1.18043646e-02  6.22020513e-02 -7.11970180e-02  4.08036970e-02
  1.46905586e-01  1.09569810e-01 -3.74598429e-02 -3.99071537e-02
  7.62417167e-02 -1.84426419e-02  1.03293084e-01  1.61468480e-02
  1.87793374e-02  5.45933321e-02 -7.19248652e-02 -1.05141059e-01
 -9.65589061e-02 -2.98237503e-02  8.82285312e-02  7.40152299e-02
 -1.82499230e-01  2.81430725e-02 -1.10273689e-01 -1.95822641e-02
 -6.31551957e-03  5.09733558e-02  1.00031495e-02 -5.70320599e-02
  1.80600435e-01  8.12125877e-02  1.89760014e-01  4.79245558e-02]