[ 5.06694503e-02  1.71386138e-01  8.60904157e-02  4.65792865e-02
  1.30269416e-02  1.71684563e-01 -5.57656549e-02 -1.21000987e-02
  3.73526476e-02 -6.29890114e-02  3.46040763e-02 -9.02007893e-02
 -4.98913787e-03 -8.56442600e-02 -5.59087843e-02 -1.15342336e-02
 -1.72968898e-02  2.04035267e-02 -6.58812523e-02 -2.17508171e-02
  2.25779280e-01  2.31192876e-02 -1.76684614e-02  6.98848115e-03
  7.28880912e-02 -1.38922304e-01 -1.28108218e-01 -7.18829259e-02
  6.32544681e-02  9.96832848e-02  5.71233779e-02 -1.50744006e-01
 -3.69185396e-02 -3.29962783e-02  1.36047453e-01 -1.08861052e-04
  4.21980978e-04  2.00438034e-02  5.05259708e-02 -6.71801344e-02
 -1.00924887e-01  1.78959575e-02 -7.62490332e-02 -5.75474314e-02
  4.06553820e-02  4.37889732e-02  1.40587036e-02 -3.09633482e-02
 -8.67303461e-02 -1.61316954e-02  2.05294583e-02  2.30564460e-01
  4.82604504e-02  2.67723519e-02  3.33845848e-03 -4.71496657e-02
  1.13911055e-01 -1.15629137e-01 -2.39476524e-02 -1.95176512e-01
  3.37787792e-02  3.19124316e-03  3.16210613e-02 -8.59998912e-02
 -5.60380472e-03 -1.18523635e-01  7.21217841e-02  1.01098374e-01
  7.45521626e-03  9.03744251e-02  1.33072361e-01  2.98893601e-02
 -5.47462516e-02 -2.17046574e-01 -1.25086727e-02  8.90975296e-02
 -1.08076066e-01  6.75114468e-02  3.62759866e-02  1.78134575e-01
 -3.79328467e-02  8.75218660e-02  9.71967801e-02  1.07293218e-01
  8.04398060e-02  5.31569049e-02 -2.49822289e-02  4.79938984e-02
  1.10119488e-02  5.31014726e-02 -4.44569997e-02 -8.64227861e-02
 -2.33367309e-02  1.24740146e-01 -1.52694434e-01 -1.73591256e-01
  2.98424233e-02  3.29945274e-02 -7.09134564e-02 -1.65683851e-02
  1.75987035e-01  1.50926560e-01 -7.05236495e-02 -1.69883110e-02
 -2.31641587e-02  2.66903918e-02  9.89861786e-02 -1.74208509e-03
  5.70782647e-02  3.41947488e-02  7.32586905e-03 -8.15299451e-02
 -9.96819958e-02  2.16268580e-02  7.33407438e-02  1.45559043e-01
 -2.50378013e-01  2.38995980e-02 -1.23438410e-01  2.13835016e-03
 -8.50007609e-02  1.10371774e-02  8.44122493e-04 -5.18219583e-02
  1.43511459e-01  1.06508434e-01  1.66788742e-01  3.13238651e-02]