[ 0.1444435   0.18271936  0.04261086  0.12850478  0.07337083  0.23094657
  0.01806038 -0.12000643  0.02756061 -0.07271973  0.00784512 -0.03098512
 -0.03964768 -0.04781482 -0.03863389  0.02860939  0.09213312  0.03716505
 -0.07215912 -0.06110963  0.10698128  0.10312021 -0.04162881  0.07675543
  0.08415024 -0.20788334 -0.08964404  0.0029042   0.03051979  0.14994887
  0.01538394 -0.00566843 -0.10896834 -0.00069156  0.075329   -0.02427211
  0.07078551 -0.11622325  0.04290399 -0.03528671 -0.03599933  0.01868512
  0.03675674 -0.15485977  0.03253803  0.06425037  0.01033551 -0.02132443
 -0.06073504 -0.00495597  0.18105838  0.14752288  0.05867389  0.01424633
  0.00669468 -0.0320137   0.06650793 -0.04519353  0.0433888  -0.05914654
  0.0253337   0.07310066 -0.02060271 -0.2275576   0.0205229  -0.06121832
  0.05471122  0.02706926 -0.10517076  0.13566642  0.08482359  0.07685513
 -0.03321927 -0.15745007 -0.02269994  0.12876402  0.02896314  0.05469254
 -0.05177796  0.05791525  0.07954488  0.1074198   0.07348514  0.05924396
  0.11271508  0.06643457 -0.08175735 -0.04797096 -0.14122429  0.13080618
 -0.05121893 -0.12367309 -0.05931594  0.12370951 -0.11035701 -0.04724478
  0.06396076 -0.03061519  0.02549279  0.05623348  0.16038282  0.13182665
 -0.03968715  0.06651621 -0.077118   -0.01070774  0.05298074 -0.01666678
 -0.09544666  0.07410438  0.02219452 -0.07263874  0.04498304  0.02407406
  0.02378376  0.05330689 -0.23337364  0.14151524 -0.16260965  0.00674617
 -0.04911767  0.0021899   0.04579729 -0.08080278  0.18427579  0.11579172
  0.05038627 -0.07011183]