[ 0.1021574   0.13862942 -0.03767921  0.02433063 -0.00893968  0.22671227
 -0.06833103 -0.13213417 -0.13584341 -0.00677002  0.01642784 -0.03915682
  0.02900524 -0.10930233 -0.09798448 -0.01188949 -0.04125601  0.10799244
  0.01934296  0.01925924  0.10407007  0.07099941  0.03309966  0.06732219
 -0.01584452 -0.03094103 -0.02896858 -0.15177679  0.01488398  0.13519725
 -0.07045678 -0.11234465 -0.11204    -0.04615662  0.16211009 -0.03265043
 -0.02442348 -0.04101935  0.0738004  -0.03130375 -0.15223393 -0.03749107
 -0.06457342  0.04144808 -0.04697182  0.06775603  0.13904026  0.0414355
 -0.1712037   0.06808223  0.15064533  0.09950027  0.07706048  0.03703834
 -0.00054494 -0.0630752   0.17121585 -0.02408651  0.07476918 -0.17074698
  0.07467533  0.09063172  0.13550474 -0.07174397  0.01371452 -0.17142211
  0.05548744  0.02370176 -0.01165375  0.08546899  0.03412582  0.02721924
 -0.00492951 -0.12952931 -0.06664861  0.00541089 -0.12076804  0.03200257
  0.05017589  0.15171726  0.08815007  0.07852226  0.00053785 -0.00092903
  0.01208654  0.01709766 -0.06993252 -0.04994685 -0.01739886  0.07680807
 -0.0211524  -0.03323106 -0.01796901  0.08400361 -0.15279378 -0.1051079
  0.05393483  0.11679471  0.01228196 -0.04956504  0.19418083  0.20358726
 -0.0358176   0.02507987 -0.02614879 -0.02171898  0.0507876   0.02603771
 -0.06352228  0.12208488  0.11228663 -0.00109139  0.0351587  -0.02642826
 -0.05570297  0.12270533 -0.23463067  0.02352467 -0.1478045  -0.05291777
 -0.07134975 -0.097738    0.06180708 -0.14180294  0.04442277  0.10603653
  0.03711427 -0.01828633]