[ 0.08860219  0.17986226 -0.09621485  0.04605877 -0.00591359  0.16482973
 -0.03256329 -0.14229679 -0.05572926  0.03125743  0.0565179   0.01513534
  0.03518697 -0.07438155 -0.13555373 -0.09132472  0.04062814  0.17682196
  0.04840184  0.02864393  0.07646836  0.0632313  -0.03613033  0.06976941
  0.00214966 -0.07159455  0.01544189 -0.06535191 -0.01544862  0.24546276
 -0.12396068 -0.09051152 -0.00325442 -0.0122091   0.1510233  -0.07898858
  0.06259476 -0.07818171  0.02941002 -0.08019952 -0.12025891 -0.05835826
  0.0424646   0.07403099 -0.08738093  0.01415322  0.13391571  0.02040483
 -0.11756389  0.06934153  0.1911341   0.12371617  0.03987641  0.0588867
  0.04894807  0.00064323  0.07587776 -0.10156312  0.03809622 -0.15833685
  0.06817073 -0.01364345  0.11500021 -0.10005304  0.00044519 -0.18564187
  0.0451312  -0.04095283 -0.05590131  0.08075724  0.03383506 -0.05129451
 -0.0212556  -0.15234618 -0.09130012  0.05356666 -0.04368429  0.04591242
  0.01730994  0.05292149 -0.00554069  0.12667403  0.02715034  0.05580085
  0.07964455  0.00457303 -0.07885428 -0.06539814  0.07554363  0.13323644
 -0.08067866 -0.10882401 -0.00984432  0.04296887 -0.12058078 -0.16237739
  0.01950761  0.08300603  0.02711051 -0.08099706  0.18872955  0.24683775
  0.03999356  0.02462282 -0.045334   -0.0241656   0.06264614  0.01944293
 -0.12556516  0.14488594  0.09330335 -0.09389064  0.00354808  0.00397636
 -0.10311929  0.02211916 -0.12071994 -0.0499289  -0.08647091 -0.05284132
 -0.0216276  -0.06781451  0.03075303 -0.10459348  0.08623335  0.06256449
  0.10045132 -0.01489803]