[ 0.04610741  0.18008786 -0.0241211   0.06675648  0.04097908  0.19329691
 -0.0309155  -0.06857588  0.01106217 -0.0108912   0.02180172  0.01944514
  0.005055   -0.1669317  -0.13885923  0.00253929 -0.03953703  0.11932471
 -0.04204165  0.02091324  0.18266524  0.04672395 -0.05535102  0.06612501
  0.04727287 -0.13689527 -0.05739408 -0.10120623  0.0149624   0.228424
 -0.04151099 -0.10080306 -0.01963064 -0.02289033  0.13624652 -0.06903128
  0.0356549  -0.12836696  0.02920601 -0.07864059 -0.07600284 -0.06582163
  0.08560193  0.03250134 -0.00573333 -0.03098729  0.13434269 -0.02945762
 -0.09623612  0.05096909  0.16139145  0.07790892  0.03651959  0.03871508
  0.06957798  0.00102289  0.06958298 -0.12664035  0.00863356 -0.17295565
  0.05133083 -0.02016316  0.06693149 -0.10109872  0.00332146 -0.17740571
  0.01058389 -0.04017047 -0.05771185  0.03307071  0.05942748  0.01681113
 -0.04613554 -0.20600148 -0.05216517  0.11911661 -0.04676507  0.08518057
 -0.00297922  0.1151417   0.03118507  0.11349028  0.07128207  0.14946204
  0.07108442  0.10124691 -0.05811547  0.00534413  0.02872791  0.10984788
 -0.11098973 -0.11498378 -0.1086681   0.09525111 -0.16228639 -0.10109552
 -0.01369624  0.07442445 -0.02074509 -0.01865717  0.19101357  0.14026421
 -0.00953698  0.00353453 -0.03418923  0.00432177  0.0562394   0.03682745
 -0.11608731  0.11867946  0.00415532 -0.10643616 -0.03265627 -0.01424456
 -0.03960694  0.08627485 -0.17828655  0.05178852 -0.1369791  -0.00221044
 -0.03385863 -0.01423215  0.04552644 -0.11461194  0.08758292  0.11283789
  0.10283564  0.00545959]