[ 4.01757322e-02  1.13488711e-01  1.81557789e-01 -3.36143114e-02
 -7.16659799e-03  1.16680063e-01  5.83401844e-02  1.44471422e-01
 -1.33318668e-02 -8.60201567e-02  8.29800870e-03 -2.90179774e-02
  8.10530484e-02 -1.04127973e-01  8.76369104e-02 -5.21631455e-06
 -1.04325600e-01 -7.48120844e-02 -1.91508248e-01  8.21404234e-02
  1.14976577e-01  1.39216939e-02  1.81120746e-02  4.37713638e-02
 -6.28121663e-03 -1.79118365e-01 -1.31960675e-01  3.21319215e-02
  4.26485427e-02  1.57030653e-02  5.04268371e-02 -6.69676140e-02
  8.83498322e-03  1.75307631e-01 -2.03321204e-02 -5.12252748e-02
  8.07247981e-02  5.77494092e-02 -1.67242102e-02  1.01279877e-02
  2.71982085e-02 -1.03782900e-01  1.26443163e-01 -8.19776803e-02
 -2.93239835e-04 -1.69942990e-01  4.85142879e-02 -1.31121483e-02
 -8.50293040e-02  2.35022396e-01 -2.05144677e-02 -9.51157659e-02
 -9.25625116e-02  1.15932375e-01  6.66512102e-02 -1.76314432e-02
 -8.63076895e-02 -1.42312106e-02 -9.47397500e-02 -9.73482653e-02
 -1.04512148e-01  1.89145748e-02 -1.82306711e-02 -1.47401214e-01
 -2.92425789e-02  9.64456946e-02  6.51375810e-03 -1.03288583e-01
 -2.27859110e-01 -7.66951367e-02 -1.10038407e-02  2.47594230e-02
 -5.05147129e-02  1.20631397e-01  9.17390436e-02 -1.99564230e-02
  1.13894120e-01 -8.48586634e-02  1.20478772e-01  1.15839213e-01
  4.28425670e-02 -1.34523124e-01  8.00758079e-02  6.76428601e-02
  4.11767550e-02  6.87541291e-02 -3.58096808e-02  3.06186937e-02
  1.09030649e-01  1.42810777e-01  8.48587602e-02 -1.98530346e-01
 -5.37185967e-02  7.60696083e-02 -8.35784450e-02  4.45600692e-03
 -9.10232440e-02  7.97983259e-02 -9.18335170e-02  6.68002516e-02
 -1.93586666e-02 -6.07717549e-03 -6.93870261e-02  8.51733983e-02
 -2.11007670e-02  1.24463603e-01 -2.51866207e-02  6.76275268e-02
  5.42963929e-02 -9.93174016e-02 -5.74713498e-02  6.05472289e-02
 -9.27731022e-02  9.47552696e-02  2.14135144e-02  2.74775103e-02
  1.03371844e-01  1.39923275e-01 -1.66317169e-02  1.66177258e-01
  2.75987908e-02  1.60843264e-02  3.59425582e-02  7.58429468e-02
  3.60796861e-02 -2.67427787e-02  1.44433543e-01 -2.01324578e-02]