[-9.10452008e-02  7.41854683e-02  7.55164325e-02 -1.61907509e-01
  6.68141013e-03  4.39009257e-03  1.16114132e-02  7.80383870e-02
  7.16191679e-02 -9.44041833e-02 -5.78080826e-02 -3.73781510e-02
  6.19860739e-02 -1.22999042e-01 -4.06128764e-02  2.18955185e-02
 -2.35833839e-01 -6.06357940e-02 -1.92955285e-01  7.54666775e-02
  1.38618499e-01  1.07046729e-02 -6.89718127e-02  7.21831694e-02
 -7.26102591e-02 -4.63372804e-02 -2.31455378e-02  5.53901336e-05
  7.07147717e-02  3.56732756e-02 -1.15285823e-02 -1.79984242e-01
 -1.47861671e-02  7.17197582e-02  7.70915821e-02 -2.28992738e-02
  7.04319328e-02  3.90550792e-02 -7.46709183e-02 -2.87965089e-02
  3.09354048e-02 -8.12984481e-02  1.70782447e-01  1.13445051e-01
  8.54915604e-02 -8.15164596e-02  1.11274213e-01  8.26056972e-02
 -8.32848772e-02  1.29089907e-01 -1.61583811e-01 -2.39562184e-01
 -4.43665795e-02  7.32206553e-02  1.30448550e-01  2.77497880e-02
 -1.57183051e-01  4.74215783e-02 -1.02961794e-01 -1.86380953e-01
  6.58121845e-03  1.86032057e-02  9.88440812e-02  9.57636163e-02
 -4.96454425e-02  2.15024780e-02 -3.71924639e-02 -8.51427391e-02
 -2.57371608e-02 -1.71643570e-01 -4.51362319e-02 -5.19479886e-02
  1.57147665e-02 -2.49333344e-02  1.07997388e-01  4.66556987e-03
 -8.73082224e-03  4.17064019e-02  1.28932267e-01  1.45085827e-02
  1.60669595e-01  2.05644593e-02 -2.92563364e-02  6.61099106e-02
 -6.61792085e-02  8.45874995e-02 -1.61627196e-02  1.10992782e-01
  1.20024987e-01  1.45249054e-01  1.23842232e-01 -1.38746068e-01
 -6.68811277e-02 -3.88133526e-02 -1.03000641e-01  6.14193752e-02
 -1.36370853e-01  6.71715662e-02  9.52590071e-03  5.11475652e-03
  1.48811163e-02 -9.60465521e-02 -4.96885180e-02 -5.28271124e-02
 -7.45279640e-02  6.81707785e-02 -1.02080762e-01  7.47746974e-02
 -8.49291757e-02 -1.93181653e-02  6.56512678e-02  4.55821007e-02
 -1.03840254e-01  5.12691289e-02 -6.54542074e-02  1.06104903e-01
 -2.45282855e-02  1.07564904e-01 -1.08722851e-01  2.38019601e-03
  3.95489857e-03  4.88707311e-02  5.00143580e-02  4.23085131e-02
 -1.55613258e-01  2.29586773e-02 -7.06727728e-02 -8.58228430e-02]