[ 0.049305    0.06697284  0.0625938   0.02324477 -0.01060261 -0.03454344
  0.085003    0.05760827  0.05824124 -0.17429827 -0.01579242 -0.03746358
  0.05589544 -0.18264662 -0.07958877  0.03273062 -0.10108164 -0.0398805
 -0.21111757  0.13601367  0.21506648 -0.04166    -0.07874498  0.05717339
 -0.03225516 -0.08602718 -0.14263318 -0.13178997  0.03353277  0.10648315
 -0.02785621  0.01361999 -0.00499767  0.11155131  0.08199974 -0.0960997
  0.08832145  0.13282809 -0.0551304  -0.14059664  0.00925676 -0.06906558
  0.13511053  0.08030068  0.09288785  0.00817809  0.12488785 -0.02714452
 -0.14739043  0.04922436 -0.1045501  -0.15040645  0.0254846   0.0636022
  0.11719815 -0.03800242 -0.11383607 -0.0578942  -0.04213512 -0.18349484
  0.04920711 -0.0401374   0.01384784  0.01855053 -0.02525746 -0.04283247
  0.00201998 -0.11176442 -0.03516768 -0.21021616 -0.04197986 -0.12137002
 -0.02051306 -0.05044318  0.00302463 -0.01430713  0.00847249  0.0396322
  0.06765062  0.13510263  0.05134546 -0.00053771 -0.10911591 -0.03711376
  0.01718883  0.1036327  -0.04059571  0.00296181  0.02248582  0.10278185
  0.10347531 -0.14596558 -0.1316146  -0.03693067 -0.13697922  0.07204818
 -0.0283948   0.02070381  0.00611636 -0.01359532  0.01394321 -0.03753295
 -0.02855724  0.08125071 -0.09656093 -0.01601893 -0.01475423  0.20840836
 -0.00935872 -0.03052494 -0.01030076  0.01597378 -0.21952568 -0.02544042
  0.00805756  0.06540853 -0.10131138 -0.04045681 -0.07157785 -0.00221836
 -0.07126553  0.17836939  0.03990148  0.12780349  0.03790729 -0.06683865
  0.04038373 -0.15443037]