[ 0.04915566  0.02932012  0.06630166 -0.05878241  0.00098647 -0.02071413
  0.07450339  0.07947009  0.06551326 -0.21171799 -0.01318422 -0.03190278
  0.04034788 -0.15174384 -0.08148552  0.0390271  -0.17383081 -0.10272891
 -0.21692528  0.10796439  0.20005693  0.00306116 -0.0877424  -0.00130543
 -0.04909022 -0.05076712 -0.07937595 -0.04141068  0.0363225   0.06689275
 -0.04355843 -0.06349285 -0.02149989  0.12211965  0.06541962 -0.07579376
  0.07912226  0.09686708 -0.01790897 -0.11066359  0.01869378 -0.07642527
  0.15986724  0.06822859  0.11111392 -0.03472101  0.07233924  0.00311935
 -0.11984134  0.10133826 -0.17909881 -0.16457313 -0.01003586  0.10562951
  0.1227484  -0.05074519 -0.15324093 -0.00248468 -0.14492513 -0.14859438
  0.04515337 -0.02378984  0.09044292  0.05862363 -0.04834536  0.02832234
 -0.03254825 -0.07699169 -0.02296567 -0.2088632  -0.04218993 -0.10877282
 -0.01469824 -0.01443672  0.0444142  -0.01699732  0.05169718 -0.02982891
  0.07830437  0.10825051  0.11556946 -0.03178433 -0.0534429  -0.00633715
 -0.02679368  0.08927947 -0.03087166  0.05383864  0.06597515  0.13860169
  0.17068735 -0.17440677 -0.14240617  0.00822838 -0.1112443   0.07835162
 -0.06669402  0.00655092  0.01271704  0.01065441  0.000992   -0.07084761
 -0.05716115  0.01896661 -0.07874765  0.03909247 -0.02770085  0.18288219
 -0.04936492 -0.0665057   0.03638878  0.00938557 -0.18658231  0.03949193
  0.02843346  0.08660267 -0.03886956  0.06951896 -0.04989898  0.00272884
 -0.04595667  0.12965316  0.08287765  0.1013096   0.00483306 -0.04942624
  0.05453817 -0.1296248 ]