[-0.03003746  0.0154386   0.02587521 -0.11252083  0.00470316 -0.02930139
 -0.00370641  0.06612543  0.04244934 -0.15167274 -0.07860176 -0.0228095
  0.05630022 -0.11307441 -0.05797255  0.02415223 -0.17688172 -0.0837743
 -0.12646705  0.10331287  0.12239479  0.04179583 -0.0906254   0.03094494
 -0.05830031 -0.00736771 -0.02922666 -0.00457649  0.01840336  0.073013
 -0.03832151 -0.10316383 -0.00683748  0.06424209  0.07666018 -0.04604504
  0.11760106 -0.00096391 -0.01007242 -0.07391343  0.03881625 -0.06580518
  0.22862333  0.08930153  0.08712717 -0.08474771  0.12810339  0.0476056
 -0.0282461   0.14105378 -0.14370331 -0.24442916  0.02660518  0.12405643
  0.14151259 -0.02426036 -0.1130208  -0.02535822 -0.07208139 -0.19576113
  0.04101367  0.01555928  0.04773746  0.09649125 -0.11610489  0.02895648
 -0.00180942 -0.11972915  0.02765294 -0.27872509 -0.06889447 -0.08679394
  0.01622818 -0.01499904  0.08590564  0.00053262  0.00872962 -0.01497467
  0.11437649  0.0779747   0.19438447  0.03224972 -0.02064441  0.05919001
  0.01256627  0.11300455 -0.04166393  0.09350191  0.11189282  0.10867734
  0.11126857 -0.09030966 -0.09155037 -0.02755485 -0.12826809  0.0637273
 -0.10064564  0.09094039 -0.00768529 -0.03189904 -0.00237756 -0.08917683
  0.01021906 -0.01239167 -0.10089672  0.0406873  -0.07635552  0.11314826
 -0.12142454  0.039076    0.06347593 -0.01585683 -0.13405649  0.03087327
 -0.1111263   0.07091238  0.00912649  0.07044415 -0.12399879 -0.06311803
 -0.00396692  0.07897593  0.11129349  0.01054153 -0.1491643  -0.04679515
 -0.04646672 -0.0660108 ]