[-0.08604918  0.01566279  0.08924012 -0.1343729  -0.0077665  -0.06615283
  0.02014166  0.09626646  0.11319579 -0.12951985 -0.0669857   0.00506107
  0.03646395 -0.10045644 -0.08343658 -0.05071415 -0.20690586 -0.06114956
 -0.18608634  0.1425475   0.09740349 -0.01639011 -0.03596071  0.0708004
 -0.10490528 -0.05283464  0.0016033   0.04197003  0.02868695  0.00366867
 -0.03607559 -0.22177419  0.04184436  0.07366053  0.05282079 -0.04539244
  0.06792816  0.11125256 -0.14205553 -0.06433026  0.01443963 -0.05199339
  0.12540764  0.08476806  0.04707208 -0.11764292  0.04730361  0.06856594
 -0.01383929  0.19724236 -0.19481276 -0.21298197 -0.03355205  0.09426576
  0.15382119 -0.00381538 -0.1652021   0.03399641 -0.14076351 -0.17373823
  0.01507637  0.00753209  0.09899209  0.110782   -0.04774776  0.01081559
 -0.03620383 -0.1088002  -0.06476707 -0.16573018 -0.04127616 -0.098432
  0.0353591   0.0379978   0.08191665  0.00250277  0.04090441  0.0013344
  0.15631026 -0.00718083  0.08459805 -0.01739424 -0.03055467  0.05133996
 -0.0012417   0.01370421 -0.03577951  0.15763868  0.17663603  0.13874228
  0.12473881 -0.14550515 -0.00037154 -0.03247979 -0.06072821  0.01456447
 -0.12608956  0.03055844  0.01045882 -0.00453918  0.00873321 -0.07436659
 -0.05932383 -0.07948594 -0.04290422  0.06729706 -0.04950523  0.02631324
 -0.05284073 -0.02465345  0.0705049   0.05289467 -0.07438339  0.09490268
 -0.07282694  0.08612505  0.04583859  0.1062142  -0.07351717  0.01652986
 -0.0416584   0.07497377  0.01076375  0.0328984  -0.11383304  0.01080307
 -0.02175404 -0.09220872]