[-0.04733778  0.1863981  -0.15915462  0.10306206 -0.16726778  0.09574702
  0.00396572 -0.11055752  0.03027903  0.01603461  0.10470851 -0.07403667
  0.00062795  0.02136606 -0.07763644 -0.09449334 -0.11521322 -0.02925495
  0.12099391 -0.06248388  0.00154523 -0.15673009 -0.04515164 -0.04742474
  0.05149512 -0.01975803 -0.04810121 -0.1211872   0.04541377  0.13941053
  0.01343416  0.06204092  0.04287741 -0.13449408  0.00190566  0.02567445
 -0.04949921  0.04444788  0.00635216  0.00072558 -0.03186551 -0.1143173
 -0.10786992  0.05516045 -0.03931795  0.04270067  0.1050753  -0.0845156
 -0.1330924  -0.17750178 -0.04966708  0.1949241   0.14538233 -0.0095653
 -0.00409165  0.10881182  0.03739424  0.02146013  0.03624781 -0.10079664
 -0.09069344  0.00874531  0.18058269 -0.08494271  0.04523932  0.15337279
  0.13637015 -0.08435874 -0.00362623  0.00249693 -0.00993314 -0.0443695
 -0.03863002 -0.01675044  0.12303708 -0.01150004 -0.0743796  -0.0913424
 -0.09800664  0.08148424 -0.11475544 -0.01748447 -0.07756242 -0.05905357
 -0.01478433  0.12840885 -0.053666   -0.16359834  0.00272292 -0.03890498
 -0.01536745 -0.09472874  0.03467632 -0.05762487 -0.0188937  -0.13431454
  0.03197637  0.04357797  0.14504644  0.01901888  0.0414752   0.08313733
  0.07666381 -0.02060311 -0.12455308  0.13365516  0.09400521  0.11264965
 -0.03544695 -0.03537985  0.02962633 -0.03163911 -0.05588219 -0.18994074
  0.01168543  0.02305437 -0.07739097 -0.06863081  0.22930497 -0.02963173
  0.01910239 -0.16963363 -0.01962809 -0.03455168  0.07205219  0.13336366
  0.07544205  0.111682  ]