[-0.00280141  0.12515384 -0.20147969  0.08858378 -0.10727728  0.09132244
  0.02213698 -0.06574013  0.02972326 -0.03768233  0.12555349 -0.05159363
  0.00738217  0.11246606 -0.06952402 -0.09735659 -0.01308289 -0.05026427
  0.14230883 -0.05795587  0.02900644 -0.17130722 -0.04564597 -0.05834988
  0.09983428 -0.06421822 -0.00951032 -0.06369903  0.01746875  0.12663369
  0.05704923 -0.04177524  0.05366788 -0.15002538 -0.02633627  0.0691668
 -0.08911433  0.00600603 -0.02220887 -0.0151046  -0.05458414  0.00434594
 -0.08199746  0.08874238 -0.03612362  0.019102    0.05764866 -0.11063964
 -0.08272002 -0.17528638 -0.10858585  0.13186815  0.10121037 -0.03315249
 -0.02482641  0.12275381 -0.07641043  0.12638789  0.00611377 -0.05209561
 -0.10186362  0.00450702  0.21660425 -0.13736311  0.07465064  0.15007332
  0.09342263 -0.04600474 -0.02542551 -0.00258603  0.06351273 -0.00746754
 -0.02901482 -0.10235882  0.06212091  0.0312236  -0.01204568 -0.09755179
 -0.11121336  0.03303519 -0.16339687 -0.06229904 -0.07569158 -0.07116199
 -0.04711407  0.10351426 -0.05405796 -0.16361886  0.01164891 -0.06358207
 -0.00682126 -0.13254668  0.00622115 -0.04501114  0.08593144 -0.12526749
  0.0336799  -0.00105314  0.08275669  0.06697775 -0.04430332  0.06913615
  0.07075591 -0.07809362 -0.19696891  0.1996316   0.08365452  0.04465431
 -0.05143049 -0.08520447  0.03786292 -0.07894979 -0.02334996 -0.11864997
  0.05005664  0.02960585 -0.04802583 -0.02788649  0.2198458   0.0017101
 -0.04006716 -0.17951575 -0.05157395  0.00296704  0.09188173  0.12551446
  0.07486174  0.08862603]