[-0.00679785  0.14880086 -0.11277325  0.05405933 -0.10434162  0.02878289
  0.03562564 -0.16753571  0.10560986 -0.09016567  0.13975926 -0.00753523
  0.01265636  0.07997452 -0.12417071 -0.13292757 -0.09678134 -0.01597293
  0.03356026 -0.05095131  0.06646439 -0.03339081 -0.11408579 -0.06053799
  0.02642732 -0.00484281 -0.05768739 -0.0383457   0.04517693  0.22202328
 -0.0091397  -0.03183513  0.06182    -0.13917412  0.05826692  0.00264989
 -0.03915742  0.06748129  0.05001481  0.02484457 -0.03505057  0.0333153
 -0.0943298   0.09056458 -0.03761216  0.01751605  0.0282636  -0.10440297
 -0.02444113 -0.18236172 -0.09854827  0.19051296  0.10449961  0.03096884
 -0.00418015  0.07796153 -0.04863736  0.07935747 -0.08520197 -0.04524935
 -0.07241198 -0.04885642  0.20605417  0.01141578 -0.00298144  0.03918835
  0.1383708  -0.0463724   0.02643061 -0.04603016  0.12670025 -0.1015904
  0.02880424 -0.09182677  0.07098445  0.04101212 -0.13000917 -0.16354053
 -0.09970281  0.09644564 -0.04922165  0.04400891 -0.00408606  0.01961737
 -0.00057514  0.07603049  0.00331164 -0.14878434 -0.0364431  -0.04023536
 -0.02604105 -0.17199306  0.04443849 -0.01554495 -0.05187103 -0.21426873
 -0.03063294 -0.04040564  0.12120464  0.03861939  0.02381876  0.13374124
  0.08245783 -0.02894338 -0.14888096  0.11795828  0.12087161  0.10548163
 -0.02608264 -0.03357549  0.09413506 -0.14507072 -0.14983575 -0.04015357
 -0.03908463  0.08253386 -0.106663   -0.02453738  0.11808158 -0.06279387
 -0.01490521 -0.11577225 -0.09138738 -0.0449148   0.09567688  0.11936098
  0.07658023  0.11352709]