[-4.50612493e-02  1.25798151e-01 -3.57866958e-02 -2.24157423e-02
  1.53388167e-02  9.02047455e-02  9.55235772e-03 -1.23895943e-01
 -3.48293595e-02  1.06216401e-01 -1.05414735e-02 -6.45422563e-02
  6.30437210e-02  1.24871291e-01  8.80135894e-02 -3.59439030e-02
  7.98925757e-03  8.98654759e-02 -1.81810418e-03 -4.84932028e-02
 -5.58854602e-02 -1.00815482e-01 -8.50010216e-02 -4.30748314e-02
  6.43946230e-02 -2.79572010e-02 -1.29289225e-01  2.05238126e-02
 -2.59845983e-02  8.72588083e-02  1.71393100e-02  1.80012763e-01
  2.23733354e-02  3.25830025e-03  5.69246225e-02  9.43959355e-02
  2.06960123e-02 -5.65837063e-02  5.09509929e-02 -1.70439541e-01
  2.93346848e-02 -1.31104514e-01  1.09864533e-01 -8.62766281e-02
  2.44947877e-02  1.12306491e-01  4.50287312e-02  8.11134130e-02
 -2.11684540e-01 -1.55537233e-01 -8.84593204e-02 -1.66444574e-02
  1.41235113e-01 -4.59742844e-02  2.42293626e-02  1.19880266e-01
 -1.20809354e-01  3.46379429e-02 -2.68365908e-02 -7.48070329e-02
 -5.74049093e-02  1.35011047e-01  2.39907280e-02 -8.49279463e-02
  2.25585364e-02  3.59764040e-01 -7.05005676e-02  8.92510563e-02
 -1.49777859e-01 -4.70286720e-02  1.87185276e-02 -6.67218193e-02
 -7.35753626e-02 -1.29385218e-01  6.96213916e-02  9.45383161e-02
  1.32627869e-02 -1.49801776e-01  4.61809970e-02 -1.11196317e-01
 -3.09283398e-02  3.48926857e-02 -1.08571827e-01 -5.02150729e-02
 -8.54643211e-02  8.32448006e-02 -6.41140789e-02 -6.05255440e-02
  5.70500419e-02  1.86348706e-01  6.13716878e-02 -7.01876283e-02
  6.10941052e-02  4.63340990e-02 -6.56620711e-02  8.76112953e-02
 -6.38074800e-02  3.55132520e-02  6.71358556e-02 -1.40377553e-02
  1.16684884e-01 -3.40903440e-04 -8.40216060e-04 -8.22398290e-02
 -8.18200707e-02  1.76434532e-01 -4.83254865e-02 -1.78397689e-02
 -6.04221933e-02 -9.74931940e-03  3.55031714e-02 -2.14434676e-02
 -2.58291773e-02 -1.00152388e-01  5.46140000e-02 -6.88443109e-02
 -1.35054260e-01  1.76318176e-02  1.14635885e-01  1.12659428e-02
  1.16683125e-01 -1.78505912e-01  3.33296806e-02  1.65038593e-02
  1.81240570e-02  1.06567688e-01  4.32443880e-02 -8.34643170e-02]