[ 8.34572390e-02  2.95453742e-02 -5.06745987e-02  1.19913399e-01
 -1.41609116e-02  1.48064077e-01  3.73214334e-02 -8.97412077e-02
 -1.21466359e-02 -5.01043685e-02  7.72908106e-02 -1.93909202e-02
  6.08560629e-02  1.80746764e-02  4.91208024e-02 -4.63592336e-02
  1.61649026e-02 -3.63989398e-02  6.67375252e-02  3.18629667e-02
  1.00655749e-01 -1.14059575e-01 -1.14396088e-01  1.76019788e-01
  1.66012794e-01 -8.42677653e-02 -8.36605430e-02 -7.87743554e-02
 -5.07014617e-03  1.67657346e-01  8.51623565e-02  5.11464216e-02
 -2.78230831e-02  5.60303666e-02  2.56563760e-02  6.33832812e-02
  3.85253807e-03 -1.08006492e-01  4.07565534e-02 -1.84846520e-01
  4.49122451e-02 -1.41210288e-01  1.01757757e-01 -1.47489291e-02
  4.31552716e-02 -6.46603107e-02  7.89445937e-02  4.07617204e-02
 -8.03442523e-02 -7.76528940e-02 -3.55052315e-02 -4.54393663e-02
  1.86591953e-01 -3.23200077e-02  1.44548327e-01  8.77260044e-02
 -1.68774769e-01  9.34614614e-02  1.31174456e-03 -1.42158017e-01
 -7.34175891e-02  5.35281897e-02  9.35944468e-02 -1.60380170e-01
 -2.36810539e-02  2.69670844e-01  3.52762081e-02 -7.18537122e-02
 -1.41766995e-01 -1.14755385e-01 -7.22807944e-02  1.43242872e-03
 -1.35313064e-01 -1.15415484e-01  7.68968388e-02  1.16218394e-02
  1.07228100e-01 -7.13162720e-02  5.67442961e-02  1.87404275e-01
  5.75288897e-04 -4.51914594e-02 -1.59236845e-02 -1.12955607e-01
  2.37753764e-02  6.04992174e-02 -4.92053740e-02 -7.22653419e-02
  2.53214650e-02  1.13450341e-01  9.80260447e-02 -8.75417739e-02
 -2.58796441e-04  8.52003619e-02 -1.33199036e-01  4.96424315e-03
 -3.76015678e-02 -7.53142303e-05  9.18866694e-02 -5.48614375e-02
  1.11529835e-01  3.33145037e-02  1.85257997e-02 -5.09157553e-02
 -1.48310319e-01  1.82649657e-01  2.23827437e-02  2.10559405e-02
 -7.70283341e-02 -2.88084033e-03  3.32172625e-02 -4.71340353e-03
 -7.58299977e-02 -1.17315680e-01  7.16988817e-02  3.76011916e-02
 -7.32299536e-02  3.79320085e-02  2.50762571e-02  8.65558982e-02
  3.73318009e-02 -1.35948390e-01  1.95305124e-02  2.24237610e-02
 -3.16412002e-02  1.45990729e-01  1.10610493e-01 -1.93691403e-02]