[ 0.01181717  0.03223776 -0.0114551   0.08637898 -0.06063915  0.12283371
 -0.0397949  -0.02381675 -0.10880321 -0.05611918  0.05662197 -0.11199772
  0.04564884  0.07724605  0.09985595 -0.06833518 -0.02128745 -0.07211786
  0.1469246   0.00441819  0.07454189 -0.13203767 -0.08739616  0.08109292
  0.14871132 -0.03688445 -0.09916535 -0.08094279  0.00053324  0.04853648
  0.08067318 -0.04507312 -0.03327766 -0.03582057  0.03386715  0.13983066
 -0.04702548 -0.11819106 -0.01938001 -0.14635706  0.0405312  -0.08053129
  0.04360119  0.03655775  0.02308264  0.04541692  0.13474932 -0.00432416
 -0.1432981  -0.13870293 -0.11235882 -0.05123696  0.16947846 -0.03109364
  0.0972578   0.08982436 -0.1360009   0.06470805  0.100832   -0.16768418
 -0.03158685  0.12253455  0.04989667 -0.07028428 -0.00869675  0.28354874
  0.09827141 -0.05745736  0.00465107 -0.09431484 -0.0293057   0.00245876
 -0.03938146 -0.14638327  0.11530603 -0.00156772 -0.03020648 -0.03292863
  0.05698541  0.14399748 -0.01962424 -0.02766192 -0.06879015 -0.13260001
 -0.00520429  0.11632781 -0.04037448 -0.07667232 -0.01151924  0.06268731
  0.11595699  0.00333005  0.00699849 -0.00619213 -0.12810659 -0.03030025
  0.00713263  0.05628281  0.06222425 -0.05565213  0.01609276  0.05891667
  0.09015835 -0.16107619 -0.19628136  0.22730225  0.03013649  0.04119035
 -0.05987404 -0.0182245   0.06683341 -0.0426612  -0.07664001 -0.2089875
  0.04889949  0.02981375 -0.09559462 -0.06005551  0.03180951 -0.02643259
 -0.00384915 -0.1559066   0.00383464  0.02670345 -0.03182415  0.13782555
  0.10537188  0.0492609 ]