[ 0.02021194  0.04923524  0.21275851  0.07031903  0.08835437  0.14500721
 -0.01306309 -0.07847652  0.07938077 -0.17362651 -0.00906839  0.006287
 -0.10192411  0.06331623  0.11458961 -0.09045799 -0.00853041  0.04308838
 -0.05743351 -0.10598072  0.04593281  0.10640536  0.06091263  0.04454881
  0.18135427 -0.22008425 -0.04539095  0.13029526 -0.03914908 -0.01715479
  0.17160389 -0.11193104 -0.00025651  0.04582236  0.0815877  -0.00677079
  0.02195205 -0.06847929  0.03344645 -0.00881649  0.11452153  0.08843029
  0.0736159  -0.12923357 -0.08996622 -0.18980993 -0.08328298 -0.05630197
  0.08429733  0.07338046  0.00764708 -0.01693705  0.08308455  0.03033195
 -0.03632149  0.01923443 -0.03136121  0.08454468 -0.10499216 -0.04677989
 -0.11665139  0.0887784  -0.02557625 -0.14973427  0.03454679  0.17272769
  0.04446404 -0.05040456 -0.22535272  0.15110484  0.09077523  0.08886727
  0.03262383 -0.0008599   0.03391273  0.0304232   0.01128072 -0.22198828
 -0.01360785  0.01928442 -0.00616861  0.05829094  0.16700797  0.05954703
  0.08126783 -0.04997879 -0.03488349  0.02916014 -0.09536345  0.07653271
  0.06492441 -0.13117202  0.06812826  0.03822897  0.01250771 -0.08962963
 -0.11458021  0.03870353 -0.06898517  0.08502134 -0.01835698  0.00037423
 -0.001495   -0.00146948  0.01930978  0.09494875  0.09133215 -0.10764527
  0.00174663 -0.02724923  0.02640127 -0.03798077  0.04369609  0.14285226
  0.02345162 -0.03228828 -0.00129108  0.19064857  0.01313325  0.09424727
  0.08177753 -0.0184377  -0.08183565 -0.08685517  0.10536804  0.05347619
  0.13242011  0.05199287]