[ 8.79230276e-02  1.72866389e-01  8.98910835e-02  2.29413919e-02
 -1.11708127e-01  1.36043072e-01 -6.20835414e-03 -4.40814644e-02
 -3.32368538e-03 -9.48402137e-02  8.97900760e-02 -2.57618800e-02
  7.33821690e-02 -5.08434558e-03  5.03976410e-03 -9.31312144e-02
 -5.13531826e-02 -1.11348378e-02 -9.47491974e-02  4.99726161e-02
  3.93608473e-02  5.38685620e-02  9.65089444e-03  1.10351622e-01
  2.80884648e-04 -1.61200166e-01 -5.28222248e-02  7.64967799e-02
 -7.83273671e-03  1.07159935e-01  1.31334113e-02 -1.25748292e-01
 -4.83366370e-04  9.93542075e-02  1.71360653e-02 -2.54794620e-02
  6.01219088e-02  7.58397058e-02  4.41685952e-02  6.57358244e-02
 -8.83613303e-02 -5.64954057e-02  2.50496473e-02 -8.65209252e-02
 -3.40950899e-02 -1.87967837e-01  2.89501864e-02  1.33570647e-04
 -4.96666357e-02  2.35813290e-01  4.67429608e-02  5.86370900e-02
 -2.81497370e-03  1.45437211e-01  1.09750954e-02 -2.37478577e-02
 -3.36003006e-02  2.78671831e-02 -5.68969361e-02 -1.29935518e-01
 -1.27625257e-01  5.28543480e-02  8.64704773e-02 -1.75483271e-01
 -1.05047636e-01  8.22435841e-02  1.29123837e-01 -1.02457680e-01
 -2.51012415e-01 -3.35177183e-02  4.12512720e-02 -4.04063426e-02
 -1.56696215e-02  1.15017630e-01  9.86754298e-02 -4.32849042e-02
  4.83333506e-02 -2.01671749e-01  9.23902616e-02  1.73938513e-01
  5.57826236e-02 -8.40046778e-02  8.68316889e-02 -9.88898240e-03
  4.76623811e-02  5.77722713e-02 -1.01826966e-01 -9.83156264e-02
  8.92383829e-02  1.11882016e-01  1.99542176e-02 -2.38786936e-01
  1.01606205e-01  8.65510777e-02 -8.04538950e-02 -1.33970112e-01
 -8.30921158e-02  5.66672198e-02 -2.34595127e-02  1.58974230e-02
  2.66460553e-02  1.24957271e-01 -4.73624058e-02  1.12317830e-01
 -3.48557718e-02  1.28110200e-01  5.12537509e-02  1.50883300e-02
 -9.06530768e-03 -3.05422079e-02  4.20472287e-02  2.23214105e-02
 -8.76518525e-03  1.33879229e-01 -7.66858160e-02  4.73695621e-02
  5.22288717e-02  1.47295728e-01  1.63861383e-02  7.68175200e-02
  6.80377521e-03 -1.19587883e-01  1.34377507e-02 -1.93203483e-02
  7.29462802e-02  3.40442248e-02  1.42982662e-01  2.69413125e-02]