[ 0.03031673  0.05320149  0.1714085   0.12355696  0.05175684  0.14721611
  0.04161368 -0.11961968  0.07121759 -0.18551785  0.00612285  0.10608846
 -0.10923348  0.00034816  0.07364109 -0.13758701 -0.06318831 -0.09225429
 -0.01104894 -0.05782132 -0.01145172  0.0616965  -0.0600789   0.11035097
  0.17467822 -0.14079642 -0.03906523  0.0658337  -0.08506885  0.02918139
  0.12605542 -0.09804702 -0.05574025  0.05793142  0.0120402   0.0331807
  0.03421651 -0.13455525  0.03453653  0.0418826   0.18803172  0.00036112
  0.06424241 -0.13441534 -0.06483905 -0.08078708 -0.00830579 -0.11442727
  0.04418185  0.03288001  0.01475291 -0.00853241  0.06173231  0.02741528
  0.09118632  0.0482022  -0.14606246  0.13911842 -0.14006084  0.04685522
 -0.09036706  0.06043515  0.00636297 -0.19748646  0.07298239  0.1187427
  0.09313148 -0.07684317 -0.18160485  0.09650718  0.07771544  0.12770164
 -0.01062456  0.03470793  0.12552281  0.11323192  0.03483705 -0.1009216
 -0.01931948  0.08795302 -0.05156725  0.03675883  0.17131411  0.06607392
  0.01496274 -0.01306249  0.04873126 -0.01277349 -0.15710434  0.04720424
  0.02978488 -0.16573763  0.10911672  0.06449683 -0.08779866 -0.08899553
 -0.03037345 -0.12483393  0.06503207  0.05771109 -0.08505088  0.00789781
 -0.04393814  0.02033561 -0.05352395  0.11634341  0.04976209  0.00201895
 -0.1608436   0.0048144   0.03931968 -0.06067599  0.01130204  0.05300843
  0.00189261 -0.00935465 -0.05079133  0.14705607 -0.00773001  0.11598486
  0.07754823  0.00336678 -0.08999524 -0.03773459  0.12297022  0.12890941
  0.08502461  0.02766097]