[ 0.10599405  0.11780196  0.23313324  0.2099413  -0.00413011  0.08335402
  0.05515575 -0.11849039  0.06763242 -0.11985925  0.01393901  0.00915485
 -0.0779768  -0.00242357  0.0509084   0.00566691  0.06420497  0.01587704
 -0.11849301 -0.06593654  0.04117901  0.05201367 -0.01273624  0.12791263
  0.1361898  -0.1957463  -0.10753708  0.07427332 -0.01884186  0.06523928
  0.07024587  0.13018081 -0.05732741  0.11265444 -0.00500474 -0.0725332
  0.06219713  0.0166758   0.02855497 -0.00816382  0.04829327 -0.0044475
  0.05228049 -0.26340631  0.06383398 -0.06687036 -0.03314149 -0.10095377
 -0.02241988  0.01708105  0.17194666  0.07940292  0.08549123  0.02258621
  0.01954558 -0.00875791 -0.01011175 -0.00324551 -0.0034436  -0.00374639
 -0.03283981  0.03901028 -0.13756528 -0.22336383  0.04191731  0.14568654
  0.06967761 -0.0832874  -0.2506195   0.13627945  0.00153201  0.05577365
 -0.03064591  0.07219306  0.03504445  0.0181438   0.12832625 -0.10980938
 -0.05348417  0.05470391  0.00774683  0.02867417  0.05545253 -0.06514774
  0.11246072 -0.03800113 -0.07239472 -0.0720792  -0.15527199  0.09966939
 -0.00558476 -0.10952612  0.03677173  0.08434547 -0.04180132  0.0505493
  0.02010141 -0.05944985  0.07700393  0.07389142  0.02851884  0.01675582
 -0.06077468  0.16439627  0.01200987  0.00178316  0.0703475  -0.03064581
 -0.0028008  -0.06248024 -0.06442142  0.04089902  0.01325837  0.02438195
  0.08086512 -0.05709221 -0.07873767  0.14342372 -0.01792278  0.06912933
  0.02277797  0.09693394 -0.0175829  -0.02914007  0.20834565  0.07497083
  0.12721953 -0.09330163]