[ 0.08783223  0.13603248 -0.01684929 -0.00482547  0.09357852  0.13873598
  0.07637469 -0.05343364 -0.14141025  0.01079865  0.05602743  0.01127983
  0.13346912 -0.1048424  -0.00250446  0.11738911 -0.07583788  0.08517987
 -0.13261302  0.06674083  0.18464334 -0.00806715  0.04524989  0.04456535
  0.04940463 -0.13768135 -0.13602507 -0.06571853  0.0996139   0.21824057
 -0.04445649  0.06939429 -0.08004734  0.10214017  0.02565596 -0.09265544
 -0.03066575 -0.05782976  0.127087   -0.01816468 -0.04816713 -0.11239517
  0.17064753  0.03036448 -0.04966316 -0.10521876  0.12414957  0.03983874
 -0.12480163  0.1164097   0.10859331 -0.06896944 -0.10025244  0.04201087
 -0.00048488 -0.02258903  0.01028984  0.06345712 -0.03864754 -0.01459799
 -0.04526368  0.01860013  0.09312271 -0.09756349  0.00352688 -0.00262745
 -0.09404636 -0.06723135 -0.19493826 -0.08446287 -0.01906038  0.10789355
 -0.0610294   0.01082295 -0.01892417 -0.00754717  0.09763008 -0.0747705
  0.02011188  0.13551438  0.13748279 -0.09632487  0.04697419  0.07998539
 -0.08623892  0.12055186 -0.05105531 -0.08370709  0.04279848  0.08388197
  0.02532571 -0.14205705 -0.15072234  0.0797874  -0.10156226 -0.00122701
 -0.13508214  0.15794434 -0.04452375  0.02775373  0.06842314  0.02841922
 -0.0018402   0.17073868 -0.00896057  0.07833794 -0.03344199  0.20244522
  0.06169872 -0.03747701 -0.04112667  0.02120749 -0.07780986  0.08425774
 -0.02301906  0.08168015  0.02597415  0.19511178 -0.04702878  0.16319521
  0.00123309 -0.05111341  0.03428399  0.01068464 -0.07108036  0.04333271
  0.00371351 -0.03188668]