[ 0.12136128  0.12774262  0.11702618 -0.00871305  0.00878859  0.09819303
  0.10799302  0.07672288 -0.13466288 -0.00862978  0.05414946 -0.06411862
  0.14571947 -0.07123774  0.04338694  0.0400225  -0.05189135  0.0477885
 -0.20432729  0.13607165  0.14894459 -0.00615273  0.03014955  0.07087211
 -0.06819927 -0.20290078 -0.21366516 -0.02241999  0.05989312  0.11405803
 -0.09678502 -0.0520298  -0.08117277  0.12746421  0.02638283 -0.05212474
 -0.01342516  0.083639   -0.04636607 -0.01684087 -0.12266756 -0.04236802
  0.05671598 -0.04611818 -0.01210219 -0.04695792  0.07029593  0.03695505
 -0.18241535  0.21467806  0.0531725  -0.08844399 -0.13920778  0.07985416
  0.02147447 -0.04900101 -0.07326427  0.01742889 -0.01607837 -0.04319946
 -0.01575653  0.06444991  0.02871229 -0.13066696  0.01560751 -0.00398391
 -0.02811231 -0.0608906  -0.23194161 -0.08387508  0.04635913  0.03569721
  0.01586175  0.06128879 -0.03553324 -0.0047466   0.09400006 -0.07373849
  0.13921514  0.07764825  0.10857655 -0.15817745 -0.06687178 -0.0256984
 -0.03252691  0.08031    -0.0847895  -0.07062111  0.09395669  0.17284518
  0.07620487 -0.1698124  -0.07040931  0.05825446 -0.0972895   0.00993802
 -0.05608698  0.05164498 -0.05178145  0.06761075  0.06048441  0.08231816
 -0.05786775  0.04810751 -0.05949804  0.09463102 -0.01456833  0.09561886
  0.08937956 -0.05245856 -0.00285978  0.06559329 -0.04341286  0.06144577
  0.00211122  0.0884723   0.02211552  0.16406357 -0.09621537  0.08942267
 -0.10819049 -0.04009308  0.03369538  0.10919221  0.05463466  0.01892599
  0.07890248 -0.12792781]