[ 0.04764909  0.14935002  0.0238306  -0.05899786  0.03774294  0.10155822
  0.02347947  0.02456527 -0.10564219  0.07252766  0.04617688 -0.07103475
  0.12780103  0.04174137  0.1113642   0.07547727  0.08536784  0.00980244
 -0.04427716  0.06737529  0.12332953 -0.07125359  0.0177495   0.09851715
  0.05529712 -0.03891788 -0.10706157 -0.04535045  0.1683989   0.09647931
  0.03265432  0.10337405  0.03485297  0.09097699 -0.01826376  0.01534256
  0.05172926  0.15118572  0.0790539  -0.10847123 -0.05943121 -0.07651206
  0.0699485  -0.0973763   0.01973795  0.02275448  0.11018518  0.03194625
 -0.23568109 -0.06170826 -0.05421638  0.02094809  0.04243997 -0.00678785
  0.04201481  0.05800296 -0.0276663   0.09184045 -0.05889081 -0.14849497
 -0.10832711  0.03210519  0.08321823 -0.16735919  0.01298238  0.25760758
 -0.05808312  0.08088423 -0.17863677 -0.07528947 -0.03158322 -0.00460079
 -0.1747532  -0.03554817  0.11614971  0.01516432  0.0725535  -0.02715879
  0.11690041  0.03501915 -0.0456336  -0.00096246 -0.02762502 -0.06532771
  0.02036749  0.02719961 -0.05387692  0.00561368  0.10277934  0.11774911
  0.09305391 -0.09945068 -0.03743253  0.15122199  0.00495096  0.01550988
 -0.0334075   0.12693337 -0.00940551 -0.03344314  0.0553811  -0.03133383
 -0.06908704  0.10104542 -0.15626264  0.1791302  -0.04369245 -0.00414507
  0.15059724 -0.18050577 -0.00697891  0.11688412 -0.09269753 -0.00170546
  0.15421513  0.02617319 -0.14271265 -0.03606534  0.02271895  0.14412883
  0.03449346 -0.05731517  0.03265672  0.06879292 -0.04629327  0.11103047
  0.08321325 -0.1034613 ]