[ 0.15028684 -0.07632211 -0.08805084  0.00573902  0.16865404  0.02054346
  0.148351    0.07900947 -0.0522039  -0.05973364  0.07042499  0.0939833
  0.14810698 -0.00711341  0.02037059 -0.0484856   0.05451632  0.05475728
 -0.16685262  0.18151061  0.11534933 -0.03168406  0.04732728  0.15573893
  0.02494194 -0.17586632 -0.00835681 -0.02496506 -0.0063734   0.14529346
 -0.08436631  0.03908286  0.01570499  0.17801638 -0.09423447 -0.08272811
 -0.02509659 -0.0126062  -0.10979562 -0.09617259  0.08201867 -0.0505532
  0.10474027  0.11802919 -0.18550991 -0.13531607 -0.01759043  0.07279453
  0.03834755  0.1481555   0.04613736 -0.16671728 -0.09026068  0.00851487
  0.07400234 -0.02129063 -0.15507124  0.10380664 -0.01720462 -0.00523211
 -0.06807883 -0.04899484  0.0429746  -0.01942002 -0.06738048 -0.00586567
 -0.09562933 -0.01916067 -0.13217041 -0.13202024 -0.02968307  0.01404121
  0.00202644 -0.06161571 -0.03394024  0.03199411  0.13526903 -0.05203935
  0.02275256  0.08803254  0.0305256  -0.11149398  0.02132122 -0.03045528
  0.00650961  0.06588923  0.04230361 -0.00442333  0.04998257  0.09937701
  0.08548795 -0.17841357 -0.15645835  0.00269256 -0.1064091  -0.02395921
 -0.14541462 -0.02581023  0.00517926 -0.06434384  0.06170226  0.01532519
  0.10748959  0.11209755 -0.11120043  0.01542851 -0.11968371  0.15260471
  0.00926511 -0.0884681   0.05613519  0.09570561 -0.08074445  0.10146852
 -0.05550791  0.02122091  0.0437667   0.07481849 -0.02944395  0.18766248
 -0.02194628  0.01203584 -0.07339159  0.1317355  -0.04926749 -0.04731719
 -0.02033093 -0.08343252]