[ 6.40748721e-03  1.16853513e-01  1.26831651e-01 -8.79343376e-02
  1.62319392e-02 -1.15194591e-02 -7.76623711e-02 -3.91030237e-02
  3.43883596e-02 -6.02412270e-03  4.23107781e-02 -1.42855316e-01
 -1.03622340e-04  9.08947587e-02  2.99659781e-02  9.08963978e-02
  3.11529133e-02  1.74059309e-02 -7.13314041e-02 -7.05059767e-02
  1.58274472e-01  1.22825287e-01 -6.28306493e-02 -8.68863538e-02
  4.85307770e-03  2.37591919e-02 -7.34754428e-02  3.59944068e-02
  7.94030651e-02  6.04065470e-02 -4.63177860e-02 -5.40369637e-02
 -1.00803142e-03 -2.44000144e-02  1.17708676e-01  5.05019464e-02
  6.27251416e-02  5.74916564e-02  1.20714240e-01 -8.37576110e-03
 -1.33196771e-01  8.77436250e-02 -3.75209190e-02 -1.13529563e-01
  1.71787918e-01  2.28361547e-01 -1.95432510e-02 -1.97672658e-02
 -1.11825094e-01 -1.47804469e-01 -4.88019176e-02  1.65042996e-01
 -8.40550475e-03  4.25448045e-02 -3.44483741e-02 -3.68579924e-02
  9.80421752e-02 -1.26393110e-01 -7.34977871e-02 -4.07464392e-02
  1.32548958e-01 -1.19446153e-02 -7.61732087e-02  9.43966210e-02
 -4.53722328e-02 -5.64474389e-02  1.61180086e-03  2.46317610e-01
  1.75084829e-01  5.80990016e-02  1.46732301e-01 -5.29356226e-02
 -2.96875350e-02 -2.50756800e-01  1.68869942e-02  9.12858397e-02
 -1.34334117e-01  8.28274041e-02  3.90782312e-04 -2.69097444e-02
  6.01282306e-02  1.91419542e-01 -1.29875471e-03  7.82442689e-02
  1.60762959e-03  7.18328133e-02 -8.21256265e-03  2.41254959e-02
 -5.59624210e-02  6.65630028e-02 -1.52674606e-02 -2.13945471e-02
 -2.15331931e-02  1.23789228e-01 -1.16057254e-01 -3.62494662e-02
 -2.12846603e-02 -2.51047071e-02  2.28439691e-03 -8.57188180e-03
  1.14592962e-01  4.12176512e-02 -7.54381418e-02 -3.99284810e-02
  1.85265462e-03 -1.43389525e-02  1.05326681e-03 -2.90592853e-02
  4.07535993e-02 -2.65079215e-02  8.51618219e-03 -1.17234610e-01
 -1.20507404e-01  2.55975388e-02  8.45452473e-02  1.04508385e-01
 -2.61715263e-01 -5.01019880e-02 -1.80348530e-01 -1.15450338e-01
 -4.30518948e-02  1.02531679e-01  4.19194065e-02  3.05369180e-02
  8.98242816e-02  4.51634228e-02  6.33955374e-02 -2.80295089e-02]