[ 0.12567781  0.13748215  0.02782466 -0.00552319 -0.01477584  0.16577382
 -0.07213308 -0.04231712 -0.05795493  0.04600307  0.09254872 -0.11980022
  0.03768263  0.01971991  0.0417304   0.05600084  0.01788346  0.0077019
 -0.04385744 -0.07024312  0.12315448  0.05427253  0.03098431 -0.13334711
  0.07084005 -0.05241491 -0.08006847 -0.00744328  0.01573933  0.06986982
 -0.00033124  0.03031753 -0.06337182  0.02442869  0.06288835  0.01885633
  0.00869896  0.03587144  0.21305208 -0.00790169 -0.15007681 -0.04149185
 -0.08360223 -0.16261068  0.05535726  0.06077439 -0.04460237  0.01203549
 -0.09749129 -0.01043617  0.08048633  0.28840935 -0.01056     0.07983793
 -0.08072854 -0.10105708  0.17471156 -0.15306999 -0.05197898 -0.08895535
  0.0328475  -0.01141835  0.00325655 -0.08502974 -0.06273818  0.00930466
  0.03573319  0.25987765  0.04899029  0.12014414  0.10720278  0.05463761
 -0.09244633 -0.14911954 -0.00976428  0.0144849  -0.05198944 -0.06557992
 -0.02122138  0.15545169  0.03166268  0.03155072  0.09544054  0.03559257
 -0.00033623  0.06278769 -0.03426544 -0.01401308  0.04945982  0.05178462
 -0.03565193 -0.07345424 -0.01735392  0.206498   -0.16311464 -0.12283964
  0.01780059  0.01789835 -0.0364223  -0.02511958  0.16355003  0.11114372
 -0.083343    0.05897009  0.06177295  0.02229519  0.02645278  0.03488655
  0.07172693 -0.01324241 -0.03607811 -0.01789173 -0.07947047  0.05454836
  0.12293974  0.07304627 -0.18811396  0.06093827 -0.03775165  0.00111572
 -0.00233702 -0.03528341  0.12369103 -0.0061097   0.18882984  0.01220605
  0.20214596  0.05245199]