[-0.07693678  0.19677542  0.19550084 -0.0597046  -0.06503398  0.04106453
 -0.19058827 -0.03275832 -0.05795824  0.02472963  0.04226053 -0.15269341
  0.02545754 -0.01798253  0.18988493  0.012005   -0.00295863 -0.0513055
  0.02816442 -0.00905989  0.06158355  0.05739827 -0.00070313  0.0731303
  0.07887073  0.00979854 -0.03752106 -0.03801338  0.07723523 -0.00569994
  0.07720137 -0.1347588   0.08479796  0.0308744   0.10170438  0.07279809
  0.12003436  0.06300437  0.10605641  0.0083689  -0.04703961 -0.07707703
 -0.00407016 -0.12094164  0.09083536  0.16310613  0.12197705  0.00419512
 -0.20555058 -0.08784632 -0.04384034  0.0607478   0.10815124  0.01297767
 -0.0187847   0.03329289  0.04548652 -0.11190031 -0.02857839 -0.14036372
 -0.01784867  0.04880367 -0.10320972 -0.0022987  -0.02774309  0.10089598
  0.06893862  0.08725027  0.02080231 -0.05725306  0.01864052 -0.08647957
 -0.1148866  -0.17904674  0.22436255  0.02537133 -0.16626714  0.06033998
  0.1244101   0.17031319 -0.01821062  0.08096665  0.01454197  0.06016007
  0.02001648  0.09842213 -0.03593192 -0.01118885 -0.05908792  0.09841357
 -0.00428343 -0.02226477  0.0929587   0.14613511 -0.19273451 -0.08160726
 -0.05483599  0.06673604 -0.00937399 -0.11289765  0.03445362  0.01926408
 -0.07800087 -0.02339737 -0.01731071  0.07949004  0.03802976  0.00223151
  0.05349839 -0.0492715   0.01486607 -0.0236365  -0.09058736 -0.03282773
 -0.00701184  0.05676394 -0.29564652 -0.07859954 -0.11392417 -0.01426113
  0.04610048 -0.00097613 -0.06992117  0.02300514  0.05130452  0.09860636
  0.08303608 -0.00763417]