[-0.02581703  0.16964528  0.19286695 -0.08793224 -0.03934276  0.07475919
 -0.12628877  0.04573185 -0.05825286  0.06445485 -0.00855266 -0.18784061
  0.02420824 -0.00806273  0.13750544  0.08341353  0.02053165  0.0198299
 -0.0635751  -0.07103497  0.12628458  0.04536167  0.00458448 -0.03219008
  0.02383935 -0.00893498 -0.1088904  -0.02625061  0.07250378 -0.03183883
  0.02246879 -0.00900609  0.01082353  0.06390256  0.09981184  0.04468065
  0.08899321  0.07141764  0.10926804 -0.04537718 -0.11038775 -0.05934301
 -0.01002764 -0.18096659  0.16562329  0.18557756  0.05099007  0.02149909
 -0.24595188 -0.07939395 -0.01393227  0.12261856  0.04381457  0.02876475
 -0.04465452 -0.00893077  0.14915414 -0.17877896 -0.0060382  -0.15299977
  0.0700181   0.06875971 -0.14528054  0.00107013 -0.03723576  0.07897018
 -0.00674812  0.20109542  0.05382659  0.05845411  0.02808671 -0.06870399
 -0.11401151 -0.18485174  0.08546878  0.02789922 -0.11319394  0.06629825
  0.09514071  0.03327176 -0.01538829  0.11187193 -0.01787809  0.03188986
  0.0048018   0.08035927 -0.04523829  0.02872989  0.00814331  0.14020467
  0.01858311  0.00146396  0.01108179  0.13557561 -0.14566077  0.03469158
 -0.00674639  0.0864368  -0.0551274  -0.0485508   0.13172045  0.02163727
 -0.1174069   0.00576794  0.04097454  0.01443735 -0.02195279 -0.03312245
  0.07197817 -0.0642643  -0.03574414 -0.0017791  -0.09292347 -0.05054569
  0.11913644  0.05752298 -0.2477898  -0.09256954 -0.09034391 -0.03994745
  0.03940868  0.0374157   0.06698189  0.03337828  0.08910026  0.03534441
  0.12340716 -0.05585913]