[ 0.08121864  0.07645512  0.00709069 -0.04923828  0.12685747  0.13582461
 -0.11929726 -0.24210626  0.05717913 -0.07777338  0.05423456 -0.01837925
 -0.04930265  0.0726153   0.03149882  0.06377433  0.01712079  0.10227472
 -0.06705201 -0.06207735  0.03543109  0.21320543  0.01145274 -0.05867654
  0.0434222  -0.04712099  0.02920571  0.08177758 -0.0323048   0.09432062
  0.00785098 -0.01440513  0.00679789 -0.00575099  0.18189852  0.10180531
  0.06310774 -0.14970323  0.15677914 -0.05902166 -0.06511757  0.04617779
  0.05521264 -0.07847679  0.00745958  0.1262271  -0.02563542  0.09918539
 -0.07611462  0.01972252 -0.00958663  0.05420109  0.06213937  0.01404274
 -0.0644772  -0.02064254 -0.00699435 -0.00838034 -0.15512951  0.05460851
 -0.01050931  0.08525396  0.08878747 -0.03414747  0.00090567  0.02302362
 -0.07293975  0.1791061  -0.04960459  0.15139191  0.12637807 -0.02336968
 -0.02643887 -0.21978863 -0.04019539  0.07871151 -0.05870508 -0.106352
 -0.06801935 -0.05080232  0.18871146  0.17247443 -0.01272821  0.0480552
 -0.05508311  0.06618801 -0.09737321 -0.04022261 -0.12241711  0.21160331
  0.09155811 -0.0888425  -0.058984    0.16215368 -0.03598629  0.01611627
 -0.12576318  0.00399155  0.00730518 -0.01123943  0.14265041  0.00740409
 -0.06671008 -0.11156936  0.03436139  0.06052853  0.03090022 -0.08148465
 -0.06681645  0.0857092   0.06888648 -0.09274133  0.0684935   0.1069089
  0.01867127  0.01131381 -0.17462398  0.14061506 -0.07100227  0.00405311
  0.09118269 -0.062186    0.08091372 -0.0384799   0.08483171  0.05704026
  0.10634431 -0.04971124]