[ 2.45649740e-02  8.02556574e-02 -7.49026313e-02 -3.45689058e-02
  1.85116436e-02  1.77921399e-01 -8.09111893e-02 -1.93910718e-01
 -2.34720893e-02 -5.61506161e-03  6.66200444e-02 -1.73839014e-02
  5.46406433e-02  4.49196063e-02  7.21657649e-03  4.53514680e-02
 -4.79756333e-02  5.23298187e-03  9.26735625e-03 -5.04115783e-02
  5.14064915e-02  3.77595983e-02 -9.50134769e-02 -7.18204528e-02
  4.00467254e-02  7.17012137e-02 -7.60575682e-02 -4.59538400e-02
 -6.35561943e-02  1.18211843e-01  4.53921827e-03  5.01061007e-02
 -3.51446159e-02 -2.53796428e-02  1.08189933e-01  1.17335863e-01
  3.48319188e-02 -9.79087502e-02  2.05937073e-01 -5.12514226e-02
 -9.22108255e-03 -4.45779227e-02  4.64740768e-02 -1.13751501e-01
  7.08238035e-02  7.19860271e-02  5.84371127e-02  3.67576554e-02
 -1.58098444e-01 -1.21624514e-01 -6.06856309e-02 -1.38958823e-02
  1.25334814e-01  4.49925177e-02  1.02651427e-02  5.51049225e-02
 -4.85311449e-02  3.52665372e-02 -1.21976241e-01 -3.11605595e-02
 -2.14714203e-02  9.84911546e-02  1.23470202e-01 -9.74541754e-02
  1.28790215e-02  1.84110597e-01 -2.37652007e-03  1.84652001e-01
 -7.22918240e-03 -6.46704733e-02  8.49008560e-02 -2.12278180e-02
 -7.50956088e-02 -2.01582715e-01  6.99893758e-02  1.24760456e-01
 -8.84421766e-02 -1.41064718e-01 -7.23956665e-03  5.15378416e-02
  8.45629275e-02  8.89138952e-02  6.25039171e-03  1.79979000e-02
 -1.58473879e-01  1.47733942e-01  8.45185481e-03 -6.59093633e-02
 -5.34029230e-02  9.00543630e-02  2.90424358e-02 -9.85079929e-02
  4.59883511e-02  1.89566746e-01 -1.55201182e-01 -2.40215159e-04
 -5.11652492e-02 -1.72090959e-02  3.15408930e-02 -3.74005921e-03
  1.12629212e-01 -4.38763108e-03 -8.57837945e-02 -7.37596154e-02
 -3.09790894e-02  1.50262848e-01 -4.20452375e-03  3.87428887e-03
 -1.86551496e-01  5.68253957e-02  4.32283580e-02 -1.20284617e-01
 -6.85860589e-03 -4.62755151e-02  2.98797656e-02  5.50568961e-02
 -2.80418783e-01  1.04405150e-01 -5.30397743e-02 -4.94673178e-02
  7.52131939e-02 -1.55326545e-01  8.70253444e-02 -4.91531342e-02
  5.25929183e-02  1.61105752e-01  2.19881516e-02 -7.70308403e-03]