[ 0.06993496  0.12709957 -0.09571602 -0.12704018  0.02310586  0.10762081
 -0.17843941 -0.198056    0.04328678 -0.05517339  0.11821245 -0.06819458
  0.0416327   0.1358671   0.01468381  0.06978485  0.06187696  0.04641943
 -0.0286329  -0.08383783  0.04916548  0.19345812 -0.00203887 -0.08416656
  0.01768976  0.02394792  0.11442934  0.08868162  0.01308017  0.13698722
  0.02293097 -0.01317639  0.07833362 -0.00887213  0.11323768  0.10063942
  0.08756386 -0.05650465  0.21541987  0.02172519 -0.14317097  0.02214979
  0.03263804 -0.0264388   0.06321648  0.08636446 -0.00560768  0.08073386
 -0.10013697 -0.04238698 -0.03932114  0.10198025  0.06136164  0.04384618
 -0.12657429  0.01871084 -0.0085656   0.01371637 -0.14885899 -0.00188389
 -0.05497283  0.01318841  0.14075999 -0.03149958 -0.07367866  0.03858545
 -0.01998717  0.20613217 -0.0071068   0.05201617  0.09510045 -0.12223324
 -0.0878967  -0.24194697  0.02121559  0.03631304 -0.0682065  -0.13075303
 -0.08674031  0.01978978  0.15498546  0.11938297  0.00045466  0.02826096
 -0.08177948  0.10058814 -0.08872659 -0.11986909 -0.05135849  0.14478628
  0.03098347 -0.15511978 -0.04070487  0.19775049  0.00806214 -0.00808232
 -0.14035118  0.03144108 -0.00661973 -0.01940887  0.08677886  0.02344647
 -0.07007018 -0.00896024 -0.00413588  0.07975751 -0.00695778 -0.05105557
 -0.06109893 -0.01861201  0.05265417 -0.10805158 -0.01524114  0.13142496
  0.0061175   0.03073969 -0.1800207   0.06497451  0.00227379 -0.00997009
  0.09885669 -0.1104022   0.07472324 -0.01574625  0.08153332  0.00768242
  0.07799651 -0.00822683]