[ 6.14752583e-02  1.22224808e-01 -2.95548756e-02 -7.79265305e-03
  5.49645796e-02  1.16329461e-01 -1.28174618e-01 -3.05423737e-01
  6.02852069e-02 -9.35695916e-02  9.85734165e-02 -3.17510078e-03
  2.87385262e-03  1.11826085e-01 -5.81414532e-03  6.57298192e-02
  3.18975113e-02  8.64247233e-02 -5.92341982e-02 -9.28963348e-02
  6.12802319e-02  1.77212209e-01 -4.00446355e-02  2.95316189e-04
  8.81158486e-02 -9.88824014e-03  1.98936947e-02  8.24263468e-02
  9.20671504e-03  1.93178415e-01  4.28880043e-02  8.23482797e-02
  2.58176066e-02 -4.95440373e-03  1.02662779e-01  6.64258748e-02
  3.86683047e-02 -1.16333202e-01  2.07945034e-01 -5.23307268e-03
 -5.09810522e-02  2.47676689e-02  7.35626668e-02 -6.72478303e-02
  6.09378479e-02  2.68589761e-02  1.08939270e-02  4.94074002e-02
 -5.09229228e-02 -8.49659815e-02  2.94622704e-02  7.80044198e-02
  1.30064711e-01  9.89028811e-03 -7.99272284e-02  3.56005356e-02
 -2.06907485e-02  5.83875664e-02 -1.06841967e-01  6.25802251e-03
 -5.92497289e-02  6.07210398e-02  9.93648693e-02 -2.26819739e-02
 -7.35467151e-02  1.07175328e-01 -2.78064329e-03  1.12599932e-01
 -7.46052265e-02  5.38987927e-02  8.25551599e-02 -7.78379738e-02
 -4.94476594e-02 -1.90002561e-01  2.79520284e-02  5.33047952e-02
 -6.23514056e-02 -1.99037299e-01 -1.16793245e-01  4.73171510e-02
  1.95669785e-01  1.65655851e-01  3.45089734e-02  1.86993815e-02
 -4.94080968e-02  9.33877155e-02 -7.66870230e-02 -1.32526726e-01
 -1.48812130e-01  1.39161706e-01  2.03153286e-02 -1.31462932e-01
 -1.91547889e-02  1.77878410e-01 -5.25607876e-02  7.78339338e-03
 -1.58135757e-01  1.89348198e-02  5.35392053e-02 -1.36950053e-02
  1.13163270e-01  1.47994151e-02 -2.55392548e-02  2.98485849e-02
 -1.44122522e-02  7.79478326e-02  2.22711638e-02 -2.23434605e-02
 -7.51181841e-02  1.22521920e-02  6.65246174e-02 -9.65202376e-02
 -2.32153777e-02  9.71175954e-02 -2.28755958e-02  1.71758905e-02
 -1.99825034e-01  1.25929356e-01 -1.73432715e-02 -5.50720096e-03
  1.12833612e-01 -9.03884172e-02  2.73578130e-02 -9.08052847e-02
  4.80195917e-02  8.99516195e-02  5.29818572e-02 -6.28186250e-03]