[ 0.11248326  0.01207037 -0.08002253 -0.01823986  0.09943783  0.11750328
 -0.05639958 -0.21751943 -0.09295696 -0.0827326   0.10622825  0.03070185
  0.03990501  0.12517029  0.06589781  0.01393553 -0.04366656 -0.02291366
  0.06538137  0.01046562  0.05329806  0.09609795  0.00110799 -0.10233492
  0.10982457  0.04744034  0.03873948 -0.0081486  -0.07747582  0.17854995
 -0.05376808  0.00405315  0.04409804  0.02503169  0.11393659  0.10747614
  0.03303894 -0.11051849  0.15622681 -0.12087882 -0.0027828  -0.05881543
  0.1258193   0.03038864 -0.1058991   0.14628968  0.07090709  0.03522626
 -0.10816079 -0.03254544 -0.01883613  0.01048359  0.05854482  0.06884688
  0.10467575 -0.00284587 -0.0944292   0.05233593 -0.13398932  0.03374483
 -0.03832055 -0.0196533   0.14634462 -0.03311763  0.07564709  0.10254581
 -0.08339483  0.16684699 -0.00537786  0.03384872  0.08588317  0.00292491
 -0.06575316 -0.23521575  0.04785401  0.09597334 -0.02276153 -0.13911617
 -0.03788743  0.10299152  0.12165396  0.0053406   0.0322765   0.01976148
 -0.13799533  0.04889501 -0.00876959 -0.06040936 -0.06583238  0.17793088
  0.07922956 -0.12406772 -0.0788752   0.13069497 -0.17633548 -0.05013429
 -0.07713301  0.03250746  0.10756774 -0.08455257  0.07484217  0.08347459
  0.03703046 -0.11480524 -0.07083293  0.1216519  -0.02222749  0.10653868
 -0.08406432 -0.00394031  0.08476928 -0.10536256 -0.06787805  0.02270528
  0.0345375   0.03669616 -0.11361766  0.06015572 -0.03068704  0.071708
  0.10838282 -0.11876733  0.07315654  0.01224612  0.09346637  0.08178086
  0.19160372  0.04936067]