[-5.39046712e-02  1.04397424e-01 -1.60553351e-01 -1.60132125e-01
  8.70141089e-02  2.59007346e-02 -3.32448296e-02 -1.38458582e-02
  9.72331837e-02 -2.05804547e-03  3.25986147e-02 -2.27186885e-02
  2.83967368e-02  1.18508078e-01  6.20705187e-02 -1.15134381e-02
  2.06312649e-02 -1.14265434e-01  8.25513452e-02 -8.53350759e-02
  9.59847472e-04  5.33374213e-02 -5.54268323e-02 -2.08273083e-01
  8.75362754e-02  6.53191358e-02  1.02968246e-01  6.88579008e-02
  8.04152787e-02  8.37733448e-02  7.56638795e-02 -1.51381772e-02
  1.65574387e-01 -4.98123653e-02  2.24482976e-02  4.50898223e-02
  1.74202248e-01 -5.12556871e-05  1.59643069e-01 -3.87784466e-02
  9.37363431e-02 -2.32980940e-02  1.42302662e-01  4.06133384e-02
 -4.97920737e-02  4.60643917e-02  1.08017679e-02 -2.66171545e-02
 -3.71892494e-03 -1.76911354e-01 -2.18438998e-01  3.33419517e-02
  3.33544351e-02  4.78746630e-02 -1.14033585e-02  8.30525383e-02
 -1.07910156e-01  2.53723022e-02 -2.22167984e-01 -1.79754365e-02
 -1.22499965e-01 -1.31831810e-01  1.27663285e-01 -4.56637703e-02
  1.07606621e-02  1.66221514e-01 -2.71829870e-02  1.38073280e-01
  9.10630077e-02 -1.17854387e-01  4.44165021e-02 -4.10725698e-02
 -1.12078682e-01 -1.80665776e-01  1.58826992e-01  1.13013946e-01
 -2.17108112e-02 -3.07636503e-02 -7.35143796e-02 -5.11195548e-02
 -3.52167487e-02  9.24909040e-02  1.05086170e-01  1.72184646e-01
  4.84223105e-03  6.46889806e-02  3.60874943e-02  5.87180071e-02
  6.11210093e-02  1.97193231e-02  3.10829654e-02 -1.45526767e-01
 -7.69623220e-02  7.75020570e-02  3.32420915e-02 -1.10226825e-01
 -7.48526454e-02  2.79481281e-02 -2.37710215e-03 -4.92012501e-03
 -7.28013366e-02 -9.01290476e-02  3.42501029e-02 -3.77247967e-02
 -1.46628425e-01  1.26570031e-01 -1.42262690e-02  4.50489894e-02
 -5.75094186e-02 -6.93192109e-02  2.26128027e-02 -1.55550867e-01
 -1.14744872e-01  7.17543662e-02  4.64962386e-02 -5.08122742e-02
 -9.98980477e-02 -3.51946354e-02  7.64285475e-02  2.10426897e-02
  1.35835126e-01 -2.74784807e-02  2.34112423e-02  4.66091335e-02
  2.30243523e-02 -1.01212393e-02  3.34694758e-02  7.66409114e-02]