[-0.04641135  0.08403716 -0.18643352 -0.17071344  0.00795137  0.02220291
 -0.12237586  0.05549993 -0.01197669  0.12366368  0.03955336 -0.05746849
  0.10744384  0.11982364  0.14620733  0.00039738  0.15916334 -0.12869436
  0.18661486 -0.0369923  -0.07761942  0.02338062  0.00709719 -0.06551093
  0.06304052  0.08843842  0.22088453  0.01204276  0.05217412  0.04022982
  0.05306916 -0.05711161  0.21688369 -0.01283384 -0.01951789  0.06024538
  0.21352606  0.0171258   0.09009861 -0.0333816  -0.00121383 -0.09330957
  0.09440546  0.0382562  -0.04056818  0.09320869  0.05485677  0.03445254
 -0.06388739 -0.1530024  -0.09382563 -0.03651662  0.07804389 -0.01049092
 -0.04037731  0.11046778 -0.08655597 -0.01258174 -0.0720752  -0.0462729
 -0.10755742 -0.12816204  0.02864451 -0.10475768  0.027752    0.13221596
 -0.02879897  0.1477576   0.06901852 -0.17846793 -0.057499   -0.09934378
 -0.18684846 -0.26774478  0.17825453  0.0951132   0.00202266  0.08305112
  0.01352144  0.01527242 -0.08087703 -0.02556732  0.03439281  0.09541661
  0.01855736  0.04120759  0.00428153  0.00186888  0.07861444  0.03268569
 -0.05779856 -0.08021983 -0.02515464  0.12595303  0.01453667 -0.04184394
 -0.0293102   0.03067532  0.00148229 -0.08889639 -0.03678415 -0.05653133
  0.00180485 -0.02478948 -0.13974015  0.06063124 -0.06166074 -0.03883612
 -0.08357345 -0.07358582  0.00337302 -0.08407554 -0.0109486   0.00732829
 -0.00111944 -0.05834167 -0.15776648 -0.10058793  0.00818469  0.03434467
  0.09454213 -0.08671194 -0.01543605  0.07494985  0.02796176 -0.01496519
 -0.03565392  0.01987528]