[-0.05361488  0.08526869 -0.00831542 -0.10252281 -0.03611197  0.04441374
 -0.1927726   0.00542819 -0.022535   -0.0436187   0.04077983 -0.10674279
  0.05516433  0.01708356  0.14054337  0.02211575  0.02697416 -0.15191655
  0.12175526 -0.03488196  0.05283424 -0.02053984  0.05789099 -0.02423995
  0.13953719  0.05813938  0.12215818 -0.09536824  0.02296142 -0.0166219
  0.1654499  -0.10707062  0.16290113  0.02846073  0.01506594  0.05563784
  0.1074382   0.06674146  0.13515234 -0.02800863 -0.00442203 -0.11319836
  0.02071875 -0.00626494  0.05446545  0.09342858  0.08203609 -0.02857514
 -0.16235758 -0.13570023 -0.16232589 -0.04401549  0.17888251 -0.01842065
 -0.08966292  0.07195897 -0.01383544 -0.00426409 -0.08690026 -0.11540833
 -0.05890281 -0.02264149  0.01279514 -0.05329669  0.02766701  0.15497185
  0.01255938  0.13533138  0.04901733 -0.13480468 -0.07139041 -0.10335316
 -0.21211562 -0.24289423  0.20548575  0.02152062 -0.06811017 -0.00666211
  0.02805921  0.2205421  -0.12560438 -0.03767881  0.02019547  0.03912558
 -0.0424689   0.06995168  0.00227728 -0.02403145 -0.04655359 -0.01065035
  0.02102545 -0.05028629  0.02284246  0.15481384 -0.0675082  -0.01938185
 -0.06619694  0.08010061 -0.01286205 -0.09157141 -0.04364468 -0.09763249
 -0.08165287  0.01000726 -0.04742712  0.07784285  0.00344444  0.04277401
 -0.02577802 -0.12794578 -0.0093562  -0.03945097 -0.08562118 -0.02964178
  0.04600766  0.0350953  -0.27184373 -0.06700858  0.02788227  0.07607745
  0.05577069 -0.01747098 -0.09157721  0.05033406  0.03456635  0.01991478
  0.02029228  0.02433312]