[-0.06102591  0.03433099 -0.19624652 -0.17318711  0.07933617  0.08580034
 -0.09043724 -0.00053056  0.08087681  0.0707932   0.08307182 -0.00621238
  0.0835464   0.14872204  0.10020631  0.02166784  0.02983498 -0.08373767
  0.07673839 -0.06869925 -0.03478558  0.05176936  0.00282874 -0.18568718
  0.05631028  0.10031492  0.1418013   0.03697356  0.02234638  0.01924466
  0.12211472  0.00352314  0.14923157 -0.03839822 -0.01991425  0.14264129
  0.13093472 -0.00510821  0.15019737  0.03080918  0.07418357 -0.01643111
  0.05357642  0.03756034 -0.08298887 -0.04233262 -0.01282746  0.01899271
  0.03170042 -0.15613647 -0.17638524 -0.01856875 -0.02628148  0.03504307
 -0.05590156  0.09908283 -0.11643144  0.05170931 -0.18535961  0.02688123
 -0.18318743 -0.13384061  0.14858487 -0.10003839  0.03765592  0.14016202
 -0.01850535  0.21459673  0.097411   -0.05988012  0.05124863  0.01964368
 -0.09835403 -0.18209136  0.13063508  0.07431223 -0.03764665 -0.01222879
 -0.09562918 -0.06649655 -0.02287615  0.05127402  0.09835561  0.13113962
 -0.08277321  0.07413254  0.08833713  0.05685837  0.06103564 -0.02093921
  0.00457913 -0.13216405 -0.04156721  0.10614005  0.04912547 -0.08393567
 -0.10964486  0.000389   -0.02962201  0.02171033 -0.087725   -0.11681937
 -0.01749784 -0.0555183  -0.0708414   0.13415922 -0.05871055 -0.04337189
 -0.05886487 -0.05542945 -0.04823781 -0.09786512 -0.03468768  0.08350991
  0.05625966 -0.06089501 -0.08457724 -0.02567114  0.06387732  0.03703913
  0.15668628 -0.09356948  0.03739512  0.06755539  0.00936083 -0.00181086
 -0.01439226  0.11786546]