[-4.97746915e-02  9.57692340e-02 -4.27130423e-02 -1.76375374e-01
  4.32979427e-02 -5.47177568e-02 -6.62720278e-02  1.82452742e-02
  7.52668083e-02 -1.00129545e-02 -3.03077442e-03 -8.67651254e-02
  4.68790755e-02  1.13609552e-01  1.63132906e-01 -7.44016021e-02
  5.66710494e-02 -1.70766369e-01  5.54407276e-02 -9.12707765e-03
 -7.17295781e-02  3.86946276e-02  4.35225433e-04 -1.43821552e-01
  5.03365882e-02  3.72679681e-02  7.15688094e-02  3.03764455e-02
 -2.41574529e-03 -1.88006721e-02  9.19772387e-02 -9.20627788e-02
  1.88481554e-01  4.64412756e-03  3.59596908e-02  7.78046027e-02
  1.97678447e-01  1.16688453e-01  7.40984082e-02 -3.63829918e-02
  4.56468388e-02 -2.69584972e-02  2.47555152e-02 -1.74155030e-02
 -2.50562839e-02  2.32573956e-01 -1.72092952e-02  1.71761997e-02
 -6.44272044e-02 -1.03689887e-01 -2.55172908e-01  2.80029960e-02
  7.51594901e-02  8.10609572e-03 -3.05821709e-02  2.60978471e-02
 -1.07261159e-01 -3.38977873e-02 -1.75243735e-01 -2.23962218e-02
 -7.77691901e-02 -7.18160272e-02 -1.39166918e-02 -2.14935206e-02
  3.27805243e-03  9.83956382e-02  4.46028495e-03  2.36609668e-01
  9.46397185e-02 -1.41005516e-01  7.42761567e-02 -1.04335651e-01
 -1.32729903e-01 -2.06648663e-01  1.75527617e-01  1.31603554e-01
 -8.06288794e-02  2.29878770e-03  4.27509770e-02  4.01409939e-02
 -1.24090113e-01  2.47683823e-02  1.46389822e-03  1.26074627e-01
  6.27007056e-03  2.75876336e-02  2.43872069e-02  3.70079204e-02
  2.60773376e-02  3.02104894e-02  3.07311695e-02 -9.33166668e-02
  6.23198152e-02  7.14907348e-02 -4.93916832e-02 -1.02421232e-01
 -3.30434404e-02 -3.71373408e-02  4.26441245e-03 -9.84256193e-02
 -6.86417967e-02 -6.19575307e-02 -3.09580322e-02 -5.60972057e-02
 -1.38366252e-01  5.97914495e-02 -5.00797629e-02  3.42244133e-02
 -4.85923700e-03 -3.87582853e-02  6.45328090e-02 -1.04357034e-01
 -1.30107433e-01  4.55993861e-02 -8.99634045e-03 -1.04633225e-02
 -2.03444675e-01 -1.14655681e-01  4.28631320e-05  4.37668934e-02
  7.02943653e-02  5.31233363e-02 -7.07553998e-02  1.66480958e-01
  6.30268231e-02 -6.58860281e-02  2.00475026e-02 -3.87753733e-03]