[-0.04651486  0.08935988 -0.10019647 -0.16537394  0.08141397 -0.04245106
  0.00741917 -0.0035287   0.0305903   0.07897937  0.02611046 -0.00416553
  0.05718195  0.15113507  0.11978475 -0.0831247   0.11124893 -0.13633041
  0.08942948  0.01277169 -0.12946822 -0.00372283  0.03200097 -0.14725363
  0.03458101  0.06162928  0.0940588   0.10081966  0.07656919 -0.0188768
  0.07204004 -0.05481838  0.16121055 -0.04468213 -0.01513926  0.03087173
  0.16524205  0.17345905  0.12440519  0.00902335  0.05658843  0.02672842
  0.00244873 -0.06918898 -0.12220095  0.09541222 -0.06145314  0.01510263
  0.02715918 -0.11303295 -0.21979962  0.08188508  0.00335841  0.01050146
 -0.05042867  0.01789311 -0.07397794  0.07278688 -0.23233786  0.04610528
 -0.15232229 -0.08523721  0.09122809 -0.0947752   0.04544255  0.16456477
 -0.01027267  0.19472373 -0.00063778 -0.13322902  0.07538661 -0.01422508
 -0.09452455 -0.04852283  0.18268217  0.10537266  0.00321497 -0.02929739
  0.05251751 -0.04235963 -0.14416429 -0.00573281  0.0884581   0.13891394
  0.0254923  -0.05605993  0.03502752  0.0932456   0.0984254  -0.04859739
  0.0076561  -0.09649232  0.11504292  0.11126713  0.05908717 -0.21333562
 -0.00647004 -0.02589502 -0.01585135 -0.04744824 -0.10477286 -0.06231999
 -0.03084347  0.01404735 -0.114499    0.11739362  0.02457666 -0.00778475
  0.08256119 -0.07016847  0.03802911 -0.05286621 -0.03398144  0.16343093
 -0.00046739 -0.04800819 -0.13647608 -0.01298253  0.03765487  0.0726081
  0.03516153 -0.02979755 -0.08938946  0.07935899  0.01634673  0.00575279
 -0.04240284  0.00737093]