[-6.63927794e-02  4.39473540e-02 -8.66151303e-02 -2.10120142e-01
  2.48118024e-02  3.90622988e-02 -5.57386838e-02  7.58441612e-02
  3.74403112e-02  2.49588415e-02  2.76412796e-02 -5.69564439e-02
  4.54780236e-02  1.07077710e-01  1.89282432e-01 -5.04678674e-02
 -2.16101343e-03 -1.79697812e-01  1.03879891e-01 -1.08062513e-01
 -1.08519509e-01  8.81114900e-02  3.92065272e-02 -1.78143457e-01
  4.42483835e-02  9.52203721e-02  1.88398138e-01  1.57137401e-02
  2.45815869e-02 -7.98826590e-02  9.64557603e-02 -7.61069506e-02
  1.79516390e-01  8.47445242e-03 -2.14491282e-02  5.20991683e-02
  1.87321037e-01  6.73014447e-02  1.09045371e-01  5.46579361e-02
  1.19635500e-01 -6.80137575e-02  1.72759630e-02  1.81991123e-02
 -1.16031066e-01  8.08792561e-02 -2.63211541e-02 -2.09306926e-02
 -4.52905297e-02 -1.31716192e-01 -2.07937285e-01 -2.67562941e-02
  4.60308604e-02  4.56177816e-02 -7.83519521e-02  7.22331628e-02
 -5.13731577e-02  3.01338527e-02 -1.72894299e-01  1.69127788e-02
 -1.64701700e-01 -1.09017558e-01  5.50701730e-02 -5.60399108e-02
  4.11929563e-02  1.67302817e-01  6.72016339e-03  1.90345973e-01
  1.13269374e-01 -9.62721556e-02 -5.95760951e-03 -5.33788130e-02
 -1.26822725e-01 -1.38745323e-01  2.29341492e-01  7.59859309e-02
 -7.86953941e-02 -2.31568478e-02 -3.56438980e-02 -3.56681109e-03
 -7.89367408e-02 -1.86544396e-02  9.88694727e-02  1.19816542e-01
 -2.92184502e-02  4.15201969e-02  9.51531976e-02  3.92881632e-02
 -1.49392639e-03 -7.39972340e-03  4.58126590e-02 -1.05292827e-01
 -4.09799488e-03  5.95651120e-02 -7.41270697e-03 -7.35894442e-02
 -5.65732196e-02  9.28054284e-03  1.87300537e-02 -2.17722561e-02
 -1.14585251e-01 -1.08058713e-01  8.26270407e-05 -1.80335212e-02
 -8.44234899e-02  5.36930338e-02 -5.50949611e-02  2.10394487e-02
 -6.41558021e-02 -1.11979797e-01  3.25182676e-02 -5.62838092e-02
 -4.33315076e-02  2.45502703e-02  2.43137944e-02 -4.19450626e-02
 -1.25226527e-01 -6.53549358e-02  7.53523856e-02  4.51387614e-02
  1.57188460e-01 -6.32695630e-02 -2.97558587e-02  9.79984105e-02
  4.97370213e-02 -5.03843427e-02 -2.34546512e-02  9.18973908e-02]