[ 0.01651721  0.06214384 -0.10128658 -0.03244537 -0.04419193  0.08760565
 -0.18321811 -0.22860289  0.07714086 -0.06680109  0.15605663 -0.03135707
 -0.0011679   0.06019948  0.03356711  0.01856022 -0.04267618 -0.03415345
  0.09494361 -0.04752526 -0.01479689  0.16711242 -0.02285614 -0.03213501
  0.00902517  0.10421217  0.09897877 -0.07589442 -0.01285703  0.10282674
  0.0592563  -0.04563645  0.07634851 -0.0879752   0.09507012  0.17942661
  0.05896001 -0.06999271  0.17095749  0.10524846 -0.06051395  0.00118332
 -0.12837082 -0.0050834   0.01883903  0.12834315  0.04456791  0.01024279
 -0.0505546  -0.12365    -0.10071219  0.09490766  0.12797932  0.0151428
 -0.09608195  0.04943667 -0.00608434  0.01521746 -0.14442483  0.08880716
 -0.07742175 -0.00580066  0.16753337 -0.02419389 -0.00530372 -0.03456962
  0.10444006  0.11350759  0.10822444  0.02314508  0.07677773 -0.07900937
 -0.08211581 -0.18018769  0.10745533  0.01796256 -0.16652416 -0.04800894
 -0.12027241  0.10200912  0.10228956  0.11705814 -0.04216196  0.01088723
 -0.07980036  0.14563183 -0.01496568 -0.14263502 -0.18802713  0.01484439
  0.03928082 -0.05833622  0.0175838   0.15722482 -0.05813187 -0.06814422
 -0.10289072 -0.0600128   0.10603239 -0.01422912  0.02345407 -0.01214884
 -0.05933233 -0.10043274 -0.00050372  0.09418558  0.07489676 -0.04333694
 -0.10760295  0.07106665  0.03772178 -0.12750816  0.01174749 -0.04856948
 -0.04411638  0.06889046 -0.20656866 -0.02469184 -0.01334584 -0.04792447
  0.08109123 -0.11279367  0.00041482  0.00534628  0.05717921  0.10467195
  0.02574914  0.08357871]