[ 0.04986738  0.1121477  -0.0389046  -0.05482316 -0.01692793  0.13174537
 -0.10339908 -0.15448262  0.00262004 -0.07788871  0.14399722 -0.05483582
 -0.08964872 -0.02486291 -0.00692814  0.05054242 -0.10718361 -0.00608552
  0.07466017 -0.13538982  0.05941456  0.18236022 -0.00054612 -0.12203554
  0.03236607  0.05142599  0.10573747 -0.04628639  0.05621435  0.07013283
 -0.00191903 -0.13604732 -0.00098572 -0.08647995  0.12684426  0.06951075
 -0.01551245 -0.09404013  0.2050115   0.12741664 -0.09333799  0.00744256
 -0.11369274  0.02084805  0.01809857  0.15203822  0.02215142 -0.04741736
 -0.12944482 -0.08386451 -0.06554385  0.20203358  0.02093017  0.03385278
 -0.13680258  0.00329158  0.09509339  0.01746316 -0.20134275  0.12478983
 -0.01474073 -0.01340775  0.21460317 -0.00466272  0.04831493 -0.1011528
  0.02871925  0.10080563  0.09021715  0.15510733  0.09477903  0.00184494
 -0.06895047 -0.1328826   0.04380963  0.00346563 -0.13691469 -0.0283123
 -0.13997903  0.06462812  0.0686018   0.08809732  0.01746806  0.05354172
 -0.1199022   0.11153686 -0.02915235 -0.11897366 -0.16443218  0.02380008
  0.06664277 -0.06114136 -0.08422727  0.14139846  0.00027131 -0.07502981
 -0.04415356 -0.02344341  0.07313859  0.04162092  0.01409004  0.02835256
 -0.08360852 -0.07154792  0.05185831  0.06398501  0.11561237  0.03255038
 -0.05519497 -0.00081264  0.05690778 -0.10991389  0.02114925 -0.00444341
  0.05761103  0.10244612 -0.15144363  0.04793857  0.03959661 -0.0154967
  0.04623833 -0.10180052  0.03773891 -0.02652373  0.1122539   0.09014633
  0.09579352  0.06885199]