[-0.01719682  0.06036855 -0.04607024 -0.05345386 -0.07529754  0.06415761
 -0.1422082  -0.12430677 -0.00036055 -0.03939182  0.12024686 -0.03706574
 -0.07280786  0.01100578 -0.0139474   0.00324279 -0.09719864  0.00182742
  0.14157672 -0.105572    0.00403949  0.14690235 -0.01557041 -0.11860612
 -0.01739983  0.10545249  0.11250555 -0.08544692 -0.03577384  0.04469788
 -0.02823428 -0.17287853  0.05861674 -0.11477125  0.10792425  0.09929208
  0.00879219 -0.08403772  0.16095592  0.15532924 -0.09751207  0.02682114
 -0.13667968  0.01877856  0.01794635  0.16369244  0.04659932 -0.09546469
 -0.09939634 -0.10506354 -0.0669194   0.12764835  0.04681098  0.06253679
 -0.12179002  0.03941353  0.11294774 -0.03400077 -0.14783178  0.12774287
  0.0231089  -0.01344244  0.14053023  0.02257172  0.05314815 -0.13994077
  0.06572672  0.09526398  0.16322748  0.09221775  0.11531141 -0.04357145
 -0.04151256 -0.15851027  0.05788714  0.04685221 -0.19512483  0.00507994
 -0.12025641  0.02579577 -0.00548512  0.09443332 -0.00528993  0.07827637
 -0.13364035  0.14987467  0.00604933 -0.12777904 -0.15757227 -0.03635651
 -0.0125851  -0.03316427  0.01170196  0.10189579 -0.02747745 -0.0770404
 -0.04198836 -0.0407609   0.07138494  0.04233368 -0.01285015  0.03768344
 -0.06495985 -0.11196141  0.07674281  0.03462363  0.10414194 -0.01281379
 -0.14412877  0.03651045  0.02357083 -0.17220201  0.04643876 -0.06931371
 -0.02146396  0.09531562 -0.14965793 -0.03765035  0.00237503 -0.0906643
  0.03049834 -0.09823113 -0.00084697 -0.03764687  0.10436019  0.08991946
  0.04283609  0.10921665]