[ 0.08893976  0.10887026 -0.03016121 -0.05604941 -0.05330129  0.19800505
 -0.12619297 -0.12386825 -0.14661582 -0.03862892  0.13523522 -0.09656361
 -0.02949111 -0.01505791  0.0433853   0.02705406 -0.09535799 -0.05716877
  0.10556247 -0.1024837   0.02065301  0.13268356 -0.04902352 -0.06926241
  0.07083756  0.08493784  0.05579586 -0.01169883  0.07014593  0.0159311
  0.01203985 -0.11620157 -0.13779239 -0.06567685  0.06605219  0.09803634
 -0.0765513  -0.15360838  0.25546658  0.11297129 -0.07414537 -0.04251078
 -0.0967571  -0.0036061   0.05284485  0.08797222  0.05525878  0.03065292
 -0.17304099 -0.06985981 -0.03932299  0.17588799  0.02978794  0.0214191
 -0.13081078 -0.03657672  0.03640081  0.07850763 -0.09113851  0.03063906
 -0.00643938  0.10165142  0.21062596 -0.00339495 -0.05868381  0.04906224
  0.09086712  0.09308299  0.08399181  0.06533981  0.04464252  0.05365624
 -0.03987176 -0.05731854  0.08199315 -0.0762596  -0.12331542 -0.06931631
 -0.04824613  0.17451194  0.13845925  0.0363029   0.04710178 -0.03963993
 -0.1116959   0.10758652 -0.02532648 -0.11848582 -0.10139374  0.01513881
  0.10149024 -0.00312934 -0.03235977  0.18281122 -0.07193459 -0.08234286
  0.00161024 -0.00993681  0.03023934 -0.02582256 -0.00188273  0.06416164
 -0.07079891 -0.05707749 -0.02412607  0.1447828   0.07402998  0.06691765
 -0.05488405  0.00884447  0.1345382  -0.04207213  0.01678894 -0.01237641
  0.04169343  0.07221822 -0.17060401  0.0810517   0.030154   -0.0632566
  0.02340593 -0.18728799  0.07920968 -0.06461367  0.03137515  0.09778297
  0.06414124  0.06162395]