[ 0.00061357  0.14707628  0.10243316 -0.03159615  0.07853331  0.03254547
  0.04347481 -0.0436699  -0.06377566 -0.07381503  0.00086893 -0.09091298
 -0.11454095 -0.03490108  0.05340314  0.01734799 -0.07967469 -0.07144162
  0.04879951 -0.09703257  0.08461156  0.10543934 -0.09640061 -0.17846566
  0.0787157   0.00478613 -0.12861778 -0.02455464  0.1188224   0.03175643
 -0.01972413 -0.13564527 -0.07757243 -0.09342923  0.14382337  0.04615219
  0.0193871  -0.09267577  0.10961313  0.01268285  0.02175723  0.0837693
  0.01516669  0.00490422  0.0390781   0.32207319  0.08043229 -0.10062974
 -0.14755355 -0.14871024 -0.14136857  0.13982283 -0.04313351  0.00752993
 -0.01246546 -0.03157223  0.02225595 -0.02381577 -0.12824324  0.07867231
  0.09557354  0.02833004  0.02763904  0.04751989  0.09042469 -0.08365525
  0.02608211  0.07420427  0.16961092  0.07046806  0.16867441  0.09098963
  0.02031549 -0.10640555  0.03855065  0.09978068 -0.15841363  0.10902424
 -0.02891456 -0.03213945  0.01486666  0.15716514  0.008713    0.1340542
 -0.02378426  0.07798816  0.00783388 -0.00037141 -0.14716262  0.003485
  0.09113673  0.0246494  -0.09323408  0.00403127 -0.06597937 -0.10174184
  0.07234935 -0.01961342  0.01663567  0.03878057 -0.06811818  0.04222925
  0.00522518 -0.12163549 -0.11486442  0.06860105  0.08292446  0.13438664
  0.0117237   0.04505742  0.09720526 -0.17497267 -0.1196812  -0.05517596
  0.06788066  0.07430864 -0.16599688 -0.04940968 -0.09083353 -0.078541
 -0.04577908  0.08668767  0.01651891  0.06022515  0.06406155  0.052949
  0.07454663  0.00736585]