[-0.02431521  0.15790716  0.03261497 -0.09509949  0.02750056  0.09384567
  0.03069064 -0.12652044 -0.08044355  0.01435845 -0.01290705 -0.05988596
 -0.06631131 -0.01895798  0.0839299  -0.07135665 -0.10880622 -0.0812574
  0.09911813 -0.12532188 -0.0527365   0.12492053 -0.13435306 -0.07092164
  0.04225594  0.02504322 -0.03966986  0.02082339  0.08252563  0.07617222
 -0.019991   -0.18696284 -0.08637135 -0.1138916   0.14854906  0.04615907
 -0.01945726 -0.17146733  0.10651369  0.03179204  0.00643195 -0.01301803
 -0.00207509  0.0364286   0.02815576  0.28851753  0.04558298  0.03165336
 -0.15763369 -0.14094572 -0.09594033  0.08850367  0.05868382 -0.0742346
 -0.02025063  0.03930202 -0.09667916  0.1095501  -0.13166761  0.0951928
  0.02596666  0.09935171  0.11298344  0.03999548  0.05985496  0.01554169
  0.01824549  0.04273291  0.02153995 -0.02481734  0.12379314  0.03184746
 -0.01357716 -0.11530552  0.07060088  0.12751317 -0.13455947 -0.02221804
  0.0512564   0.03490536  0.0830494   0.04032712 -0.00070377  0.10568596
 -0.06831238  0.0053987  -0.0011324  -0.08256209 -0.09836233  0.08494399
  0.04997174  0.00349119  0.02159336  0.07698123 -0.09924453 -0.07188993
  0.04933779 -0.08923859  0.08157017 -0.00522142  0.02258466  0.09813328
 -0.0249919  -0.18116887 -0.16242512  0.09702842  0.0566391   0.0452754
 -0.07821224  0.096537    0.23459695 -0.14357449 -0.03314039 -0.05389415
 -0.02698176  0.09533908 -0.1901131   0.08131034 -0.06558038 -0.04817487
  0.00557827 -0.13519254 -0.03479952 -0.0283052   0.01562397  0.14312737
 -0.01265875 -0.04654202]