[ 0.09579436  0.17829053  0.04872353 -0.04139468  0.03193529  0.0910451
 -0.0042931  -0.1903104  -0.07308175 -0.06568287  0.11922647 -0.07216286
 -0.04744612  0.07242869  0.01220378 -0.0486207  -0.07249175  0.1135101
 -0.03302142 -0.08733633  0.03631735  0.20559381 -0.04374859 -0.12311308
  0.01743351 -0.04967527 -0.05298704  0.09624556  0.05552334  0.12076318
 -0.10951184 -0.12840657 -0.09013701 -0.07182464  0.17224643  0.02529837
 -0.04254983 -0.10317068  0.12643255  0.07529458 -0.09849553  0.11547191
 -0.0299412   0.04753783 -0.05995383  0.15526012  0.02146621  0.00881278
 -0.10272905 -0.00077232 -0.00168032  0.18659233 -0.09113696  0.05967037
 -0.10075968 -0.05842443  0.00921092  0.02736438 -0.09918297  0.07013676
  0.04063933  0.06066689  0.13810995  0.06343208 -0.02218585 -0.07737534
  0.04090839  0.06310892  0.03905658  0.15855993  0.20125267  0.02474513
  0.12190084 -0.06423651 -0.05075875 -0.01220016 -0.15326269 -0.10970046
 -0.0547485  -0.04325723  0.1717158   0.13444006 -0.01145073  0.02831314
 -0.05301286  0.05302509 -0.06811377 -0.12447271 -0.09008005  0.11086998
  0.08065204 -0.08256301 -0.04943836  0.00729048 -0.05506712 -0.16769208
 -0.04732234 -0.004351    0.04436376  0.02189862  0.01405222  0.16658665
  0.05903155 -0.09462    -0.05384471  0.07883608  0.08432171  0.07744257
  0.01743786  0.06797428  0.18074699 -0.1318859  -0.0380433   0.09330828
 -0.04250155  0.04826942 -0.07638636  0.08132999 -0.03173639 -0.11467932
 -0.0127288  -0.06601024  0.01581036 -0.00657965  0.09794565  0.0065988
  0.11483941  0.01915328]