[-4.18966524e-02  1.72935054e-01  6.54550865e-02 -2.92822085e-02
 -2.99116615e-02  1.01765662e-01 -8.12922642e-02 -8.47271755e-02
 -1.96887124e-02 -7.07156137e-02  1.89283071e-03 -6.90985322e-02
 -1.46626353e-01 -1.11472853e-01 -1.87398549e-02 -5.48669994e-02
 -1.61419332e-01 -1.06211849e-01  1.16703138e-01 -9.44242254e-02
  4.12881970e-02  8.79326612e-02 -5.53210750e-02 -9.42265540e-02
  5.05251139e-02  1.59002841e-02 -2.34054793e-02 -6.37497231e-02
  5.57669587e-02  1.54647650e-02  2.00650264e-02 -2.43689224e-01
 -5.58193699e-02 -1.06699169e-01  1.35989025e-01  5.48793972e-02
 -9.63387173e-03 -1.05386011e-01  1.15180500e-01  8.64932761e-02
 -3.89669389e-02 -6.61653420e-03 -9.82429013e-02 -2.64439210e-02
  6.82467669e-02  2.47513920e-01  8.02404135e-02 -6.28161952e-02
 -1.28858387e-01 -5.25104851e-02 -1.05571568e-01  2.29984924e-01
  5.56929186e-02  1.20120347e-02 -2.72243582e-02 -1.63931716e-02
  1.11271903e-01 -4.67237942e-02 -1.41069084e-01  1.47517351e-02
  7.75556788e-02  7.56399259e-02  1.05663210e-01  2.95915771e-02
  4.28814664e-02 -1.32723778e-01  8.53511170e-02  4.90331613e-02
  1.28716722e-01  1.11322738e-01  1.07784845e-01  4.89979871e-02
 -4.36030887e-02 -6.80139437e-02  9.18956101e-02  6.97523728e-02
 -1.80191875e-01  7.27070644e-02  1.75931651e-04  1.03549689e-01
 -3.85487564e-02  1.14814967e-01  5.36832139e-02  1.47929862e-01
 -3.27115692e-02  6.90496117e-02 -1.68596879e-02 -1.21109718e-02
 -1.00421362e-01 -1.20705226e-02  3.71767692e-02  2.15971600e-02
  3.48864682e-02  9.24128816e-02 -8.80630910e-02 -1.57386050e-01
  6.66077286e-02 -1.94205362e-02  3.16034444e-02 -1.09910592e-02
  1.45678986e-02  7.78141841e-02 -8.37615132e-02 -1.29757896e-01
 -2.27232110e-02  6.67041540e-02  1.22866035e-01  6.34373352e-02
 -6.81993216e-02  9.35241655e-02  1.21486589e-01 -1.33061916e-01
 -3.30138393e-02 -5.67599349e-02  3.37186968e-03  1.29581675e-01
 -1.79737702e-01 -9.57078580e-03 -3.32818255e-02 -4.44039628e-02
 -2.03171056e-02 -9.28715244e-03 -3.93417152e-03 -5.58773391e-02
  4.42681648e-02  1.22508846e-01  9.41061378e-02  6.37239292e-02]