[-0.03337739  0.10296927  0.18019056 -0.03214754  0.05622465  0.09230971
  0.02589957  0.07390861 -0.1764612  -0.02026335 -0.09123443  0.02065098
  0.05858875 -0.07702562  0.10864162 -0.05810414 -0.15735969 -0.03076963
 -0.04404277  0.09900994  0.04875654  0.02727884 -0.01780144 -0.00158678
  0.0278818  -0.12946434 -0.15209267  0.04236643 -0.03192126  0.07800563
 -0.05187703 -0.13856982 -0.02262625  0.07037035  0.06844331 -0.02392062
  0.04127412 -0.13509224 -0.03578608 -0.04736455  0.0619001  -0.09299587
  0.24220626 -0.00426872 -0.08182383 -0.02083557  0.16286814 -0.01616799
 -0.10016196  0.20307884  0.06400909 -0.1579112  -0.07976967  0.09811395
  0.16035978 -0.00473543 -0.10803023 -0.04904587 -0.00706783 -0.071467
 -0.00192464  0.08705907 -0.0882481  -0.03602121  0.03671833  0.01984935
 -0.03906056 -0.12912749 -0.16851141 -0.09548409  0.04413554  0.08356003
  0.03976646  0.01711001  0.06574895  0.11186928  0.02138389 -0.04661652
  0.17832828  0.08748867  0.08237857 -0.10052144  0.08079431  0.18172695
  0.00337878  0.05307076 -0.02646343  0.05379178  0.09488375  0.16922164
 -0.00182697 -0.08172239 -0.03099418  0.01990239 -0.21762979 -0.03394364
 -0.04087538  0.13616315 -0.07482599 -0.01010158 -0.01411364  0.10337638
  0.03721652 -0.05052834 -0.08665421  0.12116459 -0.05021873  0.12972192
 -0.03972913  0.04553584  0.01844233 -0.06198018 -0.08603568  0.02340891
 -0.11066788  0.01616084  0.09643982  0.13087565 -0.12353679  0.08708997
  0.02672434 -0.04544245  0.01999962 -0.03475177 -0.00921709  0.0320148
  0.11386219  0.00321379]