[ 1.11229144e-01  8.84523019e-02  6.73135519e-02 -8.81919339e-02
  7.59571567e-02  6.46367222e-02  4.13692296e-02  1.43738329e-01
 -1.78978786e-01 -2.24878937e-02 -1.01460470e-02 -4.09598760e-02
  1.54731438e-01  6.43200576e-02  1.08675674e-01  5.25381006e-02
  4.35895994e-02  1.20446575e-03 -1.75466821e-01  1.32582858e-01
  8.60910714e-02  8.35586637e-02  6.39144629e-02 -2.98011620e-02
 -6.31186143e-02 -1.42719448e-01 -1.04691125e-01  7.30561763e-02
 -1.55608999e-04  8.53138193e-02 -1.21464871e-01  3.25497575e-02
  1.30789010e-02  1.47834286e-01 -4.82042357e-02 -2.15795692e-02
  6.54771850e-02  3.81331667e-02 -7.65638128e-02 -7.72385718e-03
 -4.84126508e-02 -1.13186624e-03  1.88431740e-01 -9.45063215e-03
 -8.79799426e-02  1.37056978e-02  1.00019388e-01  6.87537389e-03
 -1.29317060e-01  2.30910629e-01  1.13356724e-01 -1.08535640e-01
 -1.78768694e-01  1.37316376e-01  7.93347359e-02 -5.94917983e-02
 -5.46836480e-02 -3.32417265e-02  7.61225447e-02 -6.90841824e-02
 -3.65733393e-02  2.80034654e-02 -9.66542959e-02 -8.22095051e-02
 -3.66708413e-02 -4.06680349e-03 -5.71247749e-02  2.62978859e-02
 -1.35195196e-01 -5.81604689e-02  6.49745837e-02  1.05766319e-02
  5.06292284e-02 -1.36235803e-02  9.48849414e-03  5.82896136e-02
  7.03319013e-02 -5.38684241e-02  8.29669982e-02  1.11007551e-03
  1.39874265e-01 -8.93796831e-02  1.42148859e-03  3.88889313e-02
  2.05453718e-04  9.04885605e-02 -4.84581217e-02 -2.98667643e-02
  9.99018997e-02  1.97914690e-01  1.16956970e-02 -1.69498250e-01
 -1.54597744e-01  8.28581688e-04 -9.18170959e-02  4.42331545e-02
 -4.15804237e-02  1.24261685e-01 -9.92014557e-02  2.64990469e-03
 -1.56137245e-02  9.83009189e-02  7.17358440e-02  1.04184560e-01
 -1.58664867e-01  5.18129878e-02 -1.78923085e-01  1.13972932e-01
  4.10278775e-02 -1.01496391e-01  1.70841150e-03  3.89603749e-02
 -1.08653568e-01  9.47707295e-02 -4.78090420e-02 -1.52197834e-02
  8.21621791e-02  2.51984280e-02 -8.70669112e-02  8.84795040e-02
  1.00018941e-02  2.23496091e-02  1.07669041e-01  1.00431092e-01
  6.01439551e-02 -1.10356674e-01  1.04421869e-01 -6.90927133e-02]