[-0.03022004  0.10920341  0.09309996 -0.16917731  0.08261217  0.01460724
 -0.06376883  0.11567575 -0.20688613  0.10345747 -0.04602968 -0.04822847
  0.09241328  0.16125278  0.19903238  0.0344284   0.06434509 -0.00824006
  0.01430153  0.08121905 -0.02053982  0.11212058  0.06270666 -0.0019645
 -0.02046885  0.02740861  0.03736056  0.12971498  0.09166382 -0.00303537
 -0.1019638  -0.01942404  0.07572597  0.09851091 -0.0220505   0.06918187
  0.13891847  0.05695597 -0.04358353 -0.00382486 -0.00294401  0.0096548
  0.20964317 -0.00800965 -0.12239896  0.08053377  0.16457982  0.03754672
 -0.10465781  0.11465807  0.07402152 -0.05913003 -0.17703299  0.10860752
  0.15636019  0.02219994 -0.02969256 -0.00730017  0.05808723 -0.09881193
 -0.05474911 -0.01429028 -0.07884829 -0.02014799  0.00898645  0.07568631
 -0.06141395  0.0557513  -0.01433385  0.06118225  0.00889897  0.03805073
  0.01761615  0.01553099  0.13987443  0.02085309  0.01536495  0.10766517
  0.12149092 -0.15607098  0.10764344  0.07338465  0.04798029  0.05214836
  0.03900781 -0.0250201  -0.01740804  0.11525393  0.15161486  0.18783571
  0.03250552 -0.04980889 -0.07416626 -0.01847074 -0.01513094 -0.0105619
 -0.02147899  0.1839132  -0.03349427 -0.08543883 -0.08074063  0.06646014
  0.09350836  0.01544384 -0.16671517  0.08519311 -0.19554745 -0.02517552
  0.08172139 -0.10981919  0.03019431  0.07632919 -0.06125953  0.08311532
 -0.00785439 -0.08314431  0.10752327 -0.13965474 -0.08468018  0.03933156
  0.11474578  0.02865922  0.11130917  0.05023397 -0.0767253  -0.03825588
  0.10084917 -0.00602659]