[ 0.00857527  0.15641035  0.0720479  -0.12435119  0.10305011 -0.01213311
 -0.01234491  0.04431773 -0.14407703  0.02859926 -0.01373504 -0.09042551
  0.04319337  0.20441566  0.17439498  0.02785746  0.09430303 -0.03066542
  0.01380138  0.04043053  0.02137717  0.11095873  0.01570903 -0.10877413
  0.00541933 -0.05752779 -0.04084034  0.14047401  0.09049012  0.06538761
 -0.13977666 -0.01498917  0.11114486  0.04085589  0.03922975  0.08618049
  0.16104719  0.01236665 -0.02711226 -0.0609022  -0.02183471  0.04258979
  0.18789412 -0.08258753 -0.07687827  0.29354662  0.12352019 -0.00036912
 -0.16815835  0.00530259 -0.04464186  0.05693432 -0.10331326  0.09861386
  0.11990684  0.01080097 -0.02628192 -0.0757781  -0.03716572 -0.00243979
 -0.00745503  0.02711743 -0.09396804 -0.03189266  0.04015858  0.10412279
 -0.07577677  0.12157746  0.00538576  0.04352575  0.10407948 -0.02303804
 -0.00942825 -0.11924869  0.13872473  0.15240806 -0.00077717  0.06612837
  0.06830255 -0.1783583   0.06258593  0.08753555 -0.02441942  0.09287792
  0.02456059  0.08539346 -0.07308126  0.0297463   0.02251425  0.23025773
  0.07032659 -0.08040281 -0.09407636  0.01064656 -0.04497368 -0.04423839
 -0.00599292  0.12217666  0.01783126 -0.05622772 -0.01325273  0.07513031
  0.097712   -0.0682263  -0.19508214  0.12457705 -0.10248129  0.04315042
  0.04924907 -0.09184542  0.05119679 -0.071832   -0.0799939   0.01832917
  0.01795899 -0.03533222 -0.01013135 -0.11081679 -0.07002728  0.03345309
  0.05484492  0.02073563  0.07169602  0.10811827  0.03823167  0.01242235
  0.14817859 -0.03472205]