[ 0.02758328  0.12042984 -0.06073523 -0.14728388  0.01552883  0.11113828
 -0.10851524 -0.06444372 -0.12588853  0.04940471  0.09405243 -0.02744521
  0.0183693   0.16883381  0.1355734   0.0066037   0.01536868 -0.07534893
  0.12539011 -0.00186857 -0.0880044   0.2110931  -0.01472798 -0.01387119
 -0.04669913  0.06475475  0.15574707  0.08658791  0.02167719  0.06198857
 -0.12777612 -0.12276547  0.05568233  0.0008829   0.01517251  0.20272832
  0.10504501 -0.10750847  0.03371148  0.1363665  -0.05877463  0.01200742
  0.03559477 -0.02157835 -0.07315607  0.22966178  0.12526563  0.04044757
 -0.12971173  0.03887325  0.01349693  0.08775628 -0.0921661   0.08966554
  0.08810535  0.06668387 -0.05443886  0.05602564 -0.07413344  0.1125398
 -0.08608423  0.0307021   0.11171135 -0.08490527  0.03471173 -0.00648763
  0.01040136  0.11613566  0.04380473  0.13152729  0.09099112  0.01236542
 -0.03319816 -0.07842328  0.1676705   0.09106354 -0.0430948   0.08053911
 -0.01369246 -0.11074707  0.14835057  0.07068569 -0.00062811  0.03599351
 -0.11344112  0.09874018 -0.02647351 -0.06857857 -0.04363546  0.18852714
  0.05401595 -0.09689823 -0.04598043  0.10074436 -0.01006492 -0.03575567
 -0.01381933 -0.00688715  0.10620816 -0.04687497 -0.02944317  0.09118506
 -0.00032818 -0.12573522 -0.14185372  0.14905868 -0.09902696 -0.062193
 -0.1244166  -0.02040805  0.11330477 -0.04356999  0.06920372  0.00503343
 -0.03724175  0.01511921  0.00034854 -0.06484251 -0.04422579  0.02041351
  0.11693466 -0.1399264   0.11392435  0.04922503  0.00211228  0.10132521
  0.08884376  0.02930545]