[ 0.03868672  0.07572582 -0.05946832 -0.09173822 -0.03756954  0.0085851
  0.04551573 -0.03569036 -0.06533901  0.09271529  0.12858109 -0.0201798
  0.00100873  0.21249393  0.10932817 -0.03494206  0.04667138 -0.07183519
  0.14175709 -0.10680982 -0.11570056  0.18069054 -0.08932043 -0.07528039
 -0.04258614  0.0760409   0.17514871  0.09984942  0.03247124  0.1056238
 -0.15576021 -0.10582926  0.05274563 -0.05607215 -0.01172224  0.10854835
  0.05535464 -0.06791507  0.01862528  0.17729455 -0.07301396  0.0458869
 -0.02577044  0.03233575 -0.05502364  0.22910622  0.00078179 -0.0719486
 -0.04964341 -0.13271551  0.05809838  0.13657552 -0.11571622  0.04861708
  0.01933813  0.10667141 -0.08445395  0.0877078  -0.06699859  0.22701389
 -0.04463127 -0.12390535  0.07224536 -0.04984717  0.09039384 -0.06687933
  0.02771649  0.06816432  0.08339749  0.10725441  0.11846706 -0.00379081
  0.00154641 -0.11086021  0.07716493  0.102275   -0.02045038  0.07935238
 -0.09408842 -0.14134498  0.06937037 -0.00604459 -0.00107241  0.0355418
 -0.09045264  0.01085656  0.03109246 -0.14731708 -0.07317906  0.08902299
 -0.06356064 -0.09695538 -0.03384716  0.03339407  0.02746642 -0.02765197
  0.04795445 -0.1387911   0.19359717  0.06121446 -0.07468694  0.14411031
  0.04036327 -0.09203877 -0.12976195  0.03797486 -0.04134151 -0.05381612
 -0.11187595 -0.05930863  0.0788658  -0.11685378  0.03173139 -0.02879491
  0.00095696  0.02060529  0.0301505  -0.06122066 -0.02491008 -0.04176315
  0.05123139 -0.13556999  0.02855347  0.06646337  0.1306428   0.07241153
  0.03597179  0.03470209]