[ 0.06534425  0.21097898  0.02772693 -0.07426031 -0.07380678  0.0564938
 -0.0347513  -0.03744711  0.01573827  0.05670112  0.21059732 -0.11102577
 -0.02763762  0.1118976   0.12036108 -0.07185254  0.01649987  0.05307033
  0.00581454 -0.08632323 -0.06240651  0.2142399  -0.01972278 -0.03675587
 -0.00547542 -0.05464727  0.17467269  0.15923622  0.09622765  0.06016566
 -0.08787055 -0.16054904  0.06253101  0.01267168  0.05453052  0.05667408
  0.05893871 -0.00195074  0.00989529  0.14546256 -0.10868836  0.02549781
 -0.06420595  0.07772036 -0.08844659  0.0602803  -0.0145471   0.01714393
 -0.07768407  0.02198017  0.07046102  0.22112603 -0.1669991   0.05088945
 -0.0712781   0.03949954 -0.07921813 -0.00266971 -0.06022667  0.05343907
 -0.11572117 -0.13002279  0.11211378 -0.02837152 -0.01591534 -0.03075624
  0.07200272  0.00971945 -0.01560128  0.21343057  0.10149297 -0.04669992
  0.05576773 -0.04039978  0.04616691 -0.10436717 -0.05104335  0.00965743
 -0.07800344 -0.10358796  0.09613307  0.05233676 -0.00567337 -0.03719425
  0.01142351  0.00066167 -0.07479569 -0.12848242  0.02917863  0.17977601
  0.02547443 -0.16164836 -0.07076177  0.0039206   0.05394866 -0.1280189
 -0.0521003  -0.05541177  0.08711214  0.00679726 -0.0462686   0.16146588
  0.05863372 -0.07388141 -0.06732757  0.07298703  0.04060508 -0.06676053
  0.0582063  -0.08088314  0.11295391 -0.00087299  0.01240066  0.11389296
  0.00816727 -0.06227733  0.05723104 -0.04720519  0.07547937 -0.05224944
  0.08613774 -0.10512914  0.03105049  0.1012423   0.18820617 -0.04320972
  0.20000741  0.02507718]