[-0.00247576  0.21530707 -0.11008817 -0.12399638 -0.04681759  0.10605001
 -0.15153749 -0.11469995 -0.07914827  0.03251015  0.0745492  -0.07260126
  0.00417779  0.10063398  0.07115041  0.03929124  0.00726716 -0.07206235
  0.11050798 -0.0524832  -0.06847738  0.1552318   0.00374558  0.02925378
 -0.01237947  0.03194935  0.19375765  0.03464494  0.04297335  0.09680962
 -0.06422111 -0.10078488  0.06428178 -0.00687687  0.00815652  0.16801313
  0.08332156 -0.10891136  0.02246912  0.1471338  -0.12625609 -0.06529882
  0.03603055  0.04402294  0.01755847  0.26533514  0.17144266  0.04319061
 -0.19689453  0.0126792   0.03254835  0.1067967  -0.01921382  0.01905191
  0.01271437  0.09913725 -0.04438236  0.0692726  -0.00658226  0.05286044
 -0.06838289  0.0272049   0.14011621 -0.09673309  0.03588518 -0.05651156
  0.00692236  0.0611285  -0.00255741  0.14297259  0.01130773 -0.03922018
 -0.10340434 -0.12238415  0.14948446  0.05521944 -0.03317031  0.10116149
 -0.06803711 -0.0522339   0.11211923  0.04978288 -0.07717178  0.00259268
 -0.13296849  0.11535658 -0.09347294 -0.16785423 -0.07390288  0.17189267
  0.00928152 -0.10929552 -0.05838831  0.07012302  0.0564225   0.05612766
 -0.01653279  0.02611966  0.1416629  -0.04094174 -0.03615779  0.06728359
 -0.03933098 -0.04473291 -0.14056867  0.09830614 -0.11244208 -0.02182229
 -0.14788401 -0.03498705  0.10517575 -0.02081877  0.05370493 -0.03234821
 -0.03581073  0.0340301  -0.04643179 -0.07303722  0.03352467  0.05469301
  0.10836835 -0.12014718  0.08493531  0.05385877  0.00699254  0.07141066
  0.04107849 -0.01897337]