[ 7.80218765e-02  1.43385917e-01  1.12472996e-02 -6.43672124e-02
 -3.04946881e-02  1.01389199e-01  1.14566945e-02 -1.72301352e-01
 -6.00911081e-02 -1.87329892e-02  1.56711578e-01 -1.30575048e-02
 -2.78934091e-02  1.25293612e-01  8.79084691e-02 -2.87001152e-02
 -9.30366963e-02  3.84695362e-03 -1.22705568e-03 -1.12984970e-01
 -6.95067570e-02  2.41757646e-01 -4.01537307e-02 -7.69905630e-04
 -1.21134249e-02  2.34330967e-02  9.55878496e-02  7.16352090e-02
  4.71551493e-02  1.17379881e-01 -1.07769877e-01 -7.27664828e-02
 -5.60969822e-02 -3.56125236e-02  3.64309587e-02  8.39916021e-02
 -5.28824665e-02 -7.93066993e-02  6.83705062e-02  2.33790725e-01
 -6.77739978e-02  4.05444577e-02 -8.73536095e-02  5.17298579e-02
 -7.24115670e-02  1.65903345e-01  3.03764008e-02 -2.39809509e-02
 -9.30043459e-02 -1.46156279e-02  7.98811093e-02  1.71467498e-01
 -1.01393193e-01  3.62814255e-02 -4.73197773e-02  3.16635892e-02
 -4.62571122e-02  1.64697304e-01 -6.93822727e-02  1.78953588e-01
 -8.79754201e-02 -9.17304773e-03  1.65004611e-01 -9.14199773e-05
  8.42204224e-03 -6.07076660e-02  6.40316755e-02  4.60954979e-02
 -9.03903600e-03  1.92913026e-01  1.39775708e-01  4.38050814e-02
  5.38068190e-02  2.96806241e-03  8.12966600e-02 -1.87128165e-03
 -1.19366109e-01 -8.26694742e-02 -1.16108015e-01 -1.82837099e-02
  1.96002305e-01  4.71855327e-02 -5.61097637e-03 -3.26764248e-02
 -1.35065958e-01  3.27577032e-02  4.20023128e-03 -2.08213508e-01
 -1.64216429e-01  1.04527570e-01  1.70829464e-02 -1.08378544e-01
 -4.24664281e-02  2.07147412e-02 -1.26326224e-02 -4.32737395e-02
 -3.49048190e-02 -8.26861113e-02  1.89366773e-01  3.83104868e-02
 -5.40553182e-02  1.31155208e-01  2.93008145e-02 -3.29932347e-02
 -1.00675985e-01  5.95959723e-02 -4.08153757e-02  2.90087759e-02
 -4.16061655e-02 -4.28458937e-02  1.73923790e-01 -1.05386991e-02
  1.02343317e-02  1.35036763e-02 -3.06433029e-02  7.23675266e-02
 -1.44563569e-02  4.33736779e-02  2.58563198e-02  1.51407346e-03
  9.16215032e-02 -1.44382730e-01  2.22718604e-02  2.19792202e-02
  7.97955319e-02  7.75548741e-02  6.66363686e-02  4.30501997e-02]