[ 5.58441617e-02  2.79040951e-02  2.22537741e-02 -7.43263066e-02
  6.26857355e-02  1.48866192e-01  5.03455140e-02  5.59887551e-02
 -8.12878758e-02 -1.97374135e-01 -3.29386145e-02 -1.13867586e-02
  5.21169901e-02 -7.45538399e-02  4.29921923e-03 -1.36588309e-02
 -1.21464886e-01 -5.59955314e-02 -1.47802413e-01  1.84744243e-02
  1.69401601e-01 -6.05448429e-03 -3.45518813e-02  1.45560503e-01
  6.62524328e-02 -1.23279199e-01 -3.86670604e-02 -7.61232078e-02
  1.76248308e-02  4.13039140e-02  6.34694621e-02 -1.14688382e-01
 -1.30311295e-01  1.04571991e-01 -2.09709425e-02 -1.34523418e-02
 -7.86010697e-02 -8.15362856e-02 -4.78355847e-02  1.09131010e-02
  7.62402862e-02 -3.20910104e-02  1.13682956e-01  1.41297609e-01
  3.45227346e-02 -2.75699142e-02  1.25093088e-01 -1.05174629e-04
 -1.71548635e-01  6.57800063e-02 -8.37629288e-02 -2.19217509e-01
  6.82616048e-03 -1.38039012e-02  2.58820876e-02  4.30283397e-02
 -1.59783497e-01  2.46041894e-01  1.10002868e-02 -1.30835041e-01
 -1.59379486e-02  1.38586536e-01  1.15978062e-01 -2.07860265e-02
 -5.11579476e-02  4.55036797e-02 -1.06083928e-03 -4.54627052e-02
 -8.68083686e-02 -7.67967701e-02 -1.61402281e-02  3.91282961e-02
 -1.44525003e-02 -6.10137917e-02  5.08352406e-02  1.34106269e-02
 -1.58187710e-02 -5.54018728e-02  3.75477523e-02  1.28779978e-01
  5.98330908e-02 -1.91752315e-02 -2.25217752e-02 -6.58614933e-02
 -1.27072453e-01  1.05005570e-01  3.21484841e-02 -5.88071011e-02
 -7.25456923e-02  6.66651949e-02  1.54744238e-01 -1.48118913e-01
 -1.06795333e-01 -3.14991362e-02 -5.55376671e-02  1.03585936e-01
 -7.58321732e-02  4.85801101e-02 -9.97552183e-03  2.71289684e-02
 -7.09721223e-02 -4.59829532e-02 -1.28891440e-02  8.57551321e-02
 -1.98587865e-01  8.67956355e-02 -1.63981751e-01  1.56471223e-01
 -1.31483987e-01 -1.12477556e-01  1.40339732e-01  6.17146343e-02
 -1.20027080e-01  3.17231781e-04 -1.39483446e-02  1.16918363e-01
 -1.08701438e-01  6.66979104e-02 -2.38608383e-03  1.02200568e-01
 -6.86979154e-03 -1.37346890e-03 -3.60486358e-02  4.90223803e-02
 -1.01232477e-01  7.06906151e-03 -9.33342874e-02 -1.05143979e-01]