[ 0.08230609 -0.04673821  0.10081449 -0.03579132  0.05401956  0.10166624
  0.10461909  0.14628947  0.01409068 -0.27648911 -0.110116    0.05353914
 -0.08145706 -0.2265569  -0.03046947 -0.07284242 -0.17997481 -0.1087169
 -0.19998322  0.01256731  0.07843852  0.14090455 -0.0622013   0.02038984
 -0.04856908 -0.0748542  -0.08351883 -0.07602369 -0.05331808 -0.06478049
  0.02892815 -0.0977711  -0.153447    0.09681595  0.01062275 -0.07898641
 -0.07169411 -0.05325107 -0.12146877  0.06085474  0.13949609  0.04101243
 -0.01375518  0.1269442   0.02480308  0.00846935  0.02376276 -0.06948987
 -0.0859501   0.16128603 -0.0746178  -0.12025366 -0.03606322  0.00711856
  0.01801709 -0.06932232 -0.12500201  0.11234289 -0.06085055 -0.02764964
  0.02560781  0.08155023  0.03913051  0.049588   -0.04578205 -0.16182914
  0.0601954  -0.08333915 -0.01280649 -0.02068514  0.044606    0.02085904
  0.08835732  0.09057391 -0.0632504   0.00131164 -0.08255079 -0.0808882
  0.01065378  0.12782259  0.0690212   0.01884185 -0.0031708  -0.02250209
 -0.01269637 -0.01961842  0.08970907 -0.00646952 -0.10797689  0.04688648
  0.13979745 -0.06538486 -0.15816554 -0.06151488 -0.03889643  0.09723978
  0.06793573 -0.11412293 -0.07285947  0.06181596 -0.11011139 -0.009748
 -0.04011238  0.01623693 -0.17003419 -0.04486027 -0.09345274  0.12674364
 -0.11582385  0.01449817  0.19932264  0.02788415 -0.14225988 -0.01426126
 -0.01619979  0.05943537 -0.03599542  0.00882584  0.00139262  0.02180001
 -0.00767535  0.13928732  0.02148937  0.04127824  0.06299639 -0.11381515
  0.01695138 -0.11471512]