[ 0.0850085  -0.06563482  0.11085305 -0.02540953  0.02119093  0.0896228
  0.07797993  0.14315325 -0.02439573 -0.27668265 -0.10887481  0.00118201
 -0.06693144 -0.20740773 -0.00869199 -0.06946744 -0.16662145 -0.10843199
 -0.14727397  0.00512259  0.10125686  0.11132917 -0.1041623   0.04628227
 -0.0068592  -0.0655284  -0.08124558 -0.09033324 -0.05675566 -0.05442252
  0.04940407 -0.12787825 -0.17454347  0.07324307  0.04357271 -0.04868735
 -0.07453988 -0.10513391 -0.0889013   0.00711722  0.11798423  0.01736254
  0.01561451  0.15403235  0.0808636   0.02577437  0.04411959 -0.05659154
 -0.1090525   0.10111774 -0.09202925 -0.16068269  0.02217414 -0.01080068
  0.0193054  -0.05332162 -0.15467857  0.1059657  -0.01084749 -0.07342782
  0.06560198  0.09939521  0.01576485  0.07238399 -0.06976069 -0.12172798
  0.07059057 -0.10110504  0.02079137 -0.08892062  0.022858   -0.00151153
  0.0703778   0.00394346 -0.07331491 -0.01551649 -0.08361922 -0.05785402
  0.03932122  0.17336167  0.08622368 -0.00144855 -0.03911184 -0.06220865
 -0.01963007  0.00947312  0.06451596 -0.02856877 -0.11220045  0.04418135
  0.14621475 -0.02896697 -0.14410523 -0.05621408 -0.08395612  0.12558967
  0.07002994 -0.09991441 -0.0571362   0.03728157 -0.10405722 -0.00533157
 -0.03379895 -0.01611225 -0.1755618  -0.02953739 -0.07619596  0.13230598
 -0.13266827  0.02504802  0.18483765 -0.00470453 -0.16380604 -0.05658345
 -0.01506215  0.07155823 -0.06608265 -0.00053744 -0.03366577 -0.02866725
 -0.03390149  0.10477126  0.02414288  0.04302922  0.04097775 -0.108677
  0.00628144 -0.12353725]