[ 0.09927697 -0.10022459  0.06029936 -0.0171667   0.05574361  0.09209179
  0.05336498  0.04385291 -0.05666038 -0.21765974 -0.01528043  0.02008816
  0.04887017 -0.12001757  0.02515506  0.0144261  -0.16870178 -0.12575725
 -0.14431128  0.12033804  0.13743868  0.03207846 -0.041398    0.16066414
  0.00941478 -0.04906137 -0.04744132 -0.10601301 -0.01387141  0.03143658
  0.03167861 -0.06206192 -0.14045988  0.13264264 -0.00874157  0.03434834
 -0.06808846 -0.06405872 -0.05711958 -0.02744752  0.07935416 -0.07891663
  0.05112945  0.09423517  0.05970444 -0.02380898  0.08000179  0.05847874
 -0.09848021  0.1170604  -0.09564378 -0.22053738  0.0268142  -0.00365607
  0.12116057 -0.02708696 -0.19228977  0.17567888 -0.04837871 -0.04956684
 -0.00217604  0.0996026   0.09927947  0.02432479 -0.04840746  0.01394821
  0.00340666 -0.05747183 -0.05744403 -0.13404074 -0.06752665  0.02784932
 -0.02046684 -0.00134069  0.02969678 -0.03169097  0.04493918 -0.04189869
  0.07600377  0.21623309  0.16528058 -0.0874833  -0.05538046 -0.1057725
 -0.09094862  0.05280944  0.03612781 -0.00760268 -0.08032964  0.10134526
  0.20289479 -0.075133   -0.11600032  0.05203115 -0.14282997  0.14489491
 -0.05604853 -0.04742639  0.05138895 -0.00633318 -0.01068529 -0.05842334
 -0.07282848 -0.0040191  -0.13509737  0.07204045 -0.11513864  0.12659642
 -0.08268625 -0.03456451  0.11011671  0.09889573 -0.11322924 -0.02965702
  0.00146697  0.13497849 -0.0471795   0.09146566 -0.07748488  0.09777389
 -0.02404113  0.02053468  0.02360072  0.076306   -0.09520819  0.02823736
 -0.0268247  -0.1132478 ]