[ 3.89026627e-02 -3.00564673e-02  1.72087520e-01 -9.05065332e-03
  1.70928221e-02  9.91601422e-02  1.61364585e-01  1.00739405e-01
 -1.31632555e-02 -1.86351478e-01 -5.52492589e-02  2.77249347e-02
  2.77760308e-02 -1.59970000e-01  1.06285781e-01 -7.74642751e-02
 -2.24990070e-01 -1.19838499e-01 -1.67981952e-01 -2.88331434e-02
  7.85025284e-02  1.04488634e-01 -8.58688205e-02  8.80151764e-02
  1.55168556e-04 -1.17408067e-01 -1.26313582e-01 -8.58597383e-02
 -2.38954760e-02  2.76809633e-02  4.90216687e-02 -4.40682434e-02
 -1.26870275e-01  1.30298018e-01  9.63723194e-03 -6.17842525e-02
 -8.86642095e-03 -1.09744497e-01 -6.28472716e-02  7.90499374e-02
  2.08204627e-01 -9.17464644e-02  4.97602858e-02  7.01399148e-02
 -2.93897670e-02 -4.35656235e-02  2.94763483e-02 -3.77905965e-02
 -3.91193405e-02  6.73756301e-02 -3.79469395e-02 -1.83651134e-01
 -5.40501904e-03  3.54798473e-02  5.94789125e-02  1.06882416e-02
 -1.32400557e-01  1.01759516e-01 -5.79551160e-02  3.93124856e-02
 -3.28235477e-02  5.64378239e-02 -5.20751253e-02  1.11212758e-02
 -1.90548934e-02 -2.16226093e-02  7.30093941e-02 -1.45035058e-01
 -6.10023662e-02 -1.15749426e-01 -2.38938630e-02  4.76773269e-02
  2.51289196e-02  5.61871380e-02  6.37676939e-02  3.60659435e-02
 -4.26278673e-02 -8.30054954e-02  4.36685607e-02  1.86426267e-01
  1.17430970e-01 -9.96147841e-02  5.35224900e-02  3.27485166e-02
 -4.73348610e-02  7.45608583e-02  1.26748696e-01 -6.15659915e-02
 -1.78327292e-01  6.14001304e-02  1.16100729e-01 -9.88847315e-02
 -7.86299780e-02 -4.81241345e-02 -2.21706495e-01  6.45334348e-02
 -4.43375446e-02 -7.94081464e-02  5.15913814e-02  8.01083669e-02
 -4.26314287e-02 -1.26226963e-02  3.36218160e-03  5.10715172e-02
 -8.01847279e-02 -2.49137655e-02 -7.89908245e-02  1.97050020e-01
 -1.14780709e-01  3.77383642e-03  7.64171109e-02 -2.13091243e-02
 -1.57924354e-01 -8.19630176e-02 -6.54917210e-02  1.04789272e-01
  6.15786435e-03  1.06209122e-01 -6.81605786e-02  9.72071663e-02
  6.29682764e-02  1.91782638e-02 -6.66550547e-02  7.10716769e-02
 -6.78764516e-03 -1.94770582e-02 -4.91889790e-02 -1.95557699e-02]