[ 0.10545767  0.23662359  0.14692956  0.04986847  0.05488983  0.09368379
  0.01801587 -0.17330441  0.05589384 -0.03887835  0.11188023 -0.02132266
 -0.05647596  0.0587766   0.05544638 -0.04854648  0.05130731  0.04523997
 -0.15170729 -0.04379671 -0.00593847  0.16167556 -0.09312397 -0.00193774
  0.08245772 -0.15695548 -0.04908902  0.22498295  0.04901378  0.10531101
 -0.0208295   0.00964929 -0.07728492  0.06520934  0.06044054  0.02863908
  0.05249586 -0.07355168  0.07565134  0.01883061 -0.01825682  0.01984708
  0.0333509  -0.13573121  0.02307335  0.06852623 -0.05716693  0.04624145
 -0.06560414  0.0217901   0.0964101   0.21426655 -0.11208196  0.01325827
 -0.03649421 -0.03859121 -0.15491776 -0.00389598 -0.123257    0.06733625
 -0.02706307  0.01688925  0.01081817 -0.09942037 -0.01760742  0.05227831
  0.04811777  0.05673084 -0.16742814  0.19628648  0.13450497  0.03554124
  0.04520066 -0.01456181 -0.00300125  0.0180407   0.06297583 -0.05671703
 -0.04137608 -0.04988938  0.1130704   0.09655437  0.03834957  0.00896288
  0.04772941 -0.02520989 -0.08353063 -0.06379978 -0.0507435   0.21438549
  0.03771545 -0.17115375  0.00095368  0.13148341 -0.05605945 -0.09103626
 -0.03800788 -0.14551245  0.05610736  0.01511115  0.02324266  0.10676465
 -0.05027636  0.0179619  -0.04038608  0.09951771  0.03705128  0.00451918
  0.02211537  0.00325559  0.08417172 -0.02282876 -0.03608843  0.1828023
  0.02510403 -0.08726221 -0.0917671   0.1484085  -0.01343658  0.01337721
  0.01752127  0.03576276  0.02016382  0.05681438  0.2233765   0.0173907
  0.15928257 -0.11601987]