[-0.01198095  0.18772241 -0.0887953  -0.03245725 -0.01105062  0.02855893
  0.01231522 -0.22175692  0.07059407  0.02285505  0.13058178  0.04961053
 -0.07145767  0.02107502 -0.05452108 -0.00978262 -0.06975335  0.04961202
 -0.00312406 -0.08465379 -0.08360644  0.17522459 -0.15011457 -0.10926775
 -0.04221166  0.05881812  0.03493784  0.07896783  0.10026239  0.18277575
 -0.07901279  0.09040992  0.01369683 -0.07750162  0.04554421  0.06245838
  0.00911655 -0.1219996   0.1461734   0.15461154 -0.02845453 -0.02409779
 -0.0420073   0.00342678  0.0329861   0.13630623  0.0203026  -0.0197774
 -0.07086564 -0.13996424 -0.01899309  0.23264603 -0.04420111 -0.00464299
 -0.09947208  0.0658294  -0.0857079   0.04331381 -0.21703516  0.24014668
 -0.05992226 -0.04035529  0.1885519   0.00785957  0.0128668  -0.0636216
  0.03983737 -0.01854056 -0.01456157  0.08305221  0.09512701 -0.0596343
  0.00120608  0.01512632  0.02980932  0.03596514 -0.03896593 -0.05876293
 -0.17335749 -0.11376793  0.11226664  0.13655114 -0.03703446  0.07756336
 -0.0759097   0.09340335 -0.03220677 -0.16631356 -0.11328931  0.0814622
  0.00728764 -0.11182176 -0.05845517  0.11469126  0.04951447 -0.02991917
 -0.05811618 -0.14997202  0.14681989  0.06983948 -0.01690788  0.03324847
 -0.04137453 -0.0136108  -0.01907478  0.10146067  0.07543947  0.0415431
 -0.07853541  0.04536124  0.06614414 -0.1280369  -0.03631001  0.03057697
 -0.0458857  -0.0310739  -0.03939763  0.02823662  0.11982176 -0.0367719
  0.08211182 -0.09677179  0.02570338 -0.01036927  0.09314024  0.07663563
  0.01482198 -0.02574581]