[ 0.08555295  0.22466789 -0.014477    0.04785684 -0.01698089  0.06602178
 -0.0366324  -0.15142332  0.10125793 -0.00158007  0.20436992 -0.00380016
 -0.10151283  0.03287778  0.03006774 -0.09838733  0.04266245  0.04241331
  0.01930668 -0.05796783 -0.0586121   0.1497     -0.08772714 -0.02858558
  0.09000564 -0.09568048  0.12169256  0.16034241  0.03939145  0.12301578
 -0.02711272 -0.05878599  0.03993734  0.00550919  0.03228459  0.04802984
  0.07358668 -0.10845403  0.10656729  0.09806608 -0.02712572 -0.01741367
 -0.04090917 -0.04256298 -0.03532291  0.03101247 -0.03814507 -0.01119279
 -0.00925573 -0.00274035  0.06321275  0.31566113 -0.09292094  0.02954528
 -0.06862817  0.01505214 -0.1055504  -0.05442122 -0.17732477  0.11292031
 -0.08893557 -0.11983201  0.11770038 -0.10618332 -0.02997831 -0.02390827
  0.09069257 -0.00063961 -0.06276688  0.18593365  0.08828957 -0.01175424
 -0.01578793 -0.01852565  0.03669032 -0.02949847  0.04202399 -0.00678432
 -0.12991488 -0.028817    0.01047479  0.09684828  0.04690554  0.03124886
  0.04964697  0.04163681 -0.08232848 -0.11521918 -0.01070533  0.12623163
 -0.00512021 -0.17143689 -0.02144398  0.11263358  0.02539233 -0.17861465
 -0.05289127 -0.1565606   0.09375123 -0.01390658 -0.02850227  0.09812894
 -0.00749529 -0.01180168 -0.00244232  0.11476775  0.11580568 -0.00542181
 -0.03077014  0.01419471  0.05352868 -0.0712321  -0.00665982  0.13703038
  0.00114986 -0.10836931 -0.00284973  0.01476588  0.12818055 -0.00253629
  0.06808865 -0.03532654  0.00761654  0.06626607  0.23158292 -0.00168228
  0.20179436  0.00340064]