[ 0.02724779  0.25736678  0.08194501 -0.05973356  0.01854117  0.05925464
  0.01674699 -0.08129788  0.01275464  0.10166945  0.18050851 -0.04064226
 -0.06237717 -0.03611811  0.09390604 -0.0483087  -0.02239908  0.14223836
 -0.06518093 -0.09585363 -0.04741311  0.20917167 -0.13985358 -0.0746576
  0.02415314 -0.02508422  0.03542154  0.18009561  0.16463517  0.08671825
 -0.07275558  0.00542057 -0.01282945  0.02843012  0.0883574  -0.01355612
  0.08340881 -0.12611768  0.16848698  0.0808347   0.02664585 -0.04691902
  0.03777941  0.01136779 -0.04344471 -0.0058957  -0.00213989  0.03711814
 -0.09895793 -0.0573465   0.05166912  0.21619736 -0.18319032  0.03573012
 -0.11043924  0.02146611 -0.1073532  -0.06008771 -0.17824799  0.09911793
 -0.08053171 -0.09562811  0.087851    0.01110896 -0.05190679  0.0412263
  0.0422666  -0.04808448 -0.04278566  0.11249819  0.06920896 -0.02462537
  0.06158938  0.03179504  0.03159624 -0.10678408 -0.0246985   0.00322457
 -0.07172649 -0.14134017  0.12896182  0.16200686  0.04760464  0.06673465
  0.04949015  0.04962608 -0.04343509 -0.0664724   0.03067825  0.17846519
  0.06265095 -0.12253084 -0.10251727  0.08435546 -0.00642986 -0.12980534
 -0.09921688 -0.08653893  0.02897927  0.00900282 -0.02854317  0.06368735
  0.02989588 -0.00774772  0.02415491  0.11032075  0.09899487  0.03119154
  0.05252235 -0.00349754  0.07890566 -0.0437814  -0.05254694  0.14576586
  0.00352906 -0.15764803  0.00239283  0.01044559  0.08704022 -0.0890402
  0.12011176 -0.05086545  0.0448053   0.05877217  0.14532831 -0.03589536
  0.13650578 -0.03367287]