[-5.70271304e-03  8.55226517e-02  9.28432718e-02 -1.17096137e-02
 -2.92284116e-02  2.86542941e-02  1.27856791e-01  9.48780179e-02
  1.18442308e-02 -3.36342677e-02  1.02097407e-01 -8.19723755e-02
 -4.26651444e-03  4.32612076e-02  1.04405433e-01 -1.56620383e-01
  1.77217945e-02 -7.36045092e-02  1.40766436e-02  1.17788101e-02
  2.66177170e-02 -7.47025609e-02 -9.77474451e-02  3.55758779e-02
  4.02612314e-02 -1.66291129e-02 -6.92694485e-02 -1.82364020e-04
  1.47116184e-01 -6.38165250e-02  8.92319307e-02 -1.25055030e-01
 -2.50836927e-03 -9.69923288e-03  3.73248905e-02  5.48006855e-02
  1.04144197e-02  1.40708745e-01 -6.38610646e-02 -7.35976994e-02
  8.52925703e-02  3.53779830e-02 -9.04959664e-02  7.17838556e-02
 -5.67848459e-02  3.07027046e-02  7.10803410e-03 -4.46798615e-02
 -1.26761198e-01 -1.54607326e-01 -2.43746102e-01  4.16408144e-02
 -2.82773376e-02 -4.35257480e-02  4.11447436e-02  7.00614452e-02
 -2.35264748e-01  1.65354311e-01 -1.07230633e-01 -6.96555451e-02
 -1.14094086e-01 -4.42235284e-02  1.37770221e-01 -7.86561593e-02
  8.86460319e-02  1.75651491e-01  1.03795402e-01 -6.10503815e-02
 -4.55542393e-02 -2.23721769e-02  6.17768541e-02 -1.54139921e-02
  1.68360472e-02  5.85649069e-03  7.60692209e-02 -6.51865527e-02
 -2.49571037e-02  4.81173955e-02  7.94396996e-02 -4.10055406e-02
 -1.67836398e-01  2.91227410e-03 -4.96401303e-02 -1.02513097e-01
  5.78338653e-02 -8.73928294e-02  4.65247817e-02  1.90092083e-02
  5.82710281e-02  2.87618171e-02  1.75760359e-01 -9.69251767e-02
  1.72869675e-02 -5.74583188e-02  6.22077323e-02 -1.31788805e-01
  6.42813817e-02 -9.05663893e-02  1.22199403e-02  2.84794196e-02
 -1.34783447e-01  4.10888903e-02  4.76744631e-03 -9.33863819e-02
 -1.94581017e-01  2.06302971e-01  9.73983333e-02 -1.48005355e-02
  1.31409556e-01 -1.34543985e-01  8.94076005e-02  2.71348935e-02
 -1.21632770e-01 -1.30022205e-02  1.49956718e-01 -3.72479111e-02
 -5.46835251e-02 -1.46573469e-01  9.56157297e-02 -8.19923152e-05
 -3.67427990e-02 -3.37683223e-02 -9.04138014e-02  1.54584438e-01
  7.17474222e-02  5.14094159e-02  1.10262468e-01 -4.63728420e-02]