[-9.40592680e-03  1.64812014e-01  3.30167077e-02  5.29444925e-02
 -4.48869094e-02  5.61070777e-02  1.09923899e-01  2.66621541e-03
  3.76712941e-02  2.40607578e-02  1.31214991e-01 -7.35227466e-02
  1.26815308e-02  1.26414210e-01  9.47481766e-02 -1.00054696e-01
  7.67467096e-02  1.51573855e-03 -2.35093124e-02 -7.29218945e-02
  1.80558302e-02 -9.98115167e-02 -3.53617743e-02  1.07075721e-01
  1.05443820e-01 -1.31945491e-01 -3.68857495e-02  4.97677960e-02
  1.40771747e-01  3.49127874e-02  1.16586141e-01 -4.17260379e-02
  1.17090782e-02 -3.07833944e-02 -3.60905677e-02  6.05695732e-02
 -8.89465287e-02  9.18768719e-02 -1.05682135e-01  1.36747956e-02
  1.11936293e-04  4.56254482e-02 -9.79011729e-02  6.43371865e-02
 -4.53671180e-02 -8.07411154e-04 -1.65572986e-02 -4.16111723e-02
 -8.32402185e-02 -1.68888018e-01 -6.42633587e-02  1.27898261e-01
 -3.13941538e-02 -1.20460860e-01 -2.39195712e-02  1.36751741e-01
 -1.80665299e-01  2.18590036e-01  1.23128826e-02 -1.80111136e-02
 -1.79370031e-01 -3.68095823e-02  1.13114730e-01 -1.38641044e-01
  8.77198651e-02  1.67127281e-01  6.60445541e-02 -5.43132462e-02
 -1.77365601e-01  1.04028314e-01  8.57482404e-02  3.32386829e-02
  5.15450083e-04 -3.07457633e-02  6.02751747e-02 -3.30127180e-02
  2.00260635e-02 -1.48368170e-02 -3.15721966e-02 -5.47140576e-02
 -1.49843305e-01 -4.49899919e-02 -4.79825623e-02 -1.17448993e-01
 -1.06493663e-02 -5.32010160e-02 -9.10644885e-03 -1.14845768e-01
 -8.80694948e-03  2.19640378e-02  2.88254041e-02 -1.28256425e-01
  1.97085291e-02 -7.74742886e-02  1.35475591e-01 -7.65844509e-02
  1.40383411e-02 -6.11699261e-02  5.47312908e-02  6.61602020e-02
 -8.99383500e-02  7.28737339e-02  2.82375570e-02 -2.42457585e-03
 -1.92602098e-01  1.72833681e-01  3.71694714e-02 -4.93522063e-02
  1.53725818e-01 -1.86226532e-01  4.68372591e-02  6.75583854e-02
 -5.79122640e-02  2.42130784e-03  1.33990750e-01 -4.80287988e-03
 -2.55434979e-02 -4.79565822e-02  1.60226762e-01  1.01942338e-01
 -1.71117932e-02 -1.09415412e-01 -1.38043791e-01  1.11462921e-01
  8.80101249e-02  1.00617304e-01  6.71763644e-02 -2.27836762e-02]