[ 3.27242538e-02  1.21143825e-01  6.99342266e-02  3.90898585e-02
 -6.02532290e-02  8.95010456e-02  1.13805257e-01  3.73932794e-02
  5.54867797e-02 -4.09270264e-02  1.11104056e-01 -9.27264318e-02
  1.71777960e-02  9.25405547e-02  8.54817480e-02 -1.63206592e-01
  3.20869237e-02  1.39344309e-03 -4.50859852e-02 -2.97956057e-02
  4.69250493e-02 -6.01553805e-02 -6.07633330e-02  1.82233453e-01
  7.57693276e-02 -1.38213083e-01 -6.33426383e-02  4.25549150e-02
  1.42517015e-01  1.57199949e-02  1.09672487e-01 -8.33030418e-02
 -3.23629752e-02  1.36667471e-02  9.80432029e-04  4.78073955e-02
 -6.00664802e-02  9.91578922e-02 -1.19277850e-01 -4.32787426e-02
  2.10682508e-02  3.54709439e-02 -1.08708553e-01  6.79078177e-02
 -4.41015847e-02 -7.29644150e-02 -2.72170808e-02  1.77303087e-02
 -6.07729778e-02 -7.10595548e-02 -1.11139573e-01  1.11223087e-01
  1.78801678e-02 -7.22020641e-02  3.54240760e-02  9.46757123e-02
 -1.77872643e-01  2.06583008e-01  1.31573416e-02 -1.34379268e-01
 -1.65083632e-01  1.75144244e-02  1.41170874e-01 -1.02050997e-01
 -2.00474691e-02  1.92410141e-01  1.27851203e-01 -9.38168243e-02
 -1.57990620e-01  7.39241987e-02  4.25754897e-02 -5.23124216e-03
  1.25229480e-02  3.58411893e-02  5.30269742e-02 -1.01418525e-01
  1.24425180e-02 -4.71985638e-02  4.95070703e-02 -1.28732921e-04
 -9.01426226e-02 -6.62296358e-03 -3.85899879e-02 -1.71140850e-01
  8.32145661e-02 -7.56836608e-02 -1.60059053e-02 -5.88183701e-02
  5.21026105e-02  7.27810562e-02  1.40759930e-01 -1.26772985e-01
  4.56035808e-02 -8.32521543e-02  8.24196115e-02 -1.07476853e-01
 -8.93142307e-04 -4.13543954e-02  4.13492545e-02  1.81826483e-02
 -2.48903707e-02  9.75803658e-02  4.21427488e-02 -3.28648463e-02
 -2.11896345e-01  1.80439532e-01  4.03228588e-02 -7.78915659e-02
  1.50166810e-01 -1.33515581e-01  1.23633221e-01  1.09636456e-01
 -8.36242214e-02 -1.82288792e-03  1.13874644e-01  1.43824080e-02
  1.95392575e-02 -7.54337013e-02  1.41165718e-01  6.16385676e-02
 -4.50454187e-03 -1.02666542e-01 -8.78651962e-02  9.42755118e-02
  9.22849961e-03  7.74732605e-02  1.14840545e-01 -2.28695497e-02]