[ 0.01639769  0.12820747  0.12097596  0.00082016 -0.01678508  0.03105626
  0.14297855  0.02708486 -0.03669104 -0.0110651   0.0936441  -0.10225152
  0.0375214   0.10504375  0.18996695 -0.09482227  0.01132972 -0.09302834
 -0.05370039 -0.0398583  -0.00897197 -0.04689138 -0.05670518  0.04798004
  0.09677318 -0.04470972 -0.0971728   0.03867789  0.15679583 -0.02541842
  0.10262022 -0.00275538 -0.03531378  0.01472368 -0.01122057  0.04930594
 -0.03050178  0.14121254 -0.0475582  -0.0324469   0.08954635  0.0006727
 -0.0476476   0.05625162 -0.06967451  0.0774176  -0.0073221  -0.01726655
 -0.12647088 -0.16872014 -0.14369731  0.06045185 -0.02909443 -0.07660748
  0.01758846  0.05587867 -0.22413017  0.2127187  -0.01758154 -0.03600438
 -0.16965312 -0.02791609  0.06531745 -0.05665171  0.05619966  0.25802049
  0.0714884  -0.00986431 -0.10730257 -0.00737197  0.06309084  0.03015358
  0.02578908  0.01874383  0.13005295 -0.05930119 -0.02974495 -0.04794085
  0.04793367  0.02232408 -0.04965865 -0.05823744 -0.03211437 -0.12655529
  0.00854619 -0.08045704  0.04256991 -0.04927127 -0.02792291  0.05695851
  0.13064654 -0.09200805 -0.00307566 -0.06312639  0.00251938 -0.07334431
  0.02675826 -0.06050767  0.07346505  0.01038913 -0.13004921  0.04590311
  0.04996661 -0.00752379 -0.22517683  0.16817935  0.00589246  0.06563389
  0.20363778 -0.18365605  0.11293893  0.10030629 -0.15316546 -0.00262246
  0.13698852 -0.02166855 -0.07553171 -0.06071039  0.09399106  0.06667615
  0.01287757 -0.05060569 -0.09410641  0.16635746  0.06776267  0.03805874
  0.08084458 -0.03921245]