[-0.02407103  0.13253877  0.00523067  0.06897399 -0.03193289  0.08353644
  0.07234073 -0.04774322  0.02078912 -0.01452872  0.12193637 -0.03674491
 -0.02387305  0.10652348  0.10464787 -0.1313581   0.02211338 -0.02786027
  0.06178297 -0.06189236 -0.01977465 -0.06242051  0.01093949  0.0924829
  0.1110959  -0.10947303 -0.00982941 -0.02316877  0.09513512  0.02546233
  0.13543595 -0.10545421  0.01568125 -0.07721507 -0.01241171  0.10405684
 -0.0962018   0.04335059 -0.09516405  0.07056466  0.02410261  0.05836619
 -0.15023889  0.07784837 -0.12114852  0.04723566  0.02368242 -0.07278801
 -0.0554617  -0.14159584 -0.0852771   0.11663919 -0.00033751 -0.11151046
 -0.02762848  0.13611163 -0.12627532  0.23583224 -0.00348075  0.03828298
 -0.18809773 -0.01410895  0.15369196 -0.15846616  0.13493992  0.08472988
  0.10763326 -0.07005459 -0.12500051  0.13807482  0.11169202  0.0904182
  0.00305395 -0.01737322  0.08139032 -0.00713125 -0.04981223 -0.00451137
 -0.05891333 -0.01549207 -0.16395763 -0.0292883  -0.04591543 -0.07560253
 -0.02735938 -0.02826304  0.00616627 -0.12571676 -0.08696723 -0.03989221
  0.03222564 -0.09133763  0.05064083 -0.09699357  0.12360862 -0.13098383
  0.01810647 -0.05389719  0.08370558  0.0580493  -0.13086745  0.06484386
  0.04040697 -0.04922273 -0.19313551  0.17618537  0.06227932 -0.04153657
  0.10443053 -0.11419789  0.06290058  0.03198512 -0.00923461 -0.046375
  0.07604544  0.02941309 -0.02537813 -0.06047621  0.14417526  0.10450323
 -0.00697702 -0.12195858 -0.16193545  0.08982974  0.06236865  0.13264261
  0.04688989  0.04213934]