[ 2.29780166e-03  1.18871979e-01  1.09679148e-01 -2.03239033e-04
 -3.31859142e-02  3.46550457e-02  1.25595704e-01  2.66741607e-02
 -1.36283534e-02 -1.81780532e-02  8.63622278e-02 -1.01022460e-01
  3.69783826e-02  1.11465260e-01  1.73761219e-01 -9.90946367e-02
  1.31733585e-02 -1.04781568e-01 -4.41829264e-02 -3.34147736e-02
 -1.20064728e-02 -7.34628439e-02 -2.09251698e-02  6.64046705e-02
  9.57327485e-02 -5.49380071e-02 -7.54430220e-02  3.23985517e-02
  1.46242902e-01 -4.00234461e-02  1.23258069e-01 -3.51835415e-02
 -1.24463672e-02  3.72686703e-03 -2.03362368e-02  4.05087620e-02
 -3.20356376e-02  1.81645110e-01 -5.64867295e-02 -2.96560060e-02
  6.65672123e-02  9.38051194e-03 -7.19434470e-02  2.93931998e-02
 -6.38774484e-02  4.06762362e-02 -2.37544160e-02 -2.07627360e-02
 -1.05992436e-01 -1.48971394e-01 -1.60622910e-01  4.90775630e-02
  8.12081993e-03 -7.52472281e-02  7.81570841e-03  6.02309369e-02
 -1.96714431e-01  2.27552041e-01 -2.47670058e-02 -6.22032546e-02
 -1.80279747e-01 -1.02278013e-02  8.02876800e-02 -8.18565935e-02
  6.03214763e-02  2.84612685e-01  7.02041686e-02 -1.30413484e-03
 -1.31175339e-01 -2.03988105e-02  5.18834069e-02  2.30528768e-02
  6.29540300e-03  2.42919289e-02  1.45156443e-01 -5.75608425e-02
 -1.43874083e-02 -7.63011426e-02  6.55774549e-02  3.61020267e-02
 -8.12365785e-02 -8.39263201e-02 -2.88262516e-02 -1.31797761e-01
  1.63594745e-02 -9.32934657e-02  2.56567448e-02 -3.77751589e-02
 -9.26719792e-03  3.60280797e-02  1.18128553e-01 -9.89953056e-02
  3.95729207e-02 -4.41518053e-02  2.64437739e-02 -8.36549699e-02
  1.91413909e-02 -4.43673842e-02  6.37811720e-02  1.97261479e-02
 -1.17641181e-01  2.39051208e-02  2.37296447e-02 -4.70426353e-03
 -2.09818453e-01  1.74105272e-01  2.28046533e-02  2.47107353e-02
  2.01080039e-01 -1.95751652e-01  1.05639629e-01  1.20198093e-01
 -1.08451128e-01  1.07784225e-02  1.33502245e-01 -1.79982791e-03
 -8.80223960e-02 -2.61567086e-02  9.96120796e-02  8.04513097e-02
 -6.89769164e-03 -6.71024323e-02 -1.12304091e-01  1.38031483e-01
  5.64976968e-02  6.18173517e-02  6.20449446e-02 -3.46333347e-02]