[ 0.00430583  0.15501188  0.10393506 -0.09359924  0.04403269  0.11734408
  0.1181106   0.04255806 -0.00226853  0.05882096  0.07626907 -0.07043495
 -0.01446841  0.1109548   0.17919514 -0.17656642 -0.00081595  0.09188017
 -0.02312572 -0.11553091 -0.02164049  0.10040428 -0.0117554   0.07750826
  0.05285405 -0.16260605  0.00104705  0.11745434  0.15249372  0.01607944
  0.03397626 -0.18290736 -0.02207037  0.00486477  0.05475628  0.0077468
 -0.06290144 -0.01290822 -0.07175323  0.06267723  0.02760297  0.06816333
 -0.08162769  0.08907683 -0.15540329 -0.02542745 -0.06683774  0.0446406
 -0.06310192 -0.03424357 -0.05310204  0.10568014 -0.09277508 -0.07425805
 -0.06317437  0.11358895 -0.12704711  0.21916205 -0.07155572  0.01312553
 -0.15159023  0.01881871  0.13421433 -0.06275961  0.03590458  0.10413048
  0.03712277 -0.03505466 -0.16460052  0.16320284  0.11832328  0.06725062
  0.04663542  0.00945773  0.0033392  -0.03865967 -0.04191441 -0.08304395
  0.04584062 -0.1392805  -0.03753425  0.02141931  0.02381835 -0.02129773
  0.0258114  -0.10371724  0.00921043 -0.05806913  0.04749321  0.12226941
  0.10455113 -0.12127751  0.00904458 -0.07381383  0.09836736 -0.13764705
 -0.06862515 -0.03248798  0.01082269  0.05770084 -0.02490978  0.10632602
  0.0545741  -0.09594195 -0.17117815  0.14224172  0.014931   -0.11772521
  0.12846969 -0.09665457  0.19099905  0.04306312 -0.0058541   0.07546164
  0.04726613  0.00203498  0.05830359  0.01341306  0.1070901   0.06339776
  0.06409166 -0.15950987 -0.1228982   0.06561899  0.02011905  0.05551384
  0.07300166 -0.01205838]