[ 0.06290372  0.06962806  0.03495546 -0.0065984   0.05103891  0.15779413
 -0.01418486  0.05190603 -0.16529068  0.00376849  0.10979627  0.10058096
 -0.04045979 -0.06462974 -0.00046649 -0.04186287 -0.03739135  0.04166372
  0.05602354  0.03835482  0.0623162   0.01121755  0.109697    0.01264042
  0.08679216 -0.03772387  0.11764383  0.02062593  0.02746931 -0.0131194
 -0.04974291 -0.21502262  0.02318145  0.06087859 -0.02873201 -0.05159688
 -0.05778728 -0.01091979  0.05414643  0.0433316  -0.00274573 -0.00684413
  0.04595756  0.04253933 -0.19978917 -0.16666682  0.0837305  -0.10173074
 -0.10452323  0.16859169  0.09785137  0.05548658 -0.16589282  0.09180971
  0.0372654   0.00126688  0.02081736  0.09980696 -0.11844588 -0.00511061
 -0.09222226 -0.06236167  0.1984212  -0.13293155  0.11813503 -0.01342584
 -0.07759876 -0.03301592 -0.14780064  0.19158156  0.03809528  0.13992706
 -0.02311009  0.08312786  0.04826999 -0.03068031  0.06355545 -0.0040919
  0.00834594  0.00831187 -0.1244937  -0.06559169  0.18313888  0.06586163
 -0.05425526 -0.04063259  0.01811834  0.05543993  0.1122902   0.03110747
  0.02121714 -0.14722613 -0.07604652  0.09125973  0.06910969 -0.1546178
 -0.02530516  0.10378797 -0.07026038  0.00675827 -0.09874865  0.08672185
 -0.02063886  0.03406982  0.02397816  0.14241819  0.06153258  0.02619009
  0.02965768 -0.16385271  0.00613998  0.06819292  0.08805861  0.1503882
  0.09464865 -0.0290805   0.10156789  0.06201062  0.09864838  0.15446669
  0.02494254 -0.09195395 -0.00270412 -0.06417663  0.07556857  0.0761255
  0.21055406  0.08671118]