[-0.05424245  0.27510548  0.02211593 -0.14243947 -0.03316282  0.05106713
 -0.08278599  0.02518982 -0.05013123  0.09965415  0.03483419 -0.14558734
 -0.00282929 -0.00067703  0.20984608 -0.08737602 -0.05685348 -0.12652263
  0.03762601 -0.06455743 -0.16730413  0.10369145  0.0411507  -0.08624502
  0.05842872 -0.08609556  0.14204107  0.11646678  0.08262198 -0.03458415
 -0.00627396 -0.1352262   0.11726663  0.02697693 -0.01255966  0.01710993
  0.14599779 -0.04281922  0.02539516  0.08857057  0.04241353 -0.17843449
  0.01721726 -0.01739398 -0.09527101  0.23072359  0.0440882   0.07190259
 -0.16229244  0.01946326 -0.03854947  0.18188354 -0.00851094  0.00540984
 -0.08570389  0.01160147 -0.02045006 -0.1215077  -0.05202436 -0.01796446
 -0.12699462 -0.00709405 -0.04521142  0.00294433 -0.06381668  0.116092
  0.02722958  0.08387197 -0.00795867 -0.00803689 -0.00245145 -0.06194156
 -0.07448405 -0.05768275  0.26589486  0.05874223 -0.07372272  0.0164965
  0.03536101  0.06741402  0.01290726 -0.04768484  0.03288793  0.12852664
  0.04238003  0.11264137 -0.07059591 -0.0430484   0.00472399  0.15697537
  0.01263394 -0.08262324 -0.00282906  0.06551879 -0.11747298 -0.13804638
 -0.03994551  0.01745942  0.06736568 -0.13627557 -0.00861465  0.0378864
  0.0452164  -0.02479338 -0.09245391  0.0627926  -0.0345958   0.12507908
  0.01382773 -0.03807901  0.13066989  0.01164468 -0.0263231   0.04255112
 -0.09584746 -0.06627963 -0.11863986 -0.00116271  0.08811108  0.05772815
  0.12621507 -0.08687544 -0.04839524  0.09676732  0.09090313 -0.03647601
  0.07843221  0.01333378]