[-0.06523281  0.1633037  -0.09383392 -0.16037698 -0.02241512  0.07798702
 -0.07012151 -0.11103623 -0.03314114  0.07250775  0.02676754 -0.03650435
 -0.02933803  0.05505217  0.08382209 -0.10093571 -0.12047166 -0.09369126
  0.12643975 -0.09502853 -0.18417241  0.12724479 -0.03494356 -0.14074618
 -0.01907402  0.04530264  0.14357418  0.07101812 -0.00754054  0.03709367
 -0.06352141 -0.14286569  0.08540726 -0.0662111   0.04427607  0.08688785
  0.07531948 -0.13526905  0.08357429  0.1148271   0.00493306 -0.11574527
 -0.01459931 -0.00373087 -0.06788135  0.24864778  0.03366816  0.04859982
 -0.12912044 -0.04634212 -0.09726285  0.12402998  0.0437247   0.02100466
 -0.0629083   0.06289812 -0.03191913  0.00329945 -0.16149081  0.12025022
 -0.06367363  0.05563195  0.12100336  0.00915676  0.01087228  0.04995579
  0.00778371  0.10868207  0.03518698  0.00326445  0.06036209 -0.0627042
 -0.0640963  -0.08684997  0.18652655  0.14155634 -0.10307931 -0.05678308
 -0.01376667 -0.03210317  0.03674837  0.00284081  0.00872892  0.14488778
 -0.0991509   0.11004388 -0.02855858 -0.08771148 -0.04316172  0.1240515
  0.01569618 -0.08285694  0.05810679  0.10002612 -0.07621312 -0.08725888
 -0.04439522 -0.05425715  0.1312457  -0.03656925  0.01490101  0.04237346
 -0.01965032 -0.13368119 -0.06537142  0.09510142 -0.01521668  0.04218294
 -0.17494333  0.05930773  0.16058341 -0.11466011  0.05693278 -0.02243197
 -0.11357551  0.01386316 -0.1081989   0.04894938  0.07526128 -0.0007912
  0.12357099 -0.1990432  -0.00748621 -0.00686638  0.04835568  0.07298774
 -0.00770565  0.03413468]