[ 0.04186325  0.17389429 -0.04970263 -0.10717574 -0.04206884  0.02737799
 -0.01402275 -0.02314842 -0.12082753  0.12645093  0.08912644 -0.09670144
  0.07463548  0.17144124  0.22509134 -0.04799748  0.05842814 -0.15209712
  0.07251769 -0.02665097 -0.19039987  0.09836258  0.02589184 -0.03141318
 -0.00439144  0.00498719  0.10118072  0.07995758  0.06744236  0.01607178
 -0.08595431  0.04719133  0.04528195  0.02758743 -0.10393686  0.09829238
  0.11435159  0.04654176  0.05072873  0.15227485 -0.01397683 -0.09805414
 -0.07385456 -0.11151596 -0.08826818  0.29429874  0.03093883  0.03769739
 -0.14823976 -0.06200546  0.01135309  0.19915251 -0.03553896  0.02737388
 -0.04363261  0.02124022 -0.02123065  0.02262516 -0.01721636  0.11293959
 -0.1204206   0.00141835 -0.0143769  -0.08787721 -0.03599498  0.1342039
  0.06910065  0.17882982  0.02038101  0.01492723  0.02417307 -0.01676338
 -0.08032515 -0.00192916  0.24751166  0.0674189  -0.02892619  0.00731559
 -0.00208621  0.00601525  0.03806899 -0.04823896 -0.03325469 -0.02370916
 -0.02555464  0.09994624 -0.01460942 -0.13238464 -0.0658215   0.10128331
  0.0167802  -0.09151185  0.04952253  0.08281171 -0.07330225 -0.07880892
  0.02546026 -0.07497328  0.17791574 -0.08874402 -0.04343035  0.05368681
  0.02368521  0.06119011 -0.15347925  0.07904255 -0.10871962  0.08392856
 -0.00136763 -0.08763605  0.09932908  0.05101313 -0.00913701 -0.021099
 -0.04088135 -0.03236386 -0.10698059 -0.07339787  0.06192024  0.05101929
  0.09331867 -0.10602818 -0.0047913   0.14988564  0.08180775  0.01398194
  0.00287881 -0.01822887]