[-2.75450740e-02  1.75639525e-01  1.46448277e-02 -1.40113369e-01
 -7.02690855e-02  4.13185991e-02 -8.15195739e-02  6.60936395e-03
 -1.25378162e-01  1.09679185e-01  2.38211453e-02 -8.42036530e-02
  3.79590527e-03  1.22026414e-01  2.11795315e-01 -8.86004269e-02
  2.40425337e-02 -2.04939008e-01  1.60850093e-01 -5.27767427e-02
 -2.18478277e-01  1.48503125e-01 -4.57381504e-03  5.37881292e-02
 -1.14778453e-03  4.00544330e-02  1.71933934e-01  1.02669865e-01
  7.07583353e-02 -3.35511975e-02 -2.56516654e-02 -1.39869809e-01
  7.92907365e-03  4.57109371e-03 -9.09522101e-02  1.37318105e-01
  7.53140002e-02 -4.20285612e-02  1.32195186e-02  2.49815673e-01
 -3.79165560e-02 -5.83508499e-02 -9.35351178e-02 -6.88546821e-02
 -1.47046577e-02  2.76155740e-01  5.94939999e-02  3.70550007e-02
 -8.57308581e-02  1.18942687e-03  3.20357196e-02  1.92845523e-01
 -4.05551456e-02 -2.10259855e-02 -2.67603062e-02  5.70908897e-02
 -3.55158150e-02  8.07871073e-02 -1.57813716e-03  1.13801643e-01
 -8.58763829e-02  3.90739553e-02 -2.38821190e-03 -5.93564324e-02
 -3.57171856e-02 -1.90116409e-02  1.15730628e-01  8.37638378e-02
  3.68622728e-02  8.16600546e-02  1.03479652e-02  3.48432846e-02
 -7.81299248e-02  4.97197434e-02  2.35765085e-01  4.82759550e-02
 -5.09956069e-02  1.06011786e-01  4.08860631e-02  3.19884792e-02
  3.14129479e-02 -2.26835627e-02  2.16913614e-02  3.31505388e-02
 -1.53568666e-02  7.35783833e-04 -3.47382715e-03 -1.00650735e-01
 -5.34227788e-02  5.70813306e-02 -2.35841870e-02 -9.62745212e-03
  1.12690285e-01  9.44059193e-02 -2.48963665e-03 -6.67900294e-02
  6.75386339e-02 -9.08596516e-02  1.42774075e-01 -8.40846598e-02
 -1.06488660e-01  8.66170079e-02 -4.51313071e-02  2.99855554e-03
 -1.68833673e-01  6.58550486e-02 -1.07979171e-01 -3.45382430e-02
 -5.07895425e-02 -1.99644063e-02  1.52367473e-01  3.78166474e-02
  3.07706650e-02 -4.96833632e-03 -8.75575393e-02  1.07275387e-02
 -3.73124294e-02 -8.12954754e-02  8.86918698e-03  4.97251004e-02
  7.71939680e-02 -9.06048343e-02 -2.94611603e-02  6.98274225e-02
 -1.80550162e-02  4.95422520e-02 -3.53554487e-02  2.07231336e-04]