[-4.92833741e-03  1.67585135e-01  2.86164507e-02 -6.31629154e-02
 -1.29279112e-02  7.48894364e-02  3.11012845e-03 -5.91544956e-02
 -4.70389891e-03  6.67687654e-02  9.76625457e-02 -4.90280502e-02
 -7.46932402e-02  2.87539940e-02  9.57195833e-02 -4.91500907e-02
 -1.50145411e-01 -1.29150093e-01  4.94127199e-02 -8.73807073e-02
 -1.19054258e-01  1.83998331e-01 -5.00143096e-02 -8.85541439e-02
 -2.78790891e-02  1.92543119e-02  6.23807535e-02  7.90548548e-02
  6.77251816e-02  1.96548682e-02 -1.11420393e-01 -1.04338624e-01
 -4.87682335e-02 -2.52425782e-02 -2.46116109e-02  1.17976263e-01
  4.98401113e-02 -1.19606845e-01  5.08707687e-02  2.40902066e-01
  1.86112039e-02 -4.23296690e-02 -1.14455603e-01 -8.18563923e-02
 -4.79959697e-02  2.35704675e-01  2.93614995e-02 -5.12527907e-03
 -1.42003214e-02 -2.67772609e-03  1.04339980e-02  2.92870522e-01
 -1.37493521e-01  7.53768831e-02  1.48487585e-02 -2.81236554e-03
  4.82288860e-02 -6.56161159e-02 -1.13773704e-01  1.81769177e-01
 -3.54814790e-02 -1.83910411e-02  5.19012250e-02  1.38089973e-02
 -2.86538377e-02 -9.03049335e-02  1.11371554e-01  9.89169776e-02
  1.60482496e-01  1.94367558e-01  8.78638327e-02  1.13446921e-01
  1.26779648e-02  7.96326399e-02  1.69313192e-01  6.71023130e-02
 -1.03247426e-01  1.08666264e-01 -7.64446184e-02 -4.71107922e-02
  1.19266227e-01  9.25252885e-02  6.35639653e-02  1.24123722e-01
 -2.67590098e-02  1.03657834e-01  3.62665057e-02 -2.94995289e-02
 -8.87194499e-02  6.43375367e-02  2.71211900e-02 -2.75114905e-02
  4.60742088e-03  5.43407351e-02 -1.04964964e-01 -1.60340562e-01
  1.43729746e-02 -1.24834448e-01  1.88965932e-01 -1.49738044e-03
 -2.27037538e-02  6.95107505e-02  9.45950579e-03 -8.10072348e-02
 -3.34962457e-02  5.54304086e-02 -2.27496233e-02  5.84227890e-02
 -7.25097582e-02  7.53308907e-02  1.04156762e-01 -3.25255841e-02
  6.86326437e-03 -1.94870755e-02 -4.47561853e-02  3.93507816e-02
  2.18016459e-04 -1.63634028e-02 -1.22647872e-02 -2.66735069e-02
  8.82274732e-02 -3.23587917e-02  6.46036863e-02  6.49108291e-02
  2.77690422e-02  7.73262158e-02  5.70448264e-02  1.05575919e-01]