[ 1.48852682e-02  2.01980740e-01 -4.90300497e-03 -7.95896575e-02
 -1.84522588e-02  9.27002430e-02 -3.01318802e-02 -1.37503460e-01
 -9.13976207e-02  4.22114059e-02  5.79274334e-02 -1.09669551e-01
 -1.89544022e-04  5.87709397e-02  1.62331149e-01 -5.46399355e-02
 -5.33675738e-02 -9.64572877e-02  6.27028942e-02 -1.10539630e-01
 -1.15517050e-01  1.39709696e-01  2.20713625e-03 -2.13079136e-02
  6.07060380e-02 -3.76652144e-02  6.16901331e-02  1.76695697e-02
  7.50905946e-02  6.94758594e-02  5.59660140e-03 -5.88591658e-02
 -3.11470777e-02 -5.00422530e-02  1.31127145e-02  7.21870810e-02
 -2.65706591e-02 -9.12935138e-02  6.69113472e-02  1.58191815e-01
 -2.78953929e-02 -9.39506143e-02 -1.23272583e-01  3.33195925e-03
 -3.57405357e-02  3.33634555e-01  2.30377149e-02  5.20794094e-02
 -1.62987143e-01 -1.09210677e-01  1.28138866e-02  2.16490388e-01
  4.93151173e-02 -9.18183699e-02 -1.26472101e-01  2.56185066e-02
 -1.65772382e-02  8.12172294e-02 -2.71107741e-02  1.35035291e-01
 -6.04834445e-02  6.46147951e-02  3.89741510e-02  3.78948753e-04
 -2.60651950e-03 -1.30655076e-02  6.19204119e-02  1.19466402e-01
 -4.39296651e-04  7.52619952e-02  7.02374727e-02  1.66692846e-02
 -7.51624107e-02 -9.92173851e-02  1.38913482e-01  7.78309777e-02
 -1.26731202e-01 -3.76804583e-02 -4.03498486e-02  1.34016052e-01
  7.80915469e-02 -3.24249491e-02 -3.54152583e-02  3.28845419e-02
 -6.63537383e-02  5.49845248e-02 -2.24467572e-02 -1.91232964e-01
 -1.90199822e-01  7.19131380e-02 -1.60364853e-03 -2.06046514e-02
  1.62712783e-02  9.03275758e-02 -1.05296910e-01 -5.65465689e-02
  1.25962608e-02 -7.92042315e-02  1.67465642e-01 -6.75862953e-02
  1.59487333e-02  9.67943445e-02 -1.17096948e-02 -1.26720127e-02
 -1.33635893e-01  3.50122526e-02 -4.16282974e-02  1.05768606e-01
 -3.02166818e-03  2.03673122e-03  1.85309932e-01 -2.15005334e-02
 -3.78677696e-02 -4.73994017e-02 -6.16165437e-02  7.52688870e-02
 -2.01138318e-01  2.76895966e-02  3.16528380e-02  7.16194510e-02
  6.06027991e-02 -1.30236253e-01 -9.02357846e-02  5.63254990e-02
  6.73549101e-02  7.37041011e-02 -2.39357278e-02 -1.27781248e-02]