[-0.03019236  0.17461979  0.0077715  -0.13630207 -0.10924846  0.12885348
 -0.12480304 -0.01845676 -0.12188379  0.1142913   0.03399951 -0.15097781
  0.035023    0.02804589  0.19731694 -0.11754177 -0.08256875 -0.12803462
  0.10310225 -0.07196405 -0.18881014  0.07293408  0.02948412 -0.01598127
  0.00738827 -0.00538312  0.09473665  0.03538639  0.01330054 -0.08306553
  0.02111617 -0.15241532 -0.01014369 -0.01533995 -0.0067849   0.10204358
  0.04321991 -0.03802464  0.06756474  0.14934209 -0.0246029  -0.14611839
 -0.13935205 -0.07053547 -0.04276145  0.18724234  0.02230921  0.11404272
 -0.15118492  0.00216543 -0.03265883  0.16475789  0.06105063 -0.00729942
 -0.11369045  0.0077767   0.02629243 -0.01574612 -0.00333012 -0.02458661
 -0.09184059  0.1208621   0.01947141 -0.01988931 -0.08289278  0.11770417
  0.11650317  0.13575438  0.02675388  0.00268319  0.00737596 -0.02319406
 -0.06469366 -0.01405236  0.23259358  0.01585884 -0.14488205 -0.04634751
  0.0891943   0.14294627  0.02531049 -0.07085     0.01419458  0.01313928
 -0.04208674  0.09421421 -0.02903276 -0.08302815 -0.01619809  0.07447681
  0.02155256 -0.01676223  0.1562897   0.10493539 -0.15152128 -0.1279168
  0.00033931 -0.02622538  0.07467344 -0.11836977  0.03056378  0.07420141
 -0.03872882 -0.05903115 -0.05745432  0.0804488  -0.03681996  0.03024189
 -0.04411047  0.02470856  0.15822878  0.03992969  0.0448802  -0.03251262
 -0.09321454  0.03031484 -0.17001106  0.02214484  0.05686836 -0.00326556
  0.08926483 -0.20931488 -0.02945081  0.02153723  0.02963109  0.04396747
 -0.01094267  0.03785335]