[ 0.01124906  0.01852655 -0.10908719 -0.05215793 -0.03251303  0.13584155
 -0.12787025  0.00262729 -0.07118648 -0.09989291 -0.04977305  0.07454256
  0.01920246 -0.191433   -0.18023464  0.01460425 -0.13395897 -0.09752661
 -0.03686567  0.14891097  0.08522016 -0.02275064  0.03118661  0.04886838
 -0.06405307  0.10908755  0.04932587 -0.20899712 -0.1246132   0.00393882
 -0.02259631 -0.16025406 -0.07671274  0.01457531 -0.0049812   0.01749013
 -0.06731388  0.07901723 -0.0244989   0.04900229 -0.10268026 -0.04016685
 -0.04680162  0.11170737  0.05904488 -0.00377618  0.17491545 -0.03037113
 -0.1296716   0.17243785  0.05183304 -0.1046167  -0.00775521  0.0483117
  0.10548977 -0.06138643  0.01211795  0.07553153  0.03440107 -0.19129515
  0.06768087  0.02790462  0.19416806 -0.02690156  0.04002865 -0.25689676
  0.04124098  0.07368492  0.05641598 -0.04046355  0.02061828  0.0364458
  0.0082644  -0.05050964 -0.01313793  0.0066204  -0.08641966  0.07113642
  0.03038355  0.194298    0.00292247  0.01583753 -0.01173554 -0.00842913
 -0.14656244  0.00950688  0.04304822  0.05140939  0.08365975 -0.0450471
 -0.07905434 -0.0972317  -0.02202468  0.08472319 -0.0783561   0.03249272
  0.07174983 -0.00766577 -0.05151254 -0.03865466 -0.01985241  0.03797383
 -0.15636384  0.05593723 -0.08367422 -0.00594462 -0.11753668  0.04483713
 -0.20065033  0.03124132  0.09009063  0.10401031 -0.02048805  0.02807816
 -0.06802021  0.11483765 -0.20936877 -0.0249263  -0.10644846 -0.02501505
 -0.10906585  0.05737763  0.11905003 -0.07725479  0.01825192  0.04058671
 -0.04387688 -0.07343959]