[ 0.06229911  0.25088736  0.15676223 -0.05218694 -0.07153469  0.01741689
  0.0729503  -0.03452931 -0.11246283  0.11355879  0.07791707 -0.13682643
  0.07824331  0.03540997  0.10416345 -0.03826261  0.06249274  0.05282298
 -0.06455186 -0.0264318   0.03094924  0.07379082 -0.08652894  0.04099268
 -0.034952   -0.02657588 -0.1374355   0.05207529  0.22204614  0.10049904
 -0.10665646  0.05015951 -0.0614907   0.02496574  0.07684699 -0.06484111
  0.06820477  0.13703087  0.12077225  0.02795421 -0.1077634  -0.04622747
 -0.10820498 -0.13818654  0.0469602   0.19817136  0.01653188  0.03486961
 -0.22294053 -0.10913647  0.0275289   0.29091361 -0.02747331  0.01810395
 -0.07732587 -0.03550648  0.07169017 -0.04774306 -0.06515062 -0.02812443
  0.03373084  0.02513538 -0.02507695 -0.00772334 -0.07230905  0.05750429
  0.09011216  0.07109128 -0.0587259  -0.01063928  0.04687148 -0.08099101
 -0.05213415 -0.00404186  0.08171952 -0.01235949 -0.06114196  0.01810624
  0.11477685  0.03272695  0.02479762  0.06337871 -0.02189958 -0.0301533
  0.09480526 -0.01671928 -0.05334941 -0.08339908  0.00135047  0.11596902
  0.02365993 -0.04266796  0.06812563  0.12523612 -0.13684271 -0.13402124
  0.05563724 -0.02983765  0.07127628 -0.05350303  0.11316609  0.15262891
 -0.05780122  0.12735547 -0.0629374   0.03834034  0.05479186  0.06289998
  0.15834412 -0.0648419   0.08541765  0.02494702 -0.12667489  0.00644062
  0.02993544  0.03839018 -0.21405724 -0.05375311 -0.05803021 -0.03824286
 -0.0505049  -0.04006847 -0.0363742   0.04930312  0.09949023  0.07357661
  0.04865384 -0.11954255]