[ 0.03747557  0.03356691  0.03159903  0.03652352 -0.02652072  0.27805069
 -0.0427947   0.00664728 -0.09218121 -0.03394111 -0.01673056  0.00383029
  0.01991131 -0.20046994 -0.04033643 -0.1548934  -0.12215205  0.06485657
  0.03579075  0.0218312   0.08252671 -0.01295049  0.04556978  0.1070862
 -0.01039068 -0.09787685 -0.05139622 -0.18736692 -0.04617991  0.00566513
  0.05735962 -0.19004476 -0.11071961 -0.00607235  0.11632612 -0.03258853
 -0.07000884 -0.07696607 -0.00627265 -0.01542142  0.00869843 -0.11472037
 -0.16344543  0.02811289 -0.11367813 -0.12394147  0.04736375  0.05167998
 -0.07780062  0.09177153  0.07360312  0.01753776  0.11189599  0.00348054
 -0.03035234  0.00085209  0.11265581 -0.01335082  0.02145193 -0.16954987
  0.01424859  0.12039639  0.10061418 -0.10915438  0.04844001 -0.13525496
  0.11973708 -0.07402745 -0.06952192  0.05711807 -0.02757191  0.04046487
 -0.01095402 -0.05048059 -0.04792672 -0.00535633 -0.11526081 -0.01236922
  0.11020894  0.22664304 -0.07962763 -0.03441084  0.08520193  0.02729196
  0.03564195 -0.01183425  0.04558963  0.02486167  0.00716783  0.00337309
  0.02177661 -0.02033334  0.09502511  0.06885246 -0.18305576 -0.16586587
  0.02577582  0.05861978 -0.06068514 -0.00459778  0.17264056  0.17400432
 -0.08582973 -0.01792601  0.08604362  0.01119223  0.10258428 -0.01137961
 -0.10026229  0.14159122  0.05091725 -0.00111043  0.04933725 -0.06742219
 -0.06575753  0.11013475 -0.15541761  0.05567396 -0.06987602  0.02572982
 -0.05232156 -0.16656545 -0.05735102 -0.13781212  0.03598294  0.12672545
  0.01459148  0.05474171]