[ 0.01346539  0.18625659  0.07981129  0.04655734 -0.06266122  0.14987922
 -0.09216347  0.01806149  0.06921207 -0.07364863  0.00444297 -0.04705562
 -0.0540976  -0.073696   -0.09511871 -0.05306429 -0.0336066   0.01566787
 -0.00220119 -0.01419649  0.16728482  0.06633724  0.0160432   0.04028923
  0.00852825 -0.13622384 -0.01422962 -0.03654717  0.02603677  0.11225342
 -0.00612133 -0.23148972  0.05703124 -0.03392972  0.11001852 -0.02132238
  0.04349625  0.02477075 -0.06338486 -0.00976007 -0.1465428   0.02014292
 -0.0521378  -0.03800896  0.01680189 -0.00212811  0.06246877 -0.08811893
 -0.05237987  0.09980728  0.09080177  0.21974768  0.05258096  0.0797295
  0.07282304 -0.00766527  0.1548612  -0.1525321   0.00957775 -0.22145094
  0.02142784 -0.01127171  0.03247702 -0.09842934 -0.00262386 -0.17179112
  0.08709343 -0.00686726 -0.03002234  0.14754452  0.09947125 -0.02541612
 -0.03944482 -0.14761539  0.01286276  0.09589273 -0.08363649  0.05924327
  0.02568373  0.1024982  -0.05054272  0.09368515  0.10538875  0.12365598
  0.13538913  0.0250589  -0.07672647  0.03615202  0.05173973  0.09205479
 -0.09953328 -0.11097657 -0.01282471  0.08470494 -0.08842793 -0.16077925
  0.03755159  0.07957468 -0.03918278  0.00456332  0.16071597  0.18797448
 -0.03514887 -0.04956139 -0.04771467  0.00913647  0.09219669 -0.09074981
 -0.02498662  0.03263437  0.02206875 -0.0747761  -0.01717978 -0.00212468
  0.01199939  0.12662135 -0.10830874 -0.01805571 -0.09227134 -0.00056047
 -0.04820411  0.00148974  0.03323497 -0.12273448  0.14762948  0.11774784
  0.22817551  0.07412058]