[-0.01643714  0.11615233  0.15180054 -0.00447199  0.00285694  0.3052474
 -0.0302563   0.02324473 -0.06529561 -0.00114221  0.01931798 -0.08015067
 -0.02860198 -0.20140517  0.09885217 -0.0824644  -0.19642897  0.08883825
 -0.05914931 -0.05720806  0.08386376  0.02473004 -0.00246886  0.03973518
  0.03483793 -0.0874977  -0.10886526 -0.17180564  0.02298865 -0.08601853
  0.0980062  -0.12672792 -0.12385038  0.02144763  0.14945553  0.03562013
 -0.03763955 -0.10094695  0.02125398 -0.01179813  0.11434337 -0.14330567
 -0.12457016 -0.02177179 -0.07293984 -0.02353492  0.06963508  0.03012594
 -0.22671576 -0.01992194 -0.03582214 -0.02134735  0.06526097 -0.01195087
 -0.07332833  0.04563648  0.04138656 -0.03159504 -0.03214817 -0.14200552
 -0.03579539  0.13613681  0.06932724 -0.10077297  0.08761571  0.05703274
  0.0948118  -0.01394748 -0.04762184  0.10829508  0.00844359  0.05747964
  0.00270736 -0.09596989  0.05759122 -0.01899872 -0.18071233  0.01768428
  0.07285937  0.10064331 -0.04124654  0.06417197  0.02647479  0.00985002
 -0.03096022  0.08198281  0.05927847  0.03171677 -0.0646954   0.0982804
  0.11770163 -0.02911854  0.00756806  0.0526389  -0.20280935 -0.08501577
 -0.02481766  0.03646288 -0.03605815  0.02103187  0.12381177  0.03452087
 -0.09223158 -0.10295948  0.07095906  0.08684083  0.08362406  0.00400456
 -0.08270526  0.06130035  0.04459878  0.0228053   0.02563123 -0.12164497
  0.05393238  0.04300217 -0.26481152  0.04012435 -0.03455695 -0.00809365
  0.05206772 -0.14260206 -0.02636655 -0.03030708  0.09428655  0.13309866
  0.04736796  0.01511743]