[ 0.05687057  0.23767762  0.06179288  0.10190619  0.019672    0.17413996
 -0.04029438 -0.04788266  0.03867454 -0.04663353  0.04460302 -0.06909072
 -0.07348545 -0.09468853 -0.07613655 -0.03963361  0.04044955  0.03647805
 -0.00946367 -0.06907743  0.15771456  0.02437537 -0.0372546  -0.01903345
  0.13035829 -0.16904917 -0.06603256  0.00825162  0.08546293  0.09993204
  0.05793598 -0.14507176 -0.04017848 -0.05968798  0.10918815 -0.04081219
  0.02989122 -0.05049575  0.05385055 -0.05649132 -0.05672194  0.02306638
 -0.02509989 -0.05277956  0.00880507  0.03815541  0.01741773 -0.05913758
 -0.06513962 -0.04623688  0.08932809  0.28515562  0.02182391  0.0023946
 -0.01919289 -0.04198311  0.09350862 -0.13198711 -0.01097452 -0.15639086
  0.02522101 -0.02873378  0.02397609 -0.12492996  0.01832553 -0.11053282
  0.07833698  0.02886544 -0.01352438  0.15195411  0.12137715  0.05774874
 -0.03512475 -0.16793941 -0.01097435  0.07738043 -0.06194474  0.10809845
 -0.03052898  0.10894149 -0.06951924  0.11091422  0.13229884  0.12765528
  0.14157957  0.03609539 -0.05884022  0.03670257 -0.01315417  0.03723905
 -0.0765717  -0.08504695 -0.04331227  0.09041466 -0.0826872  -0.22025247
  0.06871866  0.01770934 -0.05823731 -0.00819561  0.11055942  0.1677874
 -0.01349447  0.01139004 -0.03204829  0.02662535  0.14831695  0.02753562
  0.03426226  0.04559758  0.00785061 -0.10810073 -0.05765551  0.05747453
  0.05879511  0.03758637 -0.21412009  0.03450303 -0.06824464 -0.01554979
 -0.08148881  0.03208118 -0.01121378 -0.0700452   0.20218487  0.07810598
  0.1736284   0.03537784]