[ 0.11921105  0.16182703  0.10963325  0.02681131  0.00392627  0.17972644
  0.04402095  0.0260199  -0.00979071 -0.11863517 -0.00326325 -0.04542977
 -0.01837425 -0.05569038 -0.10778996 -0.04143098  0.00448656 -0.00573765
 -0.1489584   0.0475057   0.12712918  0.09508463 -0.04455429  0.06300864
 -0.04302444 -0.11912459 -0.09254623 -0.0039394   0.05657664  0.04013652
 -0.09484721 -0.15997285 -0.11752558 -0.00434861  0.06876807 -0.03697878
 -0.00613621  0.08690085 -0.09234071 -0.00922451 -0.07921966  0.08139252
 -0.09286496 -0.07645704  0.01580263  0.10223038  0.01295997 -0.0622852
 -0.13531324  0.08457223  0.05714283  0.17140144 -0.0184074   0.06904671
  0.05329598 -0.09003358  0.06994642 -0.0144754   0.00981011 -0.16763213
  0.05441815  0.06920752  0.06438266 -0.10157897 -0.00572643 -0.1331266
  0.09101093  0.07037386 -0.03487678  0.09688322  0.15344289  0.02158134
  0.06441028 -0.08504759  0.00101409  0.10375502 -0.0615992   0.06675155
  0.05021475  0.0495104   0.0553283   0.0904455   0.06205072  0.00570613
  0.08765836  0.00901068 -0.02779107  0.04996279 -0.01886179  0.12160221
 -0.01355296 -0.13717224 -0.04297642  0.09331903 -0.11869825 -0.10998738
  0.12335571 -0.05259944 -0.00349195  0.01779688  0.13121776  0.18727447
 -0.08189889  0.03264765 -0.15448913  0.01342919  0.02635253 -0.01306161
 -0.04240621  0.00064425  0.13555896  0.02524143 -0.02342439  0.06001039
  0.02759941  0.11602701 -0.26980007  0.058699   -0.16954617 -0.05196311
 -0.17334814  0.03238888  0.05712626 -0.05694234  0.18319829  0.12076548
  0.08510093 -0.10073102]