[ 0.03216803  0.20939857 -0.05136407 -0.0481806  -0.03147453  0.08685826
 -0.11061254 -0.08844051  0.01336111 -0.08525     0.08313331 -0.05526079
 -0.10079349 -0.02746351  0.00381107 -0.08853714 -0.06523963 -0.13444468
  0.14289229 -0.04824951 -0.02281935  0.12902948  0.02539427 -0.04989443
  0.06567344 -0.0258456   0.17236404 -0.00749336  0.05124869  0.06523322
 -0.00944817 -0.27005479  0.07545223 -0.07984833  0.06748027  0.03123121
  0.08393843 -0.0361663   0.09114741  0.11767396 -0.06002508 -0.02498103
 -0.07874635  0.02438671 -0.060044    0.23028573  0.07367578 -0.06270426
 -0.09975579  0.02372961 -0.0646432   0.2708149   0.04375193  0.05143676
 -0.03068504 -0.01439204  0.07922183 -0.024115   -0.15131849  0.00782901
 -0.04127063 -0.03069206  0.15934062 -0.04663169  0.00442827 -0.12513289
  0.08721113  0.05638194  0.07721981  0.11442313  0.08309655 -0.01615308
 -0.09312767 -0.09259058  0.16937055  0.06615166 -0.12250823  0.06118808
 -0.04558289  0.13188188 -0.05316892  0.06972837  0.06717592  0.12925729
  0.02089266  0.07819431 -0.06520417 -0.05981533 -0.07389357  0.03055427
  0.01831211 -0.09807842 -0.00972918  0.09532017 -0.02296004 -0.22624819
  0.02278194 -0.01132146  0.0845341  -0.08060092 -0.02730411  0.09764569
 -0.01845752 -0.05287009 -0.09110927  0.06616611  0.09685677  0.07054015
 -0.06291065  0.00373029  0.13699777 -0.09092376  0.00393514  0.03523216
 -0.04738303  0.07916619 -0.14730188 -0.04512866  0.04088153  0.03238224
  0.02446041 -0.03209652 -0.03626646 -0.00240572  0.0998442   0.06747471
  0.1363004   0.08182276]