[ 0.00369946  0.1574102  -0.01000429 -0.04134753 -0.04191104  0.06290668
 -0.09668238 -0.01112042  0.05342455 -0.07216851  0.04647833 -0.05378878
 -0.10723366 -0.03426261  0.00209747 -0.11662765  0.00135481 -0.15482208
  0.16201973 -0.05520628 -0.00516548  0.08859214 -0.00740484 -0.03507715
  0.07666592 -0.02735953  0.12700772 -0.00132244  0.05617953  0.00979252
  0.0740947  -0.3081066   0.0642779  -0.10583097  0.06279147  0.02289389
  0.06079385 -0.00069488  0.08709331  0.11092782 -0.05831968  0.03891425
 -0.14136998 -0.02617253  0.00950503  0.16424941 -0.00508745 -0.07969891
 -0.02395523 -0.02663215 -0.09695078  0.2793828   0.0789948   0.00622324
 -0.06701552 -0.01750412  0.07833941 -0.02705011 -0.15265726 -0.01203448
 -0.01847203 -0.02843693  0.0998363  -0.06025149 -0.0076649  -0.14029251
  0.12420761  0.07242937  0.08777817  0.06545475  0.10694795  0.0030408
 -0.09995333 -0.10774823  0.12553883  0.07802026 -0.12028061  0.0851075
  0.00122169  0.16048473 -0.14432369  0.05810327  0.11100921  0.1473498
  0.07566641  0.00724732 -0.0251314   0.00167104 -0.04087644 -0.06474196
 -0.03229561 -0.04189022  0.06544968  0.13185933  0.00110811 -0.25199899
  0.07001376 -0.06377804 -0.00923258 -0.05248668 -0.02546264  0.0877879
 -0.07295242 -0.05344117 -0.08053806  0.05617398  0.13624312 -0.02770362
 -0.02791718  0.02120491  0.10360899 -0.11795281 -0.00605974  0.04880909
 -0.02190708  0.08637945 -0.18247052 -0.04376643 -0.00547628  0.01479074
 -0.04373814 -0.00988322 -0.090061   -0.03222224  0.10243022  0.06500307
  0.0944945   0.07476299]