[-1.78603653e-03  1.08449973e-01 -6.77163043e-05 -7.80913010e-02
 -6.57663941e-02  7.32280314e-02 -8.42938200e-02  3.63879874e-02
  1.18466839e-02 -3.11116613e-02  9.17867199e-02 -8.06139559e-02
 -8.80734250e-02 -4.54538092e-02  9.87639874e-02 -1.50055766e-01
 -4.39328179e-02 -1.53708279e-01  1.78040326e-01 -6.61911964e-02
 -8.09346884e-02  9.52715203e-02 -1.63019262e-03 -4.85621616e-02
  5.43190241e-02  6.40663691e-03  1.66520938e-01 -2.45699119e-02
  3.28196548e-02 -8.40026811e-02  8.36709887e-02 -3.37159455e-01
  5.07941395e-02 -9.29670483e-02  5.58310933e-02  5.12350276e-02
  3.67605612e-02 -1.68526135e-02  7.94662982e-02  1.37416139e-01
  2.91626365e-03 -2.75269616e-04 -1.99987009e-01  2.70523429e-02
 -5.12552746e-02  1.43055290e-01 -2.37034690e-02 -5.07488996e-02
 -6.51641712e-02 -4.71096039e-02 -1.46814540e-01  1.94433495e-01
  5.10137118e-02 -7.59321311e-03 -1.16309933e-01  3.28760198e-03
  7.44818943e-03  1.33166853e-02 -1.64317399e-01  4.26491164e-02
 -6.93224743e-02 -2.67641246e-02  1.21315733e-01 -3.53989564e-02
  1.57468561e-02 -6.91618994e-02  1.40607819e-01  6.65865541e-02
  1.03688024e-01  3.42885219e-02  9.23911408e-02  7.65950012e-04
 -6.76644892e-02 -8.35630670e-02  1.45976961e-01  2.23095436e-02
 -1.54577345e-01  5.81507832e-02  1.01185841e-02  1.47367805e-01
 -1.44603103e-01 -6.46831561e-03  6.66541904e-02  8.28471184e-02
  1.44175095e-02  2.50335597e-02  2.15582829e-02 -2.91921347e-02
 -5.40226549e-02 -6.51375949e-02  3.55340987e-02 -3.23339738e-02
  6.91919252e-02  9.50037464e-02 -7.49271503e-03 -2.32786164e-01
  4.25401255e-02 -1.10643536e-01  2.69497070e-03 -5.15894406e-02
 -7.92938173e-02  5.69618233e-02 -6.47347346e-02 -1.16342716e-01
 -5.64895272e-02  8.71026590e-02  1.35077611e-01 -2.28041224e-02
 -3.04630734e-02 -7.14366557e-04  1.27644956e-01 -7.68757090e-02
  2.88146436e-02  1.07080555e-02 -1.68474298e-02  4.95550297e-02
 -1.70225337e-01 -4.89893705e-02  4.18759361e-02 -9.43841320e-03
 -5.72486734e-03 -8.20019618e-02 -1.08947292e-01  3.45421471e-02
  1.13209374e-01  4.24023308e-02  6.77872524e-02  7.82032907e-02]