[-0.04648123  0.18287976 -0.03965893 -0.12437028 -0.03589755  0.09759707
 -0.11466702 -0.04537582  0.06890697 -0.04084323  0.05188962 -0.05394406
 -0.03750307 -0.09724914  0.05224034 -0.10279109 -0.06821779 -0.16751455
  0.11585362 -0.04019899 -0.02412041  0.09361029 -0.00082265  0.07896133
  0.06134089  0.03708265  0.17181164 -0.07416078  0.11605755  0.01010565
  0.16648008 -0.28521648  0.04927672 -0.05918229  0.07025959  0.04630416
  0.07103273  0.02995248  0.08155525  0.12021048  0.00112715 -0.05578635
 -0.1265253   0.11873288 -0.01526822  0.10834514  0.07205369  0.03279753
 -0.06702974 -0.03607013 -0.13864155  0.13746397  0.08530488 -0.06934439
 -0.05130316  0.04672297 -0.04322105  0.1201537  -0.13464713 -0.069642
 -0.11065996 -0.04641733  0.19922958 -0.03420928 -0.00320191 -0.10286399
  0.12642801  0.01883268  0.04002409  0.00120256  0.00498714 -0.00662242
 -0.1362309  -0.07482562  0.17269814 -0.01882803 -0.14810281  0.10863496
  0.03955984  0.21551318 -0.07136361  0.04850422  0.06025693  0.09230135
  0.02846475 -0.04755475  0.01981178 -0.00800483 -0.02303699 -0.04425556
  0.03367141 -0.05424061  0.06098967  0.08817236  0.01129787 -0.19263183
  0.00105672 -0.02595854  0.02461099 -0.10039665 -0.06083658  0.02412806
 -0.08944441 -0.03086763 -0.13946299  0.06760098  0.04621438 -0.01409229
  0.0036719   0.00357439  0.16697975 -0.00169636 -0.05244886  0.04387373
 -0.03652398  0.09154346 -0.20214738 -0.07829683  0.00877394  0.06777794
  0.04278678 -0.02504479 -0.1155548   0.02619128 -0.04322593  0.0595721
 -0.01426544  0.04490159]