[ 0.05112438  0.16648819 -0.10540915 -0.06933472 -0.02183827  0.05488403
 -0.0440061  -0.11223473  0.07587797 -0.07425849  0.11697879 -0.04896522
 -0.07501736  0.02726271  0.0023956  -0.06582517 -0.01437442 -0.0927728
  0.09918901 -0.11744078 -0.03476721  0.1720311  -0.03394032 -0.11168062
  0.05273801 -0.02499622  0.16289386  0.0440028   0.07412685  0.11518954
  0.00974191 -0.17670757  0.0712372  -0.11192542  0.05967479  0.01152653
  0.04372543 -0.06391781  0.13585751  0.14039838 -0.05744863  0.01557302
 -0.10136607  0.04663979 -0.01504462  0.18841028 -0.03888639 -0.05525348
 -0.04051708 -0.09597024 -0.0855758   0.26319572  0.05113222 -0.00497844
 -0.14712141  0.01101413 -0.00637946  0.03371898 -0.19929135  0.12550656
 -0.06281655 -0.07692979  0.16446973 -0.01992893 -0.0158337  -0.10574966
  0.07647011  0.07016225  0.05657442  0.03620003  0.11629409 -0.05225679
 -0.07880817 -0.14696409  0.0883818   0.07810252 -0.09653371 -0.0411156
 -0.12356476  0.10421554 -0.00114937  0.03477867  0.03803327  0.11456176
  0.00356086  0.06990789 -0.04064276 -0.14023443 -0.12384512 -0.00572441
 -0.01279617 -0.1136524  -0.04181308  0.11711168  0.03114861 -0.16794273
 -0.00865342 -0.10713001  0.0848489  -0.00101343 -0.03130341  0.06632881
 -0.01642771 -0.02891935 -0.09289474  0.04905017  0.10439027  0.05933041
 -0.05753845 -0.00579523  0.12853537 -0.16184351 -0.03061712  0.05525567
 -0.0365845   0.06307901 -0.15242428  0.02868576  0.07198457  0.00931709
  0.01252778 -0.07903425 -0.06652012  0.01245443  0.14878219  0.02780689
  0.05298255  0.04770356]