[-0.07331335 -0.01858388  0.16575377  0.06482498  0.05692372  0.16189139
 -0.03205212 -0.11745141  0.08919954 -0.0966821   0.01233117  0.0454353
 -0.07552087 -0.02975911  0.12746918  0.00443417 -0.09211077  0.03478001
 -0.00833613 -0.17504974  0.10047109  0.05895533 -0.05296357  0.07336961
  0.17390132 -0.00992688 -0.05783961 -0.10449392 -0.07406219  0.01068337
  0.21485335  0.0207356  -0.00403559  0.05692071  0.10980635  0.09509093
 -0.00920773 -0.15501298  0.07533395 -0.02264029  0.18140452 -0.03052274
  0.04346756 -0.03631895  0.02272001 -0.05697612  0.02102213 -0.08945365
 -0.04770266 -0.17868406 -0.0165465  -0.12820597  0.14502278 -0.05606596
  0.03674461  0.15450545 -0.08023463  0.09987065 -0.10118938  0.01267708
 -0.07487907  0.01323982 -0.01626711 -0.10238612  0.14937903  0.11521589
  0.00560907  0.01817171 -0.07061963  0.13574196  0.03075782  0.07465449
 -0.07502443 -0.18343     0.04853869  0.07307206 -0.09823169 -0.04842978
 -0.09158734  0.04342561 -0.0458062   0.12352074  0.09095125  0.02940912
 -0.11856309  0.0018139   0.11973512 -0.02092774 -0.21764009  0.04589431
  0.03525768 -0.04771416  0.00534092  0.02942823 -0.08848733  0.10115668
 -0.0977364  -0.0397419   0.04144376  0.07876457  0.00514774 -0.08371338
 -0.07591419 -0.05847087  0.05925205  0.04243886  0.00765961 -0.08155101
 -0.13650805 -0.01033057 -0.0589342  -0.0670722  -0.04314312 -0.10864542
  0.12828948  0.02758889 -0.16259837  0.01888885 -0.01068701  0.07673869
  0.18019593 -0.01949064 -0.05914219 -0.0322484   0.06613462  0.14823067
  0.05515807  0.05065983]