[-0.02592873  0.02503751  0.11109739  0.00913742 -0.02659416  0.08128385
  0.03315064 -0.12664239  0.02249095 -0.09389289  0.07664243 -0.04498295
  0.00862426  0.09482168  0.08340741 -0.04080011 -0.07680104  0.06110041
  0.00506442 -0.13963082  0.12441007  0.08214203 -0.16650999  0.03092794
  0.06197139  0.06310263 -0.13897873 -0.07141279  0.05134417  0.12193985
  0.07330894  0.02355828 -0.02015573 -0.05115785  0.14732453  0.08948681
 -0.05810608 -0.05311899  0.05908947 -0.0516412   0.04426955  0.05109844
 -0.03104564  0.07432314  0.05131513  0.03753154  0.04589576 -0.07327864
 -0.12913677 -0.28186563 -0.11719131 -0.05573124  0.14794041 -0.04487278
  0.0203412   0.14511891 -0.13248774  0.16989939 -0.05680278 -0.03562406
 -0.04183437  0.03801186  0.08767575  0.04494274  0.05859051  0.16273569
  0.07343061 -0.01065509 -0.00064359 -0.01682029  0.10176653 -0.06044003
  0.01848739 -0.18908684  0.00999827  0.0150632  -0.17364775 -0.14472573
 -0.03548043  0.01156592  0.07083038  0.1298876  -0.04355072 -0.08616123
 -0.0630765   0.00611563  0.07193474 -0.12311088 -0.1530105   0.07594959
  0.09622854 -0.04752098 -0.02751582  0.00449811 -0.08485866  0.05567098
 -0.05653796 -0.03782316  0.08118587  0.08595262  0.02331448  0.05061375
  0.02770217 -0.13380787 -0.13827667  0.12390226  0.04210127 -0.05376416
 -0.03141776 -0.03664837  0.10396142 -0.11527279 -0.15817136 -0.15074979
  0.08712138  0.07914965 -0.16352126 -0.0673578  -0.0143696  -0.0869697
  0.07451224 -0.10946821 -0.03988944 -0.01887544  0.03964988  0.15138182
  0.06768759  0.0160813 ]