[-0.01240968  0.09855779  0.1336327   0.01838243 -0.02954381  0.07943793
 -0.07486732  0.00963424  0.01886189 -0.08895319  0.07571726 -0.1024629
  0.09024338  0.02102222  0.12873723  0.02533966 -0.01117274 -0.0803561
 -0.08946446  0.06364276  0.12749508 -0.0988095   0.0660552   0.09893347
  0.14378199 -0.09160368 -0.0508602  -0.00166903  0.0730386  -0.01006165
  0.19116785 -0.03333395  0.08748371  0.10953568 -0.00206132  0.05929608
  0.05191253  0.13794775  0.0110027  -0.11937599  0.02480121 -0.11054879
  0.08598576 -0.03264568  0.01594302 -0.11826871  0.05248825  0.02495574
 -0.09027777  0.01622731 -0.10492865 -0.04974554  0.07660903  0.0094909
  0.05019532  0.02493019 -0.11248571  0.02154681 -0.02233912 -0.21225572
 -0.16371788 -0.01155698  0.00720651 -0.10655375 -0.0026815   0.27032578
  0.00532383 -0.00927697 -0.1691689  -0.06401573 -0.05299547 -0.03945277
 -0.10956563 -0.072275    0.17698556 -0.07043956  0.0528052  -0.06208125
  0.08898647  0.20846073 -0.02843763 -0.11186414  0.04446097 -0.04961004
  0.02132766  0.02392495 -0.04423189  0.04400462  0.04525999  0.09545027
  0.08402129 -0.12622406  0.01058907  0.07647423 -0.08293253 -0.03205441
 -0.11431226  0.130753   -0.03790221 -0.05568499 -0.00927234 -0.03746582
 -0.04441476  0.04045326 -0.02841853  0.16154546  0.02209526  0.04567441
  0.16433193 -0.17835084 -0.08013207  0.10381383 -0.13148166  0.06815016
  0.10851895  0.01239354 -0.07919458  0.0483414   0.03255324  0.17103052
  0.03864387 -0.01993916 -0.04778461  0.07658541  0.02013872  0.03859783
  0.15944657  0.03273668]