[ 0.06491082  0.27124855  0.02897745  0.02028513 -0.04295524  0.02227478
  0.05431069 -0.06379531 -0.0387023  -0.05573569  0.06348177 -0.05052382
 -0.04817623 -0.0121327  -0.00736795 -0.10078952 -0.02349215 -0.0911788
  0.02971584 -0.04118266  0.01647764  0.01925029 -0.13566019 -0.10364322
  0.10987972 -0.07358363 -0.03593805  0.1060641   0.08250209  0.15310843
 -0.08606566 -0.07620084  0.02092066 -0.00237084  0.04674818 -0.07849363
  0.08725752 -0.02142749  0.12898435 -0.04931479 -0.00525259 -0.08620806
  0.0964018  -0.04854298  0.0191539   0.18573391  0.05808656 -0.08313981
 -0.17933711 -0.06191855 -0.04797383  0.26138657  0.01828116  0.07409991
  0.03451332 -0.02634243 -0.0750016  -0.05767136 -0.14151457 -0.03610374
  0.00950298 -0.04083554  0.06476336 -0.03723228 -0.0375124   0.1028192
  0.03839882 -0.01063428 -0.05457541 -0.05764597  0.08048324 -0.07156391
 -0.06229272 -0.04293817  0.13895753  0.08959886  0.01613289 -0.05520645
  0.01806712  0.11258795 -0.05878088  0.00172112  0.06932258  0.08550991
  0.05990773  0.07523826 -0.0821118  -0.08475385  0.02401764  0.11010524
  0.01973419 -0.16619492 -0.01705514  0.08508252 -0.11616195 -0.18437897
  0.06180278 -0.04531636  0.08480312 -0.07249861 -0.01454471  0.14078064
  0.03452567  0.04106741 -0.14696629  0.12570101  0.10214908  0.22081546
 -0.02113092 -0.05787759  0.11893847 -0.13398579 -0.16052984  0.04069333
  0.01327737 -0.02786132 -0.11645907  0.01820897  0.09121541 -0.00421939
 -0.00499909 -0.02035566 -0.01320256  0.02873976  0.19449501  0.03308
  0.19867645 -0.03718781]