[ 0.09549379  0.23115261  0.02247236  0.00529386 -0.02490621 -0.00249853
  0.09172447 -0.09103738 -0.03501524 -0.08537821  0.0929542  -0.01604725
 -0.02579788  0.07123479 -0.00421405 -0.11943296  0.03028265 -0.08951725
  0.01467369 -0.02971982  0.01603982  0.06967295 -0.15446423 -0.02926965
  0.08963172 -0.03266317 -0.01019971  0.12888622  0.11562374  0.18494953
 -0.08170432 -0.04992052  0.00961442 -0.00420384  0.01855035 -0.05996862
  0.053422    0.03261955  0.10562132 -0.00320028 -0.00458734 -0.0080838
  0.06493566  0.00202245 -0.00913261  0.16719297  0.03573282 -0.09387688
 -0.12530899 -0.09483516 -0.02845155  0.26459554 -0.00812396  0.05863926
  0.05631914 -0.00510832 -0.13136908  0.08180486 -0.13555595 -0.00225228
 -0.03537927 -0.07280014  0.11074138 -0.02520418 -0.04392771  0.06844042
  0.06757672 -0.02339473 -0.06834255 -0.03548551  0.10702303 -0.07147492
 -0.0320907  -0.01838174  0.12359711  0.06622673  0.01049865 -0.07052162
 -0.00066613  0.0955302  -0.02032724  0.0237933   0.07592757  0.03070232
  0.06605043 -0.00953023 -0.03322396 -0.10797467 -0.00706183  0.09222819
  0.02304844 -0.18915313 -0.01677856  0.07370742 -0.05811275 -0.18163136
  0.06742487 -0.08731505  0.11709884 -0.05850998 -0.06323846  0.17695765
  0.05237921  0.08716369 -0.22522868  0.12260225  0.06269196  0.17842996
  0.02602524 -0.11006092  0.16379721 -0.10528494 -0.20367305  0.08343235
  0.01787934 -0.00984548 -0.08411761 -0.03090202  0.08311929  0.01567384
 -0.00210668 -0.01309786 -0.04386546  0.03621544  0.15886207  0.03845846
  0.17167786 -0.04495452]