[ 0.10780244  0.23448253 -0.01114674 -0.03314652 -0.04065391  0.03912636
  0.00897588 -0.13967675 -0.00858575 -0.06390312  0.12445138 -0.03283037
  0.05648704  0.08254958 -0.03515225 -0.06250425  0.03298888 -0.06723655
 -0.05997935 -0.00256145  0.03726619  0.10366254 -0.10677412 -0.01434803
  0.04759929 -0.03729802  0.02959755  0.14355054  0.10444663  0.2131035
 -0.07437634 -0.0504101   0.00795325  0.01739947  0.02033498 -0.051542
  0.06086312  0.06473159  0.14375299  0.02984068 -0.08865228 -0.02751889
  0.03642639 -0.03775003  0.02862163  0.09284139 -0.00435298 -0.00416702
 -0.09438472 -0.03145504  0.02369471  0.25382474  0.0028405   0.07486767
  0.00055583 -0.03897525 -0.08890965  0.03549432 -0.11562517 -0.04545514
 -0.04947348 -0.05720072  0.1121464  -0.02055198 -0.11654653  0.04876876
  0.07227206  0.06454744 -0.08457301 -0.05674068  0.09717081 -0.10273135
 -0.04855791 -0.0798644   0.12054422  0.05640635  0.00199448 -0.11841016
  0.00536494  0.17144494  0.07926047 -0.00136691  0.09302437  0.03951755
  0.04226344  0.01924399 -0.05674132 -0.10608254  0.01850051  0.10944631
 -0.02744631 -0.21421073  0.01813377  0.16550387 -0.12083074 -0.18025258
 -0.0092661  -0.05791652  0.08728893 -0.07592985  0.04066684  0.17406039
 -0.00153651  0.12512046 -0.15163879  0.08732325  0.03413171  0.14110091
  0.02324909 -0.0900194   0.13700734 -0.06571411 -0.16354376  0.16198112
 -0.03169387  0.03886122 -0.15956794  0.07802426  0.00742803  0.01532872
 -0.01583546 -0.06041294 -0.02036487 -0.00537668  0.1479028   0.04529021
  0.12140463 -0.03532002]