[ 0.06880246  0.19889447 -0.01216966 -0.02986425  0.01006151 -0.01531469
  0.09866869 -0.0366791  -0.02038448 -0.00670123  0.05529132 -0.15470511
  0.01089938  0.08901371  0.12488661 -0.03996111  0.06561755 -0.02224936
 -0.01030868 -0.04678864 -0.00275259  0.02089275 -0.06458022 -0.18360074
  0.04063492 -0.06229053 -0.15927047  0.03341081  0.12359381  0.07739683
 -0.00886486  0.12322731  0.02887968 -0.02757278  0.08057487  0.01603387
  0.07568506  0.09040904  0.08638479 -0.08844386 -0.03031308 -0.0004458
 -0.02599076 -0.04093247  0.01042964  0.29321247  0.00203811 -0.00536249
 -0.21032634 -0.16931763 -0.1792601   0.20731814  0.03010813 -0.02413274
 -0.08170983 -0.02815984 -0.07361253 -0.02905025 -0.10507756  0.01661169
 -0.02877281  0.00584726  0.02166692 -0.0326875   0.00046239  0.15024012
  0.03145574  0.11597741  0.00114447 -0.04515893  0.11412808 -0.08371937
 -0.04036691 -0.07149381  0.03192491  0.02228474 -0.04980711 -0.09138011
 -0.00985134 -0.03570273 -0.03769811  0.05755368 -0.13136217 -0.05063671
  0.05132092  0.05339678 -0.08430964 -0.12062302 -0.03041216  0.08932815
  0.12812805 -0.06635379 -0.06874987  0.00929677 -0.00040277 -0.06937962
  0.05705271 -0.03174181  0.03194188 -0.01391486 -0.01400226  0.04597085
  0.04415333 -0.0213798  -0.19413105  0.12230233  0.05280759  0.12705083
  0.14524348 -0.04998241  0.09868532 -0.08599488 -0.17934658 -0.0493123
  0.09341124 -0.04403718 -0.14777656 -0.10660508  0.11769256 -0.02740729
  0.00146985  0.00932573  0.01342963  0.17464969  0.15624624 -0.05674872
  0.13726996 -0.09653907]