[ 0.02957846  0.17105483  0.07937142  0.01371513 -0.02727936 -0.04209497
  0.13117291 -0.12721825 -0.10090981 -0.04966904  0.01384939  0.04245226
 -0.00311569 -0.00146418 -0.07867987 -0.11025807 -0.11822945  0.01651115
 -0.01520624  0.01095403  0.06443926  0.04716962 -0.16733107 -0.05939955
  0.01633971  0.07253014 -0.13535723  0.0276411   0.0427645   0.21651469
 -0.18895367 -0.033072   -0.05571242 -0.01534132  0.13631792 -0.123423
  0.04787579  0.07816804  0.09589553 -0.06510876 -0.00113978  0.02317044
  0.15838495  0.08191113 -0.05580434  0.08036948  0.14578986 -0.10801218
 -0.11126639 -0.03564951  0.03726562  0.06974076 -0.04670378  0.13574779
  0.18248181 -0.03025175 -0.07367925  0.03710793 -0.07126131 -0.10277667
  0.08316024 -0.07871994  0.09128904  0.08129048  0.00831572 -0.00576719
  0.04647637 -0.09071507  0.00961729 -0.07308215  0.10889458 -0.01565106
  0.09639929  0.04904526  0.02508169  0.03125283 -0.0912042  -0.07708197
  0.0761146   0.03127138  0.05557104  0.10105867  0.05491529  0.04855266
  0.02375806 -0.07467242  0.01669383 -0.02360225  0.07975905  0.07001931
 -0.00626554 -0.1231861   0.01279899 -0.07613724 -0.16889414 -0.17475328
  0.06872954  0.01685659  0.11158154 -0.04690196 -0.04326192  0.2001608
  0.1134242   0.04160277 -0.16640277  0.03228019  0.03313671  0.2174041
 -0.01276333  0.0156625   0.16489862 -0.10152502 -0.22577555  0.03487669
 -0.04734261  0.0110818  -0.02248991 -0.04767372 -0.05670643 -0.1226112
 -0.00945539  0.05895165  0.02749754 -0.03459784  0.05923763  0.0211387
  0.12864527 -0.02189123]