[ 0.01106505  0.23466824  0.04522645 -0.04049148 -0.07168769  0.0542739
 -0.02003135 -0.08541189 -0.02052561 -0.10847338  0.09751767 -0.05326916
 -0.02555586 -0.00634523  0.01486449 -0.08978958 -0.1201704  -0.12422616
  0.01758777 -0.09460188  0.04330126  0.08830727 -0.1152218  -0.04475569
  0.1005306   0.0148986   0.04254102  0.02541362  0.08230702  0.12183409
 -0.02088057 -0.11915147  0.02146885 -0.00259518  0.03254139 -0.0266325
  0.04966972 -0.012049    0.12612633  0.07978661  0.04077841 -0.08300395
  0.02128031  0.04849317  0.00301526  0.15929225  0.09367944 -0.10444844
 -0.17398387 -0.11783921 -0.0602802   0.20153774  0.04191079  0.06566555
  0.00423682  0.03327464 -0.04837157  0.03618255 -0.11459736 -0.04669322
 -0.04046914 -0.05231142  0.10279181  0.04111765 -0.04702435  0.04750049
  0.10259181 -0.00393759  0.04224831 -0.02112812  0.05801084 -0.07422748
 -0.05441161 -0.0786431   0.21582243  0.05065783 -0.12936921 -0.05020225
 -0.04096807  0.18641172 -0.00990549  0.04254895  0.09798071  0.07620799
 -0.02516129  0.09955808  0.02483706 -0.11365088 -0.09726971  0.04661491
  0.02125584 -0.1581676  -0.01441665  0.05023401 -0.14851633 -0.16577254
 -0.00341259 -0.02536723  0.12896615 -0.06339826 -0.06269181  0.10979509
  0.04127203  0.06262922 -0.13700834  0.08543584  0.03320712  0.22614241
 -0.05622318 -0.10985857  0.14286047 -0.10310145 -0.20100857 -0.00208359
 -0.00972224  0.04535718 -0.17277312 -0.04127899  0.08130997 -0.00240991
  0.06697593 -0.03088188 -0.06501892  0.0087897   0.11848556  0.05815323
  0.1200809   0.05741465]