[ 0.13416567  0.17169464 -0.04652062 -0.03197363  0.00540623  0.15590063
  0.05911239  0.02323543 -0.03958791 -0.09633119  0.10209931  0.00482646
  0.00573596 -0.05343153 -0.07102312 -0.04433949 -0.03065495 -0.03134967
 -0.11327501 -0.03518218  0.08007475  0.16518094 -0.12819852  0.0158556
  0.01052857 -0.04851716  0.03940276  0.0174962   0.01135046  0.12571013
 -0.12725982 -0.11912737 -0.11375662  0.0457591  -0.02172164 -0.04498222
  0.00711938 -0.07031139 -0.01365411  0.12195824  0.01341334  0.0301141
  0.03319762  0.13552201 -0.02941322  0.06064415  0.09868867 -0.08410423
 -0.1197108   0.04371228  0.13624087  0.095221   -0.1529814   0.08599573
  0.05475257 -0.02836545 -0.09642946  0.05325862  0.02365525 -0.07019125
  0.00725491 -0.06928676  0.11071376 -0.02667958 -0.0836788  -0.16133542
  0.10379758  0.04117269  0.07427275  0.06055117  0.13303059  0.04939642
  0.0826458  -0.07316788  0.02477892  0.05092353 -0.10065554  0.05620231
 -0.08418994  0.06750876  0.09973435  0.11583024  0.09146149  0.0121919
 -0.02554028  0.07940705  0.07047102 -0.08989271 -0.03521047  0.06485429
 -0.04838488 -0.20332678 -0.15996838 -0.02770285 -0.10432048 -0.09845988
  0.06666275 -0.11156551  0.03003077 -0.01998584 -0.05820278  0.15723811
  0.07799475  0.08010831 -0.22974038  0.00223829 -0.11324219  0.15285701
 -0.17061332 -0.04273794  0.20235418 -0.02610111 -0.13932742  0.05889264
 -0.03422575  0.01803966 -0.14923556 -0.04107006 -0.05853169 -0.07114562
 -0.01672645  0.04538806  0.07619371  0.04601134  0.15525225 -0.03249043
  0.05626067 -0.02240448]