[ 0.00692868  0.12212642  0.09677827 -0.00801934 -0.05201838  0.10155594
  0.03003829  0.01415813  0.16768318 -0.06189467  0.15064944 -0.08928026
 -0.0510719   0.05435527  0.13616101 -0.09327526 -0.01805247 -0.03373175
 -0.10724006 -0.11220562 -0.02098957  0.05406862  0.00976166  0.06019213
  0.07393897 -0.10695945  0.037812    0.08418775  0.097145   -0.0885429
  0.20422754 -0.08132591  0.0168709   0.0222257  -0.00677747  0.08210638
 -0.01338349  0.11420233 -0.02657405  0.10268216  0.05209047  0.04601019
 -0.16463658  0.00756889 -0.040442   -0.10252465 -0.11364366 -0.00881932
  0.00456824 -0.03855259 -0.13127324  0.1432896  -0.02966738 -0.04754932
 -0.09790708  0.06467549 -0.12999615  0.15640108 -0.10134546 -0.02433005
 -0.24345374 -0.05376859  0.12736179 -0.11281181 -0.01062383  0.15521567
  0.11341784  0.00701639 -0.1261521   0.15312757  0.0737678   0.01217865
  0.00461716  0.06019968  0.10488319 -0.1288299  -0.03950271 -0.09129737
 -0.05263099 -0.00497521 -0.06113786  0.00780598  0.03099346 -0.09498125
  0.01911429 -0.04924846  0.01147101 -0.05171899 -0.03636587  0.02637555
  0.10612278 -0.14280136  0.03308292 -0.03014932  0.13614129 -0.08677599
 -0.06148893 -0.07862867  0.00396305  0.07314738 -0.10640524 -0.01818577
 -0.04034466 -0.00586541 -0.05743185  0.12904085  0.05552767 -0.11086237
  0.14783016 -0.14818786  0.0463244   0.10951    -0.01759235  0.09452631
  0.1381551  -0.01892649 -0.00282332 -0.00362884  0.18289082  0.08466535
  0.08818624 -0.07027524 -0.0732775   0.10612602  0.10345583  0.00868335
  0.11701693  0.03916681]