[ 0.09924942  0.1756504  -0.01168384  0.05843554 -0.00129276  0.24080302
 -0.05531508 -0.06685164  0.04681941  0.03866081  0.11703845 -0.07014348
 -0.06561593 -0.08652003  0.026816   -0.01012295  0.00401693  0.09209763
 -0.00663301 -0.14935631  0.03973512  0.15750232 -0.07096622  0.05054376
  0.08284122 -0.15770152  0.07654886 -0.00827613 -0.03443896  0.09657919
  0.00578382 -0.13699505 -0.087072    0.00737337  0.09213752  0.04491865
  0.03166424 -0.27297819  0.01553095  0.04943416 -0.04578221 -0.05013543
 -0.01513857  0.05515184  0.01162227  0.02595494  0.0311095   0.03049448
 -0.06930566  0.01175528  0.21363562  0.10921893 -0.05082823 -0.02012956
 -0.04979984  0.03609458 -0.03532054 -0.09325203  0.06764225 -0.02043693
  0.02089898 -0.04378957  0.02062203 -0.12928113  0.00905898 -0.15317556
  0.07120971  0.02936852  0.02348385  0.22669327  0.06590731  0.07651377
 -0.00101634 -0.22158678 -0.08265014  0.01752371 -0.05315399  0.13058197
 -0.12264348  0.01444637  0.10028771  0.10952811  0.0231932   0.02726812
  0.01895572  0.08967577 -0.04246698 -0.11660293 -0.07563166  0.15074408
 -0.07290207 -0.08881697 -0.13473049  0.03336309 -0.09350549 -0.02763377
 -0.00796865 -0.10240739  0.03409003  0.03017121  0.10193224  0.12933855
  0.0131776  -0.10505188 -0.01311929 -0.02179187  0.00728216 -0.0640532
 -0.18377814  0.12210935  0.06295647 -0.07540283  0.06647021 -0.02768082
  0.01151668 -0.0129461  -0.12414773  0.03969928 -0.07589402 -0.06321583
  0.04769715 -0.05273739  0.08527951  0.02396576  0.20229602  0.01019087
  0.10897242  0.01412016]