[ 0.06295391  0.19996637  0.04464199  0.08610959 -0.03279492  0.25526741
 -0.03686377 -0.01372438  0.12024926 -0.02778898  0.1278698  -0.04969417
 -0.05466519 -0.12137242  0.03769516 -0.0658314  -0.01242466  0.07266023
 -0.06265277 -0.16064218  0.08689164  0.12097789 -0.06668123  0.08676188
  0.11173654 -0.22250386  0.02852265 -0.03117106 -0.0531536   0.08015998
  0.09294394 -0.154503   -0.05801276  0.0663287   0.0605614   0.02317892
  0.06339539 -0.20577404 -0.02318547  0.08383148  0.02146975 -0.04243493
 -0.02342824  0.03357976 -0.00193449 -0.10113132  0.02090498 -0.03262677
 -0.03527293  0.0250641   0.18126723  0.06793221 -0.06562867  0.00030789
 -0.05394937  0.07363366 -0.06542726 -0.07731953  0.03499413 -0.06545012
 -0.0327643  -0.07046609 -0.00508109 -0.19916633  0.02688004 -0.12912694
  0.12786844 -0.02330975 -0.03028142  0.21996354  0.06100179  0.07785428
 -0.00846299 -0.1695682  -0.0446066   0.00291531 -0.0565953   0.10317
 -0.12688963  0.04976128 -0.01459007  0.09681252  0.07769196  0.04108484
  0.0286915   0.0999074   0.01054384 -0.12151855 -0.07881071  0.09655995
 -0.08223318 -0.17519043 -0.0761987  -0.00929624 -0.0879339  -0.07420997
 -0.04758576 -0.11435427 -0.0069528   0.0846768   0.03196947  0.09831404
  0.00200126 -0.02947108  0.00414135 -0.01803556  0.01640009 -0.04714242
 -0.19410796  0.070517    0.00213721 -0.08122892  0.01089656 -0.01107233
  0.01966223 -0.01638632 -0.10153402  0.02741734 -0.02472126 -0.0123153
  0.06434734  0.004883    0.00772067  0.06606399  0.23820412 -0.01278968
  0.11642846  0.04129713]