[-0.00601179  0.23750266  0.05356089  0.00337546 -0.06009292  0.15563717
 -0.11770844 -0.1763127  -0.00669912 -0.02918272  0.05418949 -0.14074098
 -0.0752185  -0.02560497  0.03383052 -0.0978199  -0.05640236  0.04883489
  0.02667533 -0.05192419 -0.04693249  0.05131283  0.04439914  0.02046215
  0.05470948 -0.09170504 -0.03469646  0.07048638  0.09375638 -0.03215112
  0.08318719 -0.14181797 -0.034642   -0.05536544  0.14089644  0.04494108
 -0.00844138 -0.00227647  0.08269292  0.00874759 -0.06005555 -0.00767452
 -0.11594877 -0.07355521 -0.01612913  0.03726989  0.01547657  0.11582693
 -0.12326497  0.03460615 -0.07564268  0.20649698  0.12291355 -0.03839958
 -0.12696193 -0.01912724  0.05319051  0.00032995 -0.06008962 -0.12382951
 -0.084782    0.1904131   0.15132631 -0.0491129  -0.05323438  0.14285707
  0.10773426 -0.01817465 -0.12399907  0.11684713  0.04123211 -0.04583575
  0.01354277  0.05441192  0.09239034 -0.0983936  -0.1109673  -0.14856835
  0.06370802  0.0591821   0.03269264  0.08724792 -0.00938487 -0.04475005
  0.06659912  0.00367782 -0.16142927 -0.04977405 -0.00046663  0.10330909
  0.13208234 -0.02197311  0.12753065  0.07045349  0.01638217 -0.17781155
 -0.02535003  0.07377993 -0.02809762 -0.05802882  0.08731159  0.09080312
 -0.03801202 -0.0795671  -0.02793221  0.15289859  0.17648876 -0.05717352
  0.08688094  0.07313316  0.16738349  0.03665769  0.08157543  0.06067457
 -0.03456913 -0.0061625  -0.14740217  0.08207281  0.08957253 -0.04124914
  0.01851445 -0.16094358 -0.03095797 -0.08897849  0.01893746  0.0976418
  0.10490797 -0.00313918]