[ 0.02154652  0.1545198  -0.01087977 -0.11405776  0.05761639  0.12460332
 -0.0956777  -0.13632818  0.07515855 -0.04603708  0.08504233 -0.0065264
 -0.03729429  0.12618814  0.02933768 -0.01551493  0.02930738  0.10026112
 -0.01672417 -0.11418166  0.00938825  0.29217872 -0.00431062  0.03857728
  0.00760915 -0.09654529  0.14695108  0.17595851  0.06031307  0.14881903
 -0.00693924 -0.17735115  0.04465161 -0.03654116  0.09109237  0.07089082
  0.03690424 -0.16378239  0.04057536  0.162779   -0.09246411  0.11585371
  0.03518836  0.0535146  -0.04739537 -0.01164938 -0.00061302  0.04152546
  0.04764529  0.07758126  0.08643215  0.12066936 -0.06493655  0.02466028
 -0.06310205  0.05738622 -0.0300367   0.08081594 -0.08254623  0.05137575
 -0.09218972  0.00652615  0.11871802 -0.03561547 -0.05859753 -0.12809706
  0.02575898  0.02190951 -0.06981081  0.20728914  0.13782343  0.01371641
  0.0216233  -0.11336589 -0.00062193  0.0473928  -0.06284128 -0.03842691
 -0.09815449 -0.08476207  0.19411631  0.16512309  0.08488931  0.10912443
  0.00753353  0.01200558 -0.071059   -0.08808979 -0.0586479   0.14382352
 -0.02914302 -0.13042295 -0.06213944  0.0598449   0.08795902 -0.07472911
 -0.13016659  0.02098079  0.00030304  0.03431614  0.02942054  0.10250279
  0.0243045  -0.05717849 -0.07588285  0.05888147 -0.02442775 -0.15226617
 -0.06290581  0.04018636  0.13116643 -0.0994955   0.06204845  0.15488254
 -0.09571588  0.03192535  0.03048161  0.08751222 -0.04858978  0.02453665
  0.09576044 -0.09238099  0.01903765 -0.07526238  0.01086942  0.04230765
  0.05287531  0.05076978]