[ 0.04905437  0.17270969  0.05602178 -0.07448772  0.04594544  0.20103621
 -0.08910511 -0.04180368  0.02057238 -0.01651363  0.07672036 -0.04501098
 -0.09052422  0.01975283  0.03356015 -0.02201996  0.02625249  0.15022276
 -0.01930207 -0.14978671  0.04426602  0.24222726  0.03647923 -0.01503793
  0.02829724 -0.15354517  0.10441877  0.13615689  0.03285889  0.04490382
  0.01877477 -0.21679203 -0.01351677  0.00211115  0.11685397  0.03338353
 -0.00398672 -0.16945338  0.03516059  0.11657022 -0.11203154  0.10012527
 -0.00508317  0.01754612 -0.04147262 -0.043143   -0.02026114  0.02074032
 -0.04524352  0.11396345  0.11228944  0.1348757  -0.10264566  0.01149398
 -0.12592345  0.03686379  0.02601279  0.02112127 -0.07217914  0.01918902
 -0.05115682  0.03145939  0.10180818 -0.11234964  0.01249141 -0.1299732
  0.00805248  0.02953779 -0.10937696  0.30478916  0.1291291   0.06149557
  0.0238841  -0.09474718 -0.09154642 -0.00499307 -0.04355506 -0.02685977
 -0.07747807 -0.10987509  0.08139489  0.12407288  0.07452331  0.07533145
 -0.00358808 -0.01018737 -0.08739995 -0.06679922 -0.00736445  0.15915522
  0.00089758 -0.1116869  -0.08706369  0.06714043  0.11678322 -0.05689099
 -0.07486939  0.03375112 -0.09365935  0.08249354  0.03164512  0.11647146
 -0.04120402 -0.07812805  0.00774332  0.05074419  0.03538885 -0.17385453
 -0.03877909  0.02794297  0.09008738 -0.06467609  0.11018713  0.14492036
  0.01367755 -0.0025937   0.02697268  0.08767916  0.00845088  0.01504687
  0.06707995 -0.0899356   0.04820477 -0.0610018   0.1219048   0.00204778
  0.13892975  0.01446248]