[-0.03095974  0.12404728  0.01845697 -0.14095472 -0.00090749  0.14129056
 -0.08874486 -0.04815708  0.09165076 -0.02318982  0.08045253 -0.01045571
 -0.04305805 -0.01074245  0.00315586 -0.0493805  -0.13243309  0.02346014
 -0.01736144 -0.13939136  0.02232381  0.28044841 -0.0604307   0.0112019
 -0.01918795 -0.01068181  0.1593418   0.07361249  0.03700123  0.09325975
 -0.0089397  -0.2786988   0.00726926 -0.05795816  0.10239056  0.04492558
  0.01389111 -0.15806676  0.02488213  0.1944555  -0.02788426  0.04575506
 -0.03641599  0.13245621 -0.03856695 -0.01154143  0.00919228  0.01094783
  0.03278283  0.03694977  0.06183842  0.11104293 -0.06986709  0.04068805
 -0.02473001  0.0432017  -0.02041159  0.01997366 -0.09006714  0.00238069
 -0.06711758 -0.06614368  0.1190715   0.071499   -0.06157279 -0.19873625
  0.07610159  0.03734254  0.08231566  0.15147671  0.14043279  0.02375524
  0.04443273 -0.13992688  0.04398363  0.05748723 -0.1843804   0.02785504
 -0.0714316   0.0251564   0.17699309  0.13872617  0.13801894  0.16970035
 -0.01872422  0.02334398  0.05018443 -0.02433172 -0.04386636  0.08866359
 -0.06600095 -0.09881513 -0.06955625  0.04683376 -0.06095118 -0.12495038
 -0.09474242 -0.0404966   0.01828077  0.00642706  0.04464093  0.10747728
  0.0170591  -0.12355714 -0.04667709 -0.00167596 -0.02657857 -0.08649584
 -0.11746977  0.0638578   0.15742934 -0.09512949 -0.00396801  0.08072688
 -0.09188167  0.08519879 -0.05203947  0.05169286 -0.0869082  -0.04603642
  0.09742691 -0.0813189   0.01696609 -0.0836525   0.02590288  0.05941566
  0.04926867  0.12545355]