[-0.07225807  0.11361904 -0.0089774  -0.20422389 -0.00530641  0.06912028
 -0.15058117 -0.03984292  0.06181525  0.00343658  0.05578549 -0.03111641
 -0.00578204  0.1030148   0.03168011 -0.02091772 -0.03043197  0.08077758
  0.05247326 -0.12110627  0.00817606  0.28787199  0.03104959  0.00404545
 -0.04957813  0.00923231  0.22134212  0.11034185  0.07446796  0.0938184
 -0.01516862 -0.27480903  0.13962175 -0.07657657  0.11523245  0.02859489
  0.06537996 -0.0538555   0.03257773  0.18043405 -0.10586598  0.09869819
 -0.00037942  0.10635354 -0.07039262 -0.02907204  0.01679396  0.00976324
  0.03527407  0.04664918  0.02828403  0.067404   -0.02142985  0.05968999
 -0.06864142  0.06898753  0.06671783  0.02863256 -0.0896298  -0.02782753
 -0.09924439 -0.04886106  0.11109751  0.06158271 -0.05756556 -0.13630524
  0.02705392  0.03289652  0.03208257  0.10419631  0.11523966 -0.05804551
  0.00707102 -0.14497492  0.07164069  0.04459392 -0.16754708 -0.02076364
 -0.03770425 -0.0603998   0.14411692  0.14304133  0.11161962  0.16244748
  0.00734857  0.00379769 -0.02167218 -0.01945773  0.0028959   0.08395473
 -0.07116444 -0.08271725 -0.03376272  0.0481625   0.05974033 -0.11158085
 -0.13881819  0.09489231 -0.03054662  0.00455661  0.03662111  0.08158621
  0.0358002  -0.09127005 -0.04599127  0.00952517 -0.01388337 -0.18265271
 -0.04094306 -0.0010432   0.12282556 -0.10175103  0.05506752  0.11453593
 -0.11602651  0.07271896 -0.0028088   0.01663769 -0.06524844 -0.03122211
  0.10551936 -0.12402274 -0.01303092 -0.12638059 -0.0344071   0.04977488
  0.02250193  0.12092561]