[-1.58379599e-03  2.05315605e-01  4.30613086e-02 -1.67531297e-01
  1.34943249e-02  1.36875421e-01 -9.17189121e-02 -9.00055096e-03
  2.92963274e-02  3.52849551e-02  6.64055198e-02 -5.64243086e-02
 -1.18563697e-02  4.55712117e-02  2.67860163e-02 -8.55494011e-03
 -2.13067625e-02  4.54467535e-02 -5.08486293e-02 -1.02372721e-01
  1.88028328e-02  2.94656634e-01 -2.42982563e-02  3.07800043e-02
 -4.72040996e-02 -8.22302327e-02  1.39060497e-01  1.76736057e-01
  1.30321845e-01  9.89392400e-02 -4.90766466e-02 -2.34763891e-01
  1.81963856e-04 -3.08831241e-02  5.85584007e-02  2.58158669e-02
  2.71890312e-02 -1.14827685e-01  1.62259061e-02  2.09200934e-01
 -1.15709901e-01  6.83377907e-02 -1.81398410e-02  3.87038738e-02
 -6.19429769e-03  6.82802824e-03  1.00071589e-03  5.01727760e-02
  5.88634517e-04  9.84309763e-02  1.16851173e-01  1.93868324e-01
 -1.29326880e-01  4.04370129e-02 -6.20847382e-02  1.65594853e-02
  2.50572432e-02  3.53305996e-03 -5.46934754e-02 -1.02432258e-02
 -6.70534223e-02 -4.19589272e-03  7.80748278e-02  1.76263899e-02
 -1.10433184e-01 -1.71845078e-01  5.98786362e-02  4.56715338e-02
 -1.34857940e-02  1.77714273e-01  1.30612850e-01  2.78346576e-02
  3.17634679e-02 -7.30141476e-02  4.12503146e-02  4.54100408e-02
 -9.57800671e-02  3.98132429e-02 -2.61956006e-02 -3.79513651e-02
  2.03888729e-01  1.29463106e-01  1.30480856e-01  1.59027860e-01
  5.00134900e-02  5.64949820e-03 -3.95957269e-02 -2.16739438e-02
  2.30407994e-02  1.40920818e-01 -7.12912306e-02 -9.91201624e-02
 -7.65375346e-02  1.01318911e-01  1.50451576e-02 -1.20554186e-01
 -7.01339617e-02  9.79939476e-03 -3.18381004e-02  7.40053831e-03
  6.69031739e-02  1.36687711e-01 -4.53216350e-03 -4.47578989e-02
 -8.56469125e-02  3.32477465e-02 -4.47306447e-02 -1.31582543e-01
 -1.22544682e-02  2.02429518e-02  1.52370811e-01 -4.22715433e-02
  2.39142980e-02  1.57150030e-01 -8.84150639e-02  6.42394423e-02
 -1.88443903e-02  7.75272623e-02 -9.53170881e-02 -1.23317735e-02
  5.30878082e-02 -8.46576691e-02  4.37587649e-02 -8.71898830e-02
  1.46040870e-02  4.76821251e-02  4.99544442e-02  5.30591495e-02]