[ 0.06359597  0.05563891 -0.09009172 -0.1360618  -0.03302721  0.18598773
 -0.0984386   0.02725263  0.03122126 -0.02059857  0.07634643  0.03922898
  0.01696233 -0.03624049 -0.0209266  -0.01357504 -0.11644171 -0.07778486
 -0.04673355 -0.02970034  0.0147505   0.21110947 -0.03294877  0.10019359
 -0.06193727  0.06393982  0.22314593 -0.05065662 -0.05130123  0.07342628
 -0.05403257 -0.16483955 -0.0150251   0.05784348 -0.04185699  0.08612324
 -0.02322124 -0.0800193  -0.05083664  0.18188417 -0.05484943 -0.05939135
 -0.083769    0.15772887 -0.00462428  0.03255795  0.06855866  0.02855456
 -0.08375581  0.11432108  0.11510634  0.06326986 -0.0641133   0.0423295
  0.08397049  0.03547597 -0.06144107  0.08585284 -0.00210257 -0.05353598
 -0.07332506 -0.08002806  0.1733488   0.01051903 -0.07055768 -0.20652565
  0.05544319  0.12825185  0.08425727  0.14237098  0.0416066   0.00486449
 -0.03519192 -0.12643248  0.06548057  0.02795572 -0.10586593  0.06838643
 -0.06407686  0.11110016  0.14197668  0.05347545  0.06795755  0.00651273
 -0.10023023  0.01261908  0.08746904 -0.05465045  0.00884391  0.12569961
 -0.05170578 -0.14383054 -0.12663613  0.09336822 -0.08323591  0.03209811
 -0.0179121  -0.09963784  0.0876121  -0.05895476  0.05155047  0.0943464
 -0.05448067 -0.04595522 -0.14629616 -0.01502849 -0.19816107 -0.05855936
 -0.19978531 -0.02863028  0.18366593  0.08355965 -0.02741389  0.00283988
 -0.01595577  0.10219504 -0.09347729 -0.0639205  -0.03119432  0.0346529
  0.11819797 -0.0657884   0.11486342 -0.00846784  0.0401298   0.04181502
  0.07411537  0.04685445]