[ 1.02955915e-01  2.59111077e-01  4.83832955e-02 -2.81227063e-02
  3.50732319e-02  1.98604330e-01  8.64678528e-03 -7.92871714e-02
  4.08354625e-02  1.31420940e-02  1.17249779e-01 -1.04600109e-01
 -6.18056990e-02 -2.96294820e-02  6.15490898e-02 -3.19190584e-02
  3.85353006e-02  7.98756033e-02 -9.95377451e-02 -1.63824946e-01
  5.72335422e-02  1.53170511e-01 -5.94107667e-03  6.18173368e-03
  1.01286441e-01 -1.96766615e-01  2.37285588e-02  1.10533081e-01
  1.37498453e-01  6.59059510e-02  8.42936262e-02 -1.35684356e-01
 -1.10748336e-01 -7.81373892e-05  9.89386439e-02 -2.14477554e-02
 -3.14434469e-02 -5.60950600e-02  8.97246748e-02  8.93193856e-02
 -9.15334746e-02  4.87927832e-02 -9.75922942e-02  1.87483951e-02
 -1.33239873e-05  9.55203082e-03 -8.58736485e-02  7.27562010e-02
 -7.25824982e-02  6.84971502e-03  9.24583599e-02  2.64640152e-01
 -1.02853276e-01 -7.62760565e-02 -1.74604177e-01 -1.54251028e-02
 -3.84030379e-02  7.10445121e-02 -8.18021744e-02  1.85860891e-03
 -7.04669431e-02 -2.55956426e-02  1.20687813e-01 -1.21065408e-01
 -5.55307418e-03 -7.60729685e-02  4.04129960e-02  7.12065548e-02
 -1.31174892e-01  2.41375729e-01  1.23689346e-01  9.21475962e-02
 -1.02288546e-02 -7.20618069e-02 -6.88912123e-02 -6.25419542e-02
 -2.46535242e-02 -1.78312622e-02 -5.41071631e-02  3.85584012e-02
  5.35558760e-02  5.13701737e-02  5.66698611e-02  1.42397573e-02
  3.14907208e-02 -6.08812347e-02 -7.01680556e-02 -9.93406549e-02
 -2.11921167e-02  9.50616524e-02  3.83466296e-03 -1.28211677e-01
 -6.32035509e-02  7.86188990e-02  6.55357838e-02 -1.25013858e-01
 -1.83573533e-02 -6.97348863e-02 -4.95105572e-02  4.98749949e-02
  3.91866416e-02  1.25641167e-01 -6.19260073e-02  2.46548783e-02
 -4.50368598e-02  3.95417847e-02  6.38534948e-02 -3.94122452e-02
  1.08375669e-01 -1.12079009e-02  1.12527661e-01  1.46286106e-02
 -8.64122529e-03  1.80298552e-01  8.04151520e-02  1.56937595e-02
 -1.01181008e-01  1.23860687e-01  3.90248112e-02  4.50250655e-02
  6.15630345e-03 -4.65265922e-02 -1.98059268e-02  3.50611396e-02
  1.75854117e-01 -1.43408757e-02  1.08105399e-01 -5.00196218e-02]