[ 0.04878712  0.23529939  0.08123762 -0.10971403  0.04253746  0.14690384
 -0.05996742 -0.05255752  0.05748506 -0.00537686  0.1291727  -0.08846559
 -0.0372825   0.02199964  0.10058975 -0.02195968  0.02833027  0.05068965
 -0.12766868 -0.12030351  0.01156362  0.21733014  0.04142194 -0.01576231
  0.06046328 -0.15176049  0.09628867  0.1827122   0.142859    0.012595
  0.08379889 -0.15913659 -0.01628318  0.02828309  0.05708617  0.01590453
  0.0176681  -0.01609552  0.09204369  0.15199974 -0.05354293  0.05247165
 -0.06263751 -0.0030696  -0.04778234 -0.0244712  -0.08514872  0.06905445
 -0.03674041  0.06684489  0.03427017  0.23520705 -0.13837484 -0.01360594
 -0.17910872 -0.02251391 -0.02986404  0.04637348 -0.13010328  0.02104687
 -0.14460815 -0.02800188  0.09959862 -0.06937627 -0.05009921 -0.04017466
  0.03297943  0.09394451 -0.12537789  0.22049649  0.12949854  0.04535942
 -0.00032159 -0.0306297   0.03348728 -0.05303843 -0.04537943 -0.0395115
 -0.05260667  0.00401486  0.08259261  0.06278441  0.11174132  0.07640949
  0.02214422 -0.02983183 -0.0506809  -0.04490065 -0.01168727  0.11196099
  0.02184979 -0.1540859  -0.04709306  0.10608521  0.07313337 -0.14395282
 -0.09787709 -0.02263199 -0.07352167  0.01943095 -0.01469416  0.07587297
 -0.05994824  0.04525886 -0.00734626  0.06278975  0.03187197 -0.05126007
  0.12678269 -0.06816534  0.09089143  0.03546412 -0.00292663  0.2570594
  0.02725306 -0.01401169 -0.06014886  0.11528863  0.04740091  0.08100595
  0.06151295 -0.0491177  -0.02812558  0.0357946   0.1270425  -0.03273515
  0.10955379 -0.00119745]