[ 0.01764642  0.24617867  0.08444183 -0.10145839  0.00704401  0.15030275
 -0.11493522  0.01530887  0.03629979  0.01770486  0.11966035 -0.12134802
 -0.10283539 -0.09769014  0.10471991  0.00105617 -0.05786354 -0.0138403
 -0.02767269 -0.13335301  0.00752325  0.2095433   0.02220214 -0.07629873
  0.07179552 -0.12601542  0.17484072  0.10982446  0.10689837 -0.02592507
  0.03144191 -0.2681168   0.01927611  0.00823784  0.07701722  0.02439586
  0.04599499 -0.14247039  0.05449722  0.12542246 -0.05025426 -0.04857248
 -0.0465766   0.04267653 -0.01568506  0.09823921 -0.01819692  0.02754208
 -0.12891951  0.06312045  0.03159251  0.21638328 -0.12906034 -0.01475577
 -0.14914538 -0.00297558 -0.01603425 -0.09396614 -0.13278541  0.03959215
 -0.06527393 -0.06664763  0.06824999 -0.02432364  0.01072619 -0.10566124
  0.00919462  0.0714879  -0.00554911  0.22578187  0.07804783  0.03385868
 -0.03156043 -0.13230927  0.053877   -0.00897975 -0.06665509  0.09399652
 -0.06857013  0.01352043  0.06111396  0.04084058  0.07031631  0.13138497
  0.00469854  0.05315163 -0.06281408 -0.03085451 -0.02790959  0.15871641
  0.02291786 -0.10142135 -0.14345784  0.1238758  -0.00096702 -0.10409762
 -0.06105591 -0.04793882 -0.02069366 -0.00050835  0.00222534  0.04767638
 -0.06382955 -0.1003228   0.02426166  0.04326453  0.0613685  -0.01008887
  0.01328597 -0.02782721  0.0811271  -0.01890782  0.03472968  0.12579192
  0.04238588 -0.02171348 -0.09555002  0.07243515  0.03352856  0.03491307
  0.06134122 -0.03688484  0.01428212  0.06303472  0.19459067 -0.01726081
  0.1760373   0.01572214]