[ 0.03569926  0.26397452  0.10073591 -0.12136126  0.04264947  0.11615071
 -0.0532513  -0.01019563  0.02907108 -0.01892882  0.12100826 -0.1160721
 -0.06570697 -0.04229524  0.07560881  0.02518342 -0.04174558  0.02314318
 -0.12130168 -0.12742768  0.06566141  0.21632926 -0.00912662 -0.12446481
  0.0609887  -0.1246657   0.08788865  0.15875956  0.15235358  0.02855066
  0.00947257 -0.19535324 -0.00972021  0.01603502  0.09239672 -0.00353987
  0.03336206 -0.07850864  0.09076331  0.10621696 -0.05873036  0.01331518
  0.00728384  0.04756305 -0.00316213  0.08576798 -0.03094396  0.01907829
 -0.12586512  0.03153422  0.00509926  0.21681829 -0.18094015  0.01212974
 -0.15123427 -0.03256231 -0.04878931 -0.04394193 -0.15459517  0.03412779
 -0.05668684 -0.07109995  0.0818196   0.00346384 -0.00793506 -0.08269791
 -0.0079968   0.08173285 -0.03009408  0.19448845  0.13338904  0.02956376
  0.01729197 -0.10945715  0.02221646 -0.01559273 -0.06091693  0.03121413
 -0.07157217 -0.01936672  0.10641238  0.06928448  0.07741588  0.13061295
 -0.00880869  0.03622351 -0.05744231 -0.03341882 -0.01658499  0.1571739
  0.03360172 -0.14646308 -0.15872617  0.09847981  0.01480493 -0.11495657
 -0.07545587 -0.02566889 -0.04826475  0.02780902 -0.02574183  0.06513131
 -0.0426776  -0.03096534 -0.00903177  0.05818861  0.04650048  0.04648892
  0.07963689 -0.06766787  0.08565231 -0.04063334 -0.05541459  0.20074135
  0.05496936 -0.01840713 -0.08597128  0.09772999  0.02021269  0.02574292
  0.03720114  0.00255799  0.02255261  0.06964918  0.18462613 -0.04668411
  0.16253389 -0.01611814]