[-0.00597382  0.18029046 -0.00405685 -0.15529452 -0.05053056  0.04262861
 -0.07626078 -0.10525044 -0.12235153  0.04265729  0.09097164 -0.02674104
  0.04737822  0.20000064  0.01768575  0.0578889   0.00746433 -0.01068746
  0.05614187 -0.06860602  0.01259797  0.1727127  -0.04881955  0.01958901
 -0.06194832  0.13170893  0.15039574  0.06070243  0.09353819  0.13478152
 -0.14221182 -0.10195909  0.0070483  -0.02396637  0.01366261  0.1029878
  0.03782022  0.05999016  0.08204059  0.20150441 -0.18629378  0.06977222
  0.00145808  0.01671369  0.05089604  0.20608285  0.14634642 -0.05616644
 -0.19220278 -0.08078148  0.07105353  0.10152314 -0.11508752  0.08034126
  0.03813026  0.09089509  0.00168921  0.16781573 -0.05161877  0.05188518
  0.00931392 -0.02866641  0.15116066 -0.03644078  0.0650242  -0.07535794
  0.01561243  0.11525178  0.03890612  0.14038371  0.10092137 -0.00805432
 -0.02439983 -0.0784575   0.1057032   0.04698621 -0.06811843  0.08544444
 -0.02653868 -0.11844977  0.10302253  0.11454177 -0.01600386 -0.00759866
 -0.1716315  -0.01231393 -0.00430905 -0.11673266 -0.0403414   0.08986551
 -0.06028377 -0.12418911  0.01130926  0.0845229   0.0531514   0.00030202
  0.00979294  0.01238305  0.14347516  0.03173001 -0.07255518  0.11327907
 -0.07080802  0.04817582 -0.13327381  0.07083631 -0.11016967 -0.0652362
 -0.07649308 -0.13519469  0.09511728 -0.02381698 -0.01256077  0.05494288
  0.00110833  0.0842518  -0.09108879 -0.07948533 -0.07797602 -0.03350739
  0.0286626  -0.06078349  0.04845477 -0.01597574  0.01626949  0.1240148
 -0.02075855 -0.03320293]