[ 1.50357950e-02  6.80014640e-02 -6.65502995e-03 -1.03649281e-01
 -2.15004720e-02  1.53850550e-02 -8.48127007e-02 -1.37810081e-01
 -1.29239839e-02  9.59965587e-03  1.32340163e-01 -2.51301681e-04
  1.86144430e-02  2.38942146e-01  6.83148131e-02  5.78711517e-02
  8.49868078e-03 -2.96596345e-02  8.57148394e-02 -4.21321876e-02
 -1.30960178e-02  2.52428263e-01 -3.27262804e-02  2.27173343e-02
 -6.56026155e-02  1.01154536e-01  1.79647326e-01  9.66077894e-02
  5.34936786e-02  1.56534255e-01 -1.24133363e-01 -1.03115521e-01
  9.31526199e-02 -1.68332960e-02  4.50939424e-02  1.85293719e-01
  6.42156899e-02 -1.83471795e-02  3.29811834e-02  1.63133904e-01
 -1.60465628e-01  7.68312067e-02 -1.07011385e-02 -8.39382317e-03
  2.55899108e-03  1.78764388e-01  6.06959946e-02 -1.01081934e-02
 -3.45304683e-02 -3.26337963e-02  3.61881703e-02  1.09325774e-01
 -7.52665326e-02  7.64143020e-02  8.50028023e-02  9.60710347e-02
 -3.56463864e-02  9.31774303e-02 -1.08859390e-01  1.60413206e-01
 -6.21699803e-02 -7.52677172e-02  1.26572147e-01 -3.32988910e-02
  6.50624111e-02 -8.61678123e-02  6.67240936e-03  7.55262300e-02
  3.77271175e-02  1.69238046e-01  9.28500518e-02 -3.46442051e-02
 -4.04703990e-02 -1.05742216e-01  8.73949081e-02  5.74224256e-02
 -1.93970706e-02  5.30495904e-02 -6.44886196e-02 -1.14826329e-01
  1.97195053e-01  7.75327012e-02 -1.64990015e-02  9.76097211e-03
 -1.09621398e-01 -7.10508134e-03 -2.94786580e-02 -9.81523916e-02
 -8.17711800e-02  1.67096674e-01 -9.81284771e-04 -8.85435790e-02
 -2.77406741e-02  1.16460517e-01  3.69053259e-02  1.99450925e-02
 -5.62326945e-02 -3.09817251e-02  1.96176425e-01  3.72054800e-02
  1.40622829e-03  1.02144390e-01 -3.85715701e-02 -1.02509424e-01
 -7.73499906e-02  7.74270445e-02 -5.03779389e-02 -1.61570728e-01
 -5.75277135e-02 -4.76211868e-02  5.00879362e-02 -7.04044625e-02
  4.04415131e-02  2.52938587e-02  1.61255803e-03  9.54073519e-02
  5.28484732e-02 -3.32533345e-02 -9.26931724e-02  1.83393974e-02
  7.93107823e-02 -1.11460492e-01  7.38142654e-02  1.30458334e-02
  8.66221171e-03  1.46454796e-01  8.24198723e-02  3.87007967e-02]