[ 1.85871813e-02  1.31547108e-01 -5.30937221e-03 -8.53914768e-02
 -5.77441081e-02  7.39565492e-02 -5.22541255e-02 -1.02270551e-01
 -1.57081224e-02 -2.85632187e-03  1.03609033e-01 -2.38528522e-03
  2.95514264e-03  1.19013235e-01 -1.18477186e-02  1.47027811e-02
 -2.58314461e-02 -2.39179675e-02  1.17789963e-02 -5.10857701e-02
  3.68288625e-03  2.19449013e-01 -1.14901058e-01  1.41031638e-01
 -6.43510520e-02  9.03717726e-02  1.51510760e-01  4.28806059e-02
  3.89785878e-02  1.47297099e-01 -1.24130353e-01 -1.57916054e-01
 -4.28550839e-02 -5.63935435e-04  2.69982070e-02  1.27613798e-01
  2.67493371e-02 -2.82543469e-02 -2.31380407e-02  1.95009544e-01
 -1.24448292e-01  6.94263950e-02 -2.20027212e-02  8.82412642e-02
  5.44408523e-02  1.44350007e-01  1.27900198e-01 -1.65210124e-02
 -8.20961073e-02 -1.39902439e-02  1.21768482e-01  7.00903088e-02
 -1.00074552e-01  5.52066676e-02  1.30056530e-01  8.57275575e-02
 -8.65401626e-02  1.47700667e-01  1.89458262e-02  1.67694204e-02
 -1.12431822e-02 -5.14894910e-02  1.39580637e-01 -1.76946260e-02
  2.87993904e-03 -1.55763224e-01  9.01824608e-02  3.92004997e-02
  7.05120340e-02  1.58706084e-01  1.02234252e-01  1.70560125e-02
  2.92092226e-02 -7.74675757e-02  7.56728277e-02  3.13467495e-02
 -9.10402760e-02  1.43969253e-01 -4.15858962e-02 -6.53760284e-02
  1.92904994e-01  1.58053815e-01  3.49258515e-03 -4.55154888e-02
 -1.12027206e-01 -2.19714232e-02  2.92972755e-02 -1.00773692e-01
 -5.54993302e-02  1.19207241e-01 -5.32423221e-02 -1.16045259e-01
 -1.66104119e-02  2.80035231e-02 -1.53658940e-02  1.63169131e-02
  2.08476335e-02 -9.13045555e-02  1.73879698e-01 -2.96054431e-03
 -2.38245670e-02  1.47068188e-01 -3.00142728e-02 -3.55952866e-02
 -1.76736534e-01  3.03426161e-02 -1.27491102e-01 -1.15373187e-01
 -1.49567202e-01 -2.38646585e-02  1.65293634e-01  7.31710438e-03
 -1.62633322e-02  1.90269127e-02 -4.14450951e-02  9.63067338e-02
 -6.65709898e-02 -8.85712206e-02 -1.43742517e-01 -7.26572424e-02
  3.84040773e-02 -2.95217447e-02  7.85431042e-02  3.71879250e-05
  5.35809249e-03  1.26069471e-01 -5.41181711e-04 -2.33128872e-02]