[-0.02167401  0.00144875  0.02810835 -0.0959222  -0.07620008 -0.08678126
  0.0151032  -0.02151552  0.04869444  0.00560905  0.12234318 -0.06925983
  0.0436945   0.23209222  0.14784712 -0.04742693  0.03827019 -0.04647801
  0.08643062 -0.11812608 -0.01422207  0.16271476 -0.05655359 -0.07058021
 -0.01868728  0.11554248  0.08337263  0.01063711  0.03792273  0.08224295
 -0.01146391 -0.11602178  0.12179419 -0.10576829  0.04836332  0.0598053
  0.05830589  0.14299302  0.05191041  0.14671373 -0.04969579  0.14971428
 -0.11652906  0.07715328 -0.05190844  0.10135534 -0.05036909 -0.13754965
  0.04749159 -0.24760722 -0.05143503  0.02914355 -0.0114838   0.03924459
 -0.04517132  0.08347111 -0.04149981  0.10052536 -0.06151106  0.10276223
 -0.06690099 -0.18526259  0.00755498  0.05962664  0.0517523  -0.02952069
  0.10068967  0.09978277  0.1616243  -0.04313634  0.17719208 -0.05971751
  0.03961128 -0.18231353  0.08059545  0.04337118 -0.18391731 -0.0335981
 -0.06839731 -0.02681901  0.01506278  0.03966551  0.01701704  0.02745861
 -0.02392643 -0.02708725  0.10606193 -0.11499734 -0.11531181 -0.07330783
 -0.10336547 -0.08557162  0.04035886 -0.03335825 -0.01779333 -0.10507976
 -0.02192771 -0.09861735  0.1063817   0.0767844  -0.11145332  0.07775486
  0.07745107 -0.05818718 -0.12130645 -0.0110262   0.01269336 -0.08120425
  0.03405417 -0.11275364  0.04851759 -0.14760286 -0.09852481 -0.01119615
 -0.00628684  0.07346158 -0.08394585 -0.11771569 -0.09361493 -0.11750006
  0.02307963 -0.04131937 -0.1034236   0.05379112  0.11977234  0.02750567
 -0.01043031  0.10788718]