[-0.0065593  -0.06782649 -0.00806878 -0.07257053 -0.02843975 -0.03314014
 -0.09913319 -0.01368389 -0.03595083 -0.08878616  0.06757522 -0.03339593
  0.03826021  0.25553674  0.22350858 -0.09023985  0.02154477 -0.20465094
  0.20159437  0.01540825 -0.12325412  0.16228481  0.00892814 -0.08004931
  0.04106475  0.15196563  0.11241692  0.03260062 -0.05178248 -0.01046394
  0.06200745 -0.11140245  0.13306604 -0.04111113 -0.01644153  0.1985715
  0.10258102  0.04487767  0.02279498  0.09227004  0.04770401  0.08368712
 -0.02918842  0.05233983 -0.14269479  0.085756    0.03587339 -0.07940699
  0.11060355 -0.07187783 -0.123326   -0.03562126  0.03971102  0.08351628
  0.06616735  0.04421417 -0.11589814  0.08887982 -0.01516482  0.04664441
 -0.14402093 -0.08822858  0.01790741 -0.01008475  0.01588708  0.08196947
  0.1476032   0.06714839  0.16698943 -0.05978248  0.08160757 -0.00074767
  0.02442683 -0.06586259  0.18230553  0.00355839 -0.1190538  -0.06279467
 -0.02373517  0.0764476   0.06747333 -0.00914639  0.05102766 -0.00204065
  0.02665453 -0.02752101  0.07656028 -0.02731625 -0.0681088  -0.03256037
  0.02116187 -0.01842854  0.06226886 -0.00516781 -0.0483688  -0.1085625
 -0.01331859 -0.01659033  0.09037211 -0.03516719 -0.21094202  0.05189965
  0.10802701 -0.13259874 -0.19860052  0.10420397 -0.02708871 -0.06100258
 -0.00859186 -0.02663054  0.08131976 -0.09397659 -0.07112823 -0.02352232
 -0.06502742 -0.00363281  0.0458792  -0.13574567 -0.05285407 -0.04277071
  0.09869727 -0.04084235 -0.00958304  0.07245127  0.01293059 -0.01153734
  0.08141731  0.1715284 ]