[-1.29793612e-02  4.47613299e-02  2.03027092e-02 -1.32113025e-01
 -4.16064300e-02  1.20101850e-02 -1.04183547e-01  1.51296975e-02
  1.67226288e-02 -9.09480751e-02  1.01951167e-01 -8.61815438e-02
  5.25924340e-02  1.66016266e-01  1.74470901e-01 -6.62732795e-02
  1.01738023e-02 -1.52427435e-01  6.56318069e-02  4.32656668e-02
 -9.21642222e-03  6.59675598e-02  8.66725389e-03  4.18529399e-02
  1.73805021e-02  9.22965258e-02  1.29386589e-01 -1.93415117e-02
  1.57901961e-02 -3.88118997e-02  8.66607353e-02 -1.74598709e-01
  1.44499391e-01  4.62584421e-02  2.73552556e-02  1.83616534e-01
  1.36090487e-01  1.54020265e-01 -1.20105883e-02  1.33935343e-02
 -2.07691011e-03  1.63888633e-02 -2.67435499e-02  7.94571191e-02
 -4.90281433e-02  1.14273690e-01  9.42722037e-02 -1.04264617e-02
 -1.14836752e-01 -3.97804752e-02 -2.23676905e-01 -6.85650036e-02
  3.28810923e-02  5.75870648e-02  8.87124613e-02  8.17638859e-02
 -1.77992061e-01  1.23722188e-01 -8.08797032e-02 -9.75178778e-02
 -1.32870942e-01 -6.88292980e-02  1.14135377e-01 -5.20323962e-02
  2.98811439e-02  1.26456976e-01  8.37580860e-02  9.98754501e-02
  7.35214055e-02 -8.95816647e-03  4.47117575e-02 -8.87747779e-02
 -6.46226928e-02 -1.28835320e-01  1.98598772e-01 -4.17244583e-02
 -9.82019007e-02  4.04364280e-02  5.63575439e-02  1.91688687e-02
 -3.46327350e-02  5.56856245e-02 -6.21152110e-02 -8.68533179e-02
 -3.41427997e-02 -4.61591920e-03  2.54973136e-02 -2.21086945e-03
  1.88740324e-02  8.46119672e-02  1.34898722e-01 -1.30054176e-01
  3.58388312e-02 -6.40113791e-03  9.88827087e-03 -4.82057855e-02
 -5.00192344e-02  9.70130134e-03  6.29929826e-02 -5.90366907e-02
 -1.50380105e-01 -9.02514346e-03 -8.39836616e-03 -1.20386608e-01
 -1.88357309e-01  1.62101671e-01 -7.35610947e-02 -8.18793178e-02
  6.65167114e-04 -1.40105963e-01  9.32340100e-02  2.68819258e-02
 -8.90036449e-02  4.62503452e-03  5.28086387e-02  1.71306971e-02
 -8.02688673e-02 -2.10332081e-01  4.02086368e-03  1.17188897e-02
  9.47022736e-02 -9.72000323e-03 -1.18628331e-02  1.64452836e-01
  2.18606200e-02 -1.59893534e-04  1.12293676e-01  3.48317213e-02]