[-0.00455039 -0.00960559 -0.03397387 -0.06991873 -0.00907044 -0.03543477
 -0.08613516 -0.09400629 -0.04748201 -0.00616257  0.10124137 -0.03247758
  0.07927108  0.25530055  0.24226762 -0.04659223  0.05303989 -0.1826354
  0.16820471  0.02688137 -0.14823683  0.15519378 -0.00507738 -0.01878666
  0.05484477  0.16700359  0.10757896  0.03371377  0.0161805   0.04689012
  0.07635945 -0.02340097  0.09393829 -0.0519357  -0.03866251  0.20213778
  0.09262503  0.06613213  0.06930833  0.11918322  0.03219786  0.05790972
 -0.04799825  0.04338806 -0.127049    0.1050451   0.04670477 -0.01619886
  0.1072838  -0.1268127  -0.07017343  0.00110775  0.02280019  0.0199592
  0.03912216  0.04734245 -0.14031427  0.13894866 -0.00033867  0.07211372
 -0.17813106 -0.10412667  0.03679911 -0.01070257  0.0011418   0.10086659
  0.14186466  0.09471171  0.131972   -0.08191366  0.06924827  0.03118095
  0.00909118 -0.05476888  0.19595093 -0.01302506 -0.10876809 -0.03254932
 -0.02747961  0.09727027  0.12908135  0.00327712  0.02890742 -0.02383315
  0.01359923 -0.04156643  0.07268529 -0.05138534 -0.08178849 -0.03846341
 -0.00874887 -0.00815814  0.06889784  0.04235013 -0.06073685 -0.11204356
 -0.02829088 -0.04830929  0.1373731  -0.06450291 -0.19151421  0.03485065
  0.08869069 -0.06130354 -0.21806662  0.10877099 -0.05569907 -0.04694501
  0.06046711 -0.02130707  0.09518525 -0.0313513  -0.08781201  0.01490602
 -0.08009648 -0.00868274 -0.03218321 -0.10502249 -0.08162969 -0.02377876
  0.09026467 -0.04312623 -0.03238493  0.09117506 -0.0266382   0.01916328
  0.00374941  0.1230696 ]