[ 0.03487608  0.09450176 -0.01444992 -0.0505198   0.00711909  0.02924061
 -0.07540236 -0.12104918 -0.14285843 -0.05784488  0.05901036  0.04016985
  0.00819868  0.10465928  0.11450655 -0.03557058 -0.0162135  -0.14912923
  0.15615927  0.08563027 -0.08779909  0.1766174   0.01618956  0.11708531
  0.03042123  0.12138218  0.18165883  0.00855496  0.05546697  0.11444929
 -0.07410716 -0.08359844  0.08144099  0.06038826 -0.01717922  0.11591487
  0.11356001 -0.00152198 -0.00681816  0.08240147  0.00451514 -0.0584923
  0.09627058  0.0937301  -0.1376594   0.18540289  0.22174162 -0.00833723
 -0.08740859  0.07531935  0.04622073  0.02143252 -0.00748609  0.06722619
  0.19720766  0.04541478 -0.08594247  0.1333079   0.00026715  0.00976491
 -0.10417516 -0.05073297  0.11781836 -0.04302887  0.0368516  -0.02228169
  0.0606094  -0.05980997  0.00475567  0.06242892 -0.0514354  -0.00093734
 -0.05127197  0.03651633  0.22067586 -0.01649367 -0.01106937  0.08653744
  0.02046849  0.07869077  0.1454393   0.05041485  0.01397505 -0.02919799
  0.01423614 -0.0548554  -0.02580493 -0.05618336 -0.05723548  0.14883204
  0.06818246 -0.06238981 -0.0408488   0.03475515 -0.05057558 -0.03988714
  0.01051243  0.06059768  0.19556896 -0.13298577 -0.1260854   0.11160794
  0.06901055 -0.00241219 -0.23697755  0.09066354 -0.09594705  0.03892193
 -0.03927866 -0.04974135  0.16737218  0.06078746 -0.04477715 -0.00300199
 -0.08419098  0.00657312  0.05199699 -0.15335861 -0.05122024  0.09133713
  0.11841697 -0.01960198  0.03903842  0.03463147 -0.07103877  0.06793416
  0.10143481  0.02814342]