[-0.06071906  0.12499215  0.0455942  -0.05433406 -0.09223019  0.0583124
 -0.20226589 -0.07895382 -0.14197949 -0.05409831  0.02639935 -0.0507467
 -0.03350868  0.03450738  0.12250285 -0.06930692 -0.10141655 -0.10988391
  0.20785831  0.02793145 -0.08011953  0.11719868  0.06615292  0.08553375
  0.04655927  0.12448008  0.16049293 -0.07552647  0.00650096 -0.00841139
  0.00468654 -0.20992586  0.09648228 -0.00390055  0.04130693  0.12385648
  0.09707149  0.01600111  0.01596194  0.10989746 -0.01513123 -0.06188671
  0.01958533  0.08333744 -0.11125994  0.14659519  0.25222036 -0.04730207
 -0.13390826  0.06479345  0.00110656  0.00795304  0.06952524  0.08463876
  0.10888558  0.05138305  0.05520711  0.04203561  0.04777218 -0.11298581
 -0.06882782  0.02312594  0.08263015 -0.00665451  0.0222858  -0.00771326
  0.11823572 -0.06289278  0.07992767  0.07318472 -0.0412806  -0.01503199
 -0.03847956  0.02004884  0.26865649 -0.0605199  -0.16826978  0.07842201
  0.04991606  0.11810137  0.03663923  0.08021092  0.01699759 -0.00360462
 -0.01192988  0.03851197 -0.02961955 -0.04092753 -0.05609886  0.04947379
  0.04177225 -0.0041216   0.06312836 -0.02068982 -0.07098173 -0.0970085
 -0.00643686  0.15078057  0.10471714 -0.13169219 -0.13226983  0.08705372
  0.06199464 -0.05658509 -0.12853371  0.08010869 -0.03428549  0.01686603
 -0.05831585 -0.02614625  0.13207053  0.02837333 -0.00045239 -0.0815151
 -0.10096095  0.02594884 -0.02415374 -0.18602164 -0.01583601 -0.00352216
  0.12462938 -0.0467464   0.00249602 -0.03391949 -0.07446003  0.06613272
  0.09880723  0.12530611]