[ 5.08149602e-02 -3.92561518e-02 -3.89906354e-02 -4.97873351e-02
  9.97867808e-02  6.37900606e-02  1.89030636e-02  1.35193646e-01
  1.08245552e-01 -2.20505178e-01 -3.47089656e-02  9.85213220e-02
 -1.97947994e-02 -2.71043986e-01 -1.30462170e-01  4.88525741e-02
 -1.78527996e-01 -7.34798163e-02 -2.57689863e-01  1.24360599e-01
  1.27026051e-01  7.99216107e-02  1.95861757e-02 -6.04067296e-02
 -1.08834513e-01 -7.25811645e-02 -2.89510339e-02 -1.22540966e-01
 -8.26842636e-02 -2.32942775e-02 -4.68539447e-03 -2.45391987e-02
 -9.97627806e-03  1.06215261e-01 -1.77063681e-02 -4.38972116e-02
  2.50720565e-04 -3.77154467e-03 -1.13587536e-01  2.50242278e-02
  9.29690450e-02 -3.38457227e-02  2.11957693e-02  1.16097420e-01
 -7.97548145e-03 -2.22846679e-02  4.60284166e-02 -3.32175493e-02
 -7.01924488e-02  2.10954577e-01 -8.92997906e-02 -1.31657675e-01
 -1.04957886e-01  5.21198846e-02  3.16589065e-02 -8.45179334e-02
 -8.28873366e-02 -5.57608604e-02 -1.40290886e-01 -5.01111336e-03
 -3.29455663e-03 -3.39749530e-02  7.48123452e-02  2.85972077e-02
 -1.96419249e-04 -2.53262997e-01 -4.35052067e-02  1.61432400e-02
  2.32332144e-02 -4.16727141e-02  2.47537699e-02 -2.41874959e-02
  2.82781143e-02 -9.43942461e-03 -4.57235128e-02  4.79076691e-02
 -3.27286161e-02  1.93663854e-02 -7.04497099e-02  9.07299966e-02
  4.50546592e-02  1.39911780e-02 -2.79311966e-02  8.44132006e-02
 -6.76142201e-02  1.25924811e-01  5.79735786e-02  5.05340807e-02
 -3.95783633e-02  6.32904470e-02  7.88533837e-02 -1.36998177e-01
 -2.50804305e-01  4.42011375e-03 -4.41067256e-02  8.71071815e-02
 -3.92227620e-02 -7.32702836e-02 -1.02498539e-01  2.68551335e-02
 -3.31836082e-02 -1.06611706e-01 -7.75158331e-02  1.73140187e-02
 -2.53353138e-02 -4.33838703e-02 -9.02230069e-02  1.69616744e-01
 -1.19368300e-01  1.84565354e-02  2.03001462e-02  1.56387184e-02
 -1.02530196e-01  3.07168197e-02 -2.12954953e-02  3.62569578e-02
 -5.43850474e-02  2.92821368e-03  6.39250176e-03  9.04829204e-02
 -3.83620895e-03  1.83746174e-01  7.37447441e-02  9.81595442e-02
  8.26031789e-02 -1.15290195e-01  2.93651223e-02 -6.69257939e-02]