[ 0.16202469 -0.04733967 -0.00920941  0.0373742   0.0367001   0.04977884
  0.13074546  0.08686832 -0.05401539 -0.21114458  0.0026902   0.07539847
  0.04760277 -0.0231087  -0.02470275 -0.17091578 -0.05113018 -0.0831392
 -0.09433184  0.15605979  0.04041481 -0.00349415  0.04629241  0.07183354
 -0.04694379 -0.19949326 -0.02355717 -0.01308255 -0.13693263  0.07437944
 -0.1137452  -0.1357661   0.01742728  0.14674836 -0.04158824 -0.04827393
  0.00568525  0.01283906 -0.22267482 -0.06177362  0.04144394 -0.03858476
  0.04911754  0.06003965 -0.16320525  0.01880771  0.00522736 -0.00909493
 -0.05689379  0.26881292 -0.01905015 -0.09091289 -0.02814556  0.09265896
  0.14502887 -0.04516475 -0.14004226  0.06638744 -0.05023608  0.0059972
 -0.01948426  0.05079194  0.05304003 -0.0856996   0.01177364 -0.06440923
 -0.00684616 -0.07185817 -0.15444224 -0.02362844  0.02136573 -0.05227977
  0.01803679  0.03467309  0.00521021  0.08582976  0.0975965  -0.11411588
  0.0749956   0.10743392 -0.04725663 -0.18075535 -0.02398202 -0.04506164
 -0.01034417  0.04078145 -0.01501318 -0.05428181 -0.00108692  0.16849467
  0.12533601 -0.20536794 -0.04653482 -0.04037726 -0.10346411 -0.03785641
 -0.00173115 -0.05100488  0.04681043 -0.0187922   0.01725871  0.13673243
  0.05612869 -0.01823162 -0.13444276  0.03209965 -0.05770158  0.15169923
 -0.10867014 -0.04105762  0.12177476  0.00980459 -0.03681986  0.0120869
 -0.06808046  0.06515434  0.10324115  0.05110583  0.03234448  0.16902427
 -0.05213226 -0.01316733 -0.05482879  0.10700574  0.0969477  -0.03549468
  0.12335385 -0.07186744]