[ 0.13237803 -0.04622603 -0.02751189 -0.08239636  0.0536751   0.11708117
 -0.00127573  0.12381336  0.06391212 -0.19059804  0.00410856  0.08395019
  0.04776159 -0.15175575 -0.03699398 -0.00991736 -0.10526269 -0.17811038
 -0.24084409  0.16059615  0.01771406  0.15480159  0.05472686  0.00071183
 -0.14491083 -0.0457098   0.01497253 -0.01990908 -0.07138615 -0.04319549
  0.00221821 -0.03586409 -0.02187786  0.15339164 -0.09216627  0.00720479
 -0.00466771  0.0727134  -0.131814    0.09537045  0.02958556 -0.03614381
 -0.07011894  0.0448088  -0.03015071 -0.05913346 -0.04001303  0.05640793
 -0.01362301  0.32447502 -0.03535994 -0.04900898 -0.10752592  0.06712488
  0.04318636 -0.11803374 -0.12413807  0.0286303  -0.11387891  0.0032811
 -0.10486781 -0.00202273  0.09845339 -0.03572728 -0.07391606 -0.18317012
  0.03997228  0.06161009 -0.06006413 -0.0249836   0.01978645 -0.02851582
  0.02272085  0.09653261  0.00522812 -0.00767522  0.02119054 -0.10041215
  0.00043638  0.17873593  0.12640469 -0.09214655  0.02255145  0.01068113
 -0.00597436 -0.00392445  0.04804409  0.02644097  0.02264367  0.11641748
  0.09268624 -0.15657601 -0.14878084  0.11017442 -0.04890688  0.04938794
 -0.00887389 -0.11970186 -0.07981023 -0.00801716 -0.00172859  0.00106206
 -0.10779093  0.01956767 -0.1081138  -0.00203181 -0.12322642  0.05775733
 -0.04821987 -0.01060768  0.11253453  0.12659945 -0.06721196  0.11230932
 -0.03985785  0.04931209  0.00497801  0.0577567  -0.00427401  0.14102598
  0.00363932  0.07502487  0.09967407  0.09173402  0.0768748  -0.10323781
  0.08557829 -0.05313973]