[ 1.57133520e-01 -9.49608311e-02 -4.15358171e-02  2.45001763e-02
  7.54220188e-02  1.01165384e-01  2.37716585e-02  9.02618766e-02
  2.93430332e-02 -2.40761384e-01  2.76829805e-02  1.06705002e-01
 -1.56889986e-02 -2.56946981e-01 -8.57548118e-02  4.03745957e-02
 -1.17807172e-01 -7.20222071e-02 -1.80539683e-01  1.11284629e-01
  1.16440691e-01  1.69803947e-01  8.29605758e-03  3.91944721e-02
 -7.47058690e-02 -4.59493361e-02  4.33818884e-02 -1.52840257e-01
 -8.02382678e-02  3.68233100e-02 -6.71451539e-02 -1.33557506e-02
 -2.31361929e-02  1.44862980e-01 -1.34886252e-02 -5.62355816e-02
 -5.61101502e-03 -7.09276050e-02 -1.03027686e-01  1.59625001e-02
  8.40303898e-02 -5.68603128e-02 -4.10896447e-03  1.35135159e-01
 -4.09324132e-02 -2.34435342e-04  5.65629788e-02 -2.89289951e-02
 -7.53639117e-02  1.90341383e-01  1.99733991e-02 -1.09268658e-01
 -2.93585714e-02  4.45645973e-02  4.95043285e-02 -8.79831240e-02
 -7.19888434e-02 -4.05832380e-02 -8.03252384e-02  2.41302494e-02
 -4.06653434e-03 -4.46048453e-02  6.80073202e-02  2.51565557e-02
 -3.28670293e-02 -2.34686121e-01 -5.93599305e-03 -2.56496165e-02
  3.01447511e-02 -4.29997258e-02 -4.33279499e-02 -5.42386509e-02
  8.72218888e-03 -4.32981886e-02 -4.85086963e-02  1.00744953e-02
 -1.58765577e-02 -4.28029429e-03 -7.84196109e-02  1.94766864e-01
  1.34339392e-01 -1.47799179e-02 -2.46821884e-02 -2.70453952e-02
 -1.30813932e-02  9.66965556e-02  5.36281057e-02 -3.62724215e-02
 -1.31261453e-01  1.13364384e-01  1.01982340e-01 -9.79856476e-02
 -2.88407832e-01  6.15413859e-02 -1.19219519e-01  1.10184714e-01
 -1.39105394e-02 -1.10699706e-01 -5.28761931e-03 -2.66753547e-02
  1.60624925e-02 -2.65782475e-02 -2.29844041e-02  1.10088699e-02
 -6.63390532e-02 -8.60346332e-02 -6.14589788e-02  1.56897560e-01
 -1.45993277e-01  1.74134504e-02  9.87615585e-02  4.08861414e-02
 -7.29813278e-02 -3.23884338e-02 -2.92305667e-02  4.91571352e-02
 -7.44024217e-02 -6.75262464e-03 -3.67127806e-02  7.06912726e-02
  3.10136098e-03  1.17011704e-01  7.48296455e-02  7.59581476e-02
  1.09982200e-01 -7.72300288e-02  8.10579285e-02 -8.31959993e-02]