[ 1.06060348e-01  2.74282377e-02 -1.93989556e-02 -5.29640876e-02
  6.65122792e-02  5.96730486e-02  5.20260334e-02  1.41928241e-01
  4.30170409e-02 -2.38388702e-01 -4.19591777e-02  1.06958590e-01
 -3.43159027e-02 -1.37726262e-01 -1.23469032e-01 -3.65809426e-02
 -9.37480852e-03 -3.95869799e-02 -2.21228167e-01  9.26651061e-02
  5.41071258e-02  1.35693148e-01  6.24803752e-02  7.69684315e-02
 -1.08188130e-01 -1.47642747e-01  7.27718547e-02  1.04802474e-02
 -5.18656969e-02  3.28259496e-03 -8.63110274e-02 -1.20226547e-01
  5.35322912e-02  1.39441729e-01 -9.40629616e-02 -1.35479406e-01
 -6.21577259e-04  6.00959323e-02 -2.28667200e-01  8.62367079e-02
  1.67410877e-02  6.02720156e-02  3.98727693e-02  7.55182132e-02
 -5.08559085e-02 -9.76071507e-03  3.51719670e-02 -8.84737819e-02
 -1.05027318e-01  2.90855408e-01  9.46567766e-03 -8.72683674e-02
 -6.45515472e-02  5.45168146e-02  1.26182884e-02 -3.29969786e-02
 -5.70212379e-02  7.54660964e-02 -4.67819497e-02 -3.95659208e-02
 -4.22415659e-02  4.22553979e-02  6.79893345e-02 -5.40468097e-02
 -4.85052690e-02 -1.73553735e-01 -3.60670239e-02 -5.30813560e-02
 -1.50627270e-01  1.60636138e-02  3.19700502e-02 -9.44252536e-02
  3.62291001e-02  6.69253841e-02 -3.59169301e-03  7.79505372e-02
  2.69969963e-02 -8.14515650e-02 -2.90776510e-02  6.29673759e-03
 -1.21997818e-02  4.70492570e-03 -4.25434206e-03  2.34822830e-04
  2.22114623e-02  2.94850525e-02 -1.90876033e-02 -4.74156551e-02
 -2.84035243e-02  1.23996913e-01  4.95424457e-02 -1.93776861e-01
 -1.73808783e-01 -1.83862690e-02  1.15020737e-01  8.72467384e-02
  6.15616702e-03 -2.98563018e-02 -7.80813545e-02  2.96874922e-02
 -5.94303422e-02  9.20297485e-03 -7.75809959e-03  9.93656293e-02
 -1.80097923e-01 -4.98404875e-02 -1.12459190e-01  4.99094240e-02
 -1.27098814e-01 -1.04998350e-01  1.73341021e-01  7.00345784e-02
  3.03238351e-03  8.18472579e-02 -6.82366937e-02  2.48921216e-02
 -1.67891141e-02  7.48976180e-03  4.97942902e-02  1.26173452e-01
 -2.92830188e-02  1.18210383e-01 -1.46595426e-02  2.81073544e-02
  9.49747860e-02 -8.37011859e-02  4.07614261e-02 -1.44691423e-01]