[ 0.00199109 -0.15919457 -0.08808208 -0.13202389  0.09384294  0.05286068
 -0.1018316   0.11397194 -0.01285223 -0.11035496 -0.09982444  0.18784617
  0.04363593 -0.00955729 -0.07915121 -0.02346888 -0.05267783 -0.05848822
 -0.09426295  0.14608942 -0.02915104  0.07531368  0.16826218  0.07968143
 -0.12096432  0.05151989  0.19349146 -0.02856788 -0.16278537 -0.07474583
 -0.05602161 -0.07238118  0.08626211  0.12578246 -0.14964241  0.00601451
 -0.0281896   0.06610483 -0.20523006  0.08438891  0.05146101  0.00695948
  0.00242621  0.09069447 -0.14004803 -0.08836489  0.04515038  0.00995329
  0.02408277  0.30040219  0.05233585 -0.19267404 -0.06424733  0.0797127
  0.12397015 -0.03106558  0.00256971  0.09142992  0.00184315 -0.06460986
 -0.04338472  0.02768715  0.05997897  0.03256861 -0.01740136 -0.16495766
 -0.06953862  0.10902046 -0.00542644  0.07934979 -0.0319526  -0.01380728
  0.0215974   0.03948147  0.03582566  0.06600001  0.00494437 -0.02736418
  0.00536005 -0.0121143   0.00110756  0.00754498  0.06184241  0.01028614
 -0.07324538 -0.05060312  0.09609569  0.12499895  0.06610136  0.04898472
 -0.00621672 -0.08683025 -0.06247916  0.009631    0.02899127  0.09377369
 -0.0468213   0.03600619 -0.04606397 -0.05826358 -0.0204556  -0.04312041
 -0.03353993  0.0455136  -0.06887933 -0.05873372 -0.25760505 -0.05847812
 -0.16426568 -0.07740561  0.09308517  0.17259853  0.06781682  0.08416273
 -0.09696072  0.01381043  0.03415933 -0.04373468  0.00234875  0.14439651
  0.05421213  0.07163149  0.03488166 -0.05748597 -0.08021418 -0.04137032
 -0.03933774 -0.00614873]