[-0.00294419  0.01196281  0.03725401 -0.08714302 -0.00603944 -0.04211937
 -0.09914861 -0.07267509 -0.02295674  0.03288503  0.12475492 -0.03477814
  0.04104333  0.13163719  0.22790444 -0.04919742 -0.03504949 -0.09763285
  0.13123181  0.03472283 -0.11993541  0.22446978  0.04911415  0.01375765
  0.0218064   0.15930009  0.18864208  0.00856584  0.06205237  0.04114091
  0.00109361 -0.08025282  0.14581601  0.00119488  0.02962439  0.1182392
  0.12446651  0.08715247  0.05857475  0.09643956  0.0330636  -0.04943601
 -0.05292606  0.09681176 -0.20415597  0.09838001  0.04931203  0.02917814
  0.08506557 -0.02676091  0.00343813  0.0966401  -0.00983412  0.06517685
  0.07772954 -0.00492641 -0.01317969 -0.00888077 -0.0383187   0.03056765
 -0.17197356 -0.19092974  0.02870961  0.09240972 -0.02209779 -0.01316412
  0.09446011  0.06085704  0.1480857   0.01686896  0.01511937 -0.01315953
 -0.01523702 -0.03985559  0.2107919  -0.06627486 -0.13848533  0.0426793
 -0.00170731  0.12106336  0.16137987  0.03340565  0.08473788  0.04014931
  0.07889981 -0.0598743   0.06001316  0.02798744 -0.03817216  0.05659123
  0.01234014  0.00696631 -0.00537701  0.03659744 -0.14248332 -0.16946492
 -0.06766032  0.02187457  0.15188172 -0.15587713 -0.06573065  0.08493063
  0.11193385 -0.07214501 -0.08217416  0.01305708 -0.01947525 -0.01364658
  0.13712397 -0.02089065  0.09202401  0.02870133 -0.08724373  0.03328375
 -0.07271274 -0.00022801  0.01422863 -0.14425044 -0.08339755  0.01491122
  0.1573956  -0.02915374 -0.01603345  0.06156581 -0.02972746  0.00387799
  0.12078743  0.17722315]