[-0.04367243  0.02131109  0.0715564  -0.15618111  0.05961273 -0.00191214
 -0.11404163  0.01467097  0.01735154 -0.05053798  0.0175975  -0.02186602
  0.02515817  0.19659661  0.20272605  0.0398167   0.06896708 -0.10407808
  0.02386428 -0.03491244  0.01741287  0.17911959  0.02310339  0.05431818
  0.05429254  0.11901208  0.12819928  0.02097915  0.03160783 -0.00151606
  0.12599225 -0.04653978  0.09366674  0.08004408 -0.03036519  0.18632312
  0.0970619   0.10278595 -0.0058063   0.11944052  0.01503466  0.10614733
  0.03382564  0.07142804 -0.00440053  0.09380287  0.09026606 -0.0381044
 -0.00156659 -0.05112176 -0.04112792 -0.05840449 -0.07721589  0.00177185
  0.09860335  0.10037508 -0.1237704   0.16548088 -0.01673553 -0.01648215
 -0.11837345 -0.11993108 -0.00140609 -0.03931597  0.05734181 -0.04660395
  0.02996135  0.14256743  0.08349108  0.1475118   0.07282323  0.05162131
 -0.05250971 -0.10147249  0.10515267 -0.01284893 -0.08265541  0.11659205
 -0.04212904 -0.05479374  0.04144982  0.15556113  0.03129612 -0.00955154
 -0.05610155 -0.12202781  0.10063783  0.03930954 -0.03695123  0.03485624
  0.00909246 -0.05103112 -0.03529023 -0.01501226  0.0932464   0.06750425
 -0.03940773  0.01703281  0.02742508 -0.01583975 -0.20105635 -0.02957229
 -0.02968936  0.01345312 -0.19159712  0.03534268 -0.21850148 -0.15377162
  0.03887453 -0.13476777  0.03798382  0.05712247 -0.13999623  0.06639167
  0.06903387  0.00124104 -0.00550838 -0.23882698 -0.08237259  0.0700974
  0.15565725  0.14026123  0.01931391  0.12282216 -0.04203142 -0.03911401
  0.04502671  0.02847204]