[ 0.05720678  0.19178465  0.01200794 -0.12927639  0.09136279  0.08619454
 -0.03809515 -0.05200836 -0.14204431  0.05350226  0.05920001 -0.10724178
 -0.00835068  0.1170938   0.09125955  0.02488126  0.08780292  0.13119896
  0.05046576  0.02496997  0.00662801  0.15220544  0.09007038 -0.01793202
 -0.03235749 -0.0757716   0.01222617  0.0870484   0.19510968  0.03200238
 -0.09620973 -0.12467328  0.01168879 -0.03528944  0.12675694  0.06380925
  0.04371782  0.0300233   0.04334587  0.01734511 -0.15279494  0.10938956
 -0.02086871 -0.03881251 -0.11110709  0.19189398  0.08430444  0.07545486
 -0.19835366  0.06592549 -0.07379794  0.12564197 -0.0891383   0.01690694
 -0.07451496 -0.00639088  0.08874307  0.07060084 -0.1023638   0.02153578
 -0.0341287   0.12626535  0.16146265 -0.08500081  0.04727869  0.02698369
 -0.04614569  0.07073472 -0.08918835  0.15316828  0.10146413  0.02297973
 -0.00367828 -0.0093552   0.01939712 -0.01583056 -0.02904755  0.02467688
  0.06755614 -0.21874198  0.06744596  0.13758792 -0.08772752 -0.01703598
  0.01264448  0.02178363 -0.16176037 -0.01395608  0.02852264  0.16809872
  0.16405356 -0.03675973 -0.05594197  0.06144943  0.14731316 -0.10622919
 -0.0357872   0.14145982 -0.03493261 -0.00397735  0.02560235  0.06269816
 -0.02592342 -0.07890046 -0.12112293  0.16258156  0.06243413 -0.10271846
  0.13047349 -0.03495543  0.12090938  0.01788631  0.11620984  0.09882699
  0.02405293  0.00993365 -0.04546113 -0.01702084 -0.01263218  0.00867305
 -0.02346939 -0.10973749  0.03487832  0.02258394 -0.03887373  0.08078343
  0.05962955 -0.08795083]