[-0.03527147  0.06910728 -0.05760036 -0.08785424 -0.04961552  0.012382
 -0.09519617 -0.09411991 -0.08993218 -0.00847746  0.07188585  0.02076944
  0.00246022  0.15182485  0.09152278 -0.0118413  -0.07440037 -0.12190963
  0.1880154  -0.02454302 -0.08694332  0.13871433  0.04563542  0.02170346
  0.00362401  0.18514358  0.23730336 -0.04970311  0.00419922  0.07627155
 -0.07113409 -0.12006479  0.12556362 -0.0110963  -0.02269904  0.12892246
  0.0956889   0.05171892  0.01345506  0.15486008 -0.02355817 -0.02337654
  0.02467193  0.11893433 -0.14042583  0.17982589  0.19550894 -0.09097683
 -0.07939634 -0.02999603  0.02057316  0.01266284 -0.01979121  0.09392406
  0.14508224  0.10798316  0.01240431  0.12933011  0.00155883  0.04008386
 -0.10135169 -0.11767484  0.13429506 -0.02245641  0.09804275 -0.04436991
  0.04303022  0.02562479  0.12090194  0.11771338  0.00030696  0.01373901
 -0.05260387 -0.03392616  0.22488266  0.01702506 -0.10719378  0.1016033
 -0.06008547 -0.01503251  0.05084078  0.05892643  0.0182228   0.01150033
 -0.10021039 -0.00148613  0.04361334 -0.06106023 -0.07222895  0.03811799
 -0.01208952 -0.06628039 -0.00631514 -0.04468122 -0.00322913 -0.03806673
 -0.00474449  0.07925553  0.21889579 -0.05587307 -0.15813525  0.06948207
  0.0758184  -0.02686935 -0.15319309  0.03549066 -0.11626751  0.00307424
 -0.0931891  -0.09758213  0.08999202  0.01181041 -0.00233978 -0.06783047
 -0.04071471  0.04193052  0.03384083 -0.18751514 -0.01459551  0.02953899
  0.15237322 -0.04559363  0.02292071  0.02115231 -0.04321283  0.07955798
  0.05188214  0.13302091]