[-0.0397063   0.07856634  0.0092204  -0.18668273 -0.04371881  0.02763866
 -0.17788996 -0.07110018 -0.08536387 -0.04454987  0.050693   -0.04889575
  0.04064061  0.25510576  0.14310704  0.00050311 -0.0091133  -0.12892032
  0.13063705 -0.05728731 -0.05149032  0.20336436 -0.0259736   0.01753893
  0.01261735  0.16374908  0.17994219  0.07863162 -0.00249915  0.0420315
  0.00546759 -0.17116579  0.05696268  0.00043973 -0.0178406   0.20645519
  0.07763398 -0.00238415  0.07997553  0.20554446 -0.07775669  0.0792308
  0.0344556   0.04306023  0.02330402  0.13006601  0.12482241 -0.03936704
 -0.05078942 -0.03739864 -0.03401532 -0.02257966 -0.0402975   0.08683818
  0.05128993  0.10565686 -0.08047072  0.17955716 -0.01920214  0.01338436
 -0.05725707 -0.0092779   0.0821244  -0.00224554 -0.01429074  0.00680391
  0.08847042  0.11682817  0.13048765  0.06280896  0.07551867  0.00301352
 -0.02680646 -0.08563107  0.19036086  0.01764363 -0.12588131  0.02310521
 -0.01524392 -0.0136518   0.12463228  0.10581569  0.03685266  0.00197293
 -0.1322816   0.0066545   0.04055754 -0.0729548  -0.05399654  0.04203913
 -0.0121057  -0.07527963  0.06625823  0.04388529  0.01999404 -0.00605395
 -0.05680279  0.02318463  0.10190108 -0.01968959 -0.1838724   0.04362932
 -0.01109278 -0.03405646 -0.17529978  0.10182238 -0.16415106 -0.09849421
 -0.11949172 -0.08315564  0.12083906 -0.04954841 -0.04931773  0.04367111
 -0.0639464   0.05229085 -0.02712119 -0.11598915 -0.07718225 -0.04083764
  0.11858368 -0.04105262  0.02776562  0.01812032 -0.06292121  0.04352024
 -0.01330771  0.07731866]