[-0.07062361 -0.0098576   0.05385809 -0.14190482 -0.02467133  0.04356672
 -0.20599185 -0.08060145 -0.05563985 -0.11759896  0.01263143 -0.01468926
 -0.03110315  0.14328067  0.12034456 -0.05121701 -0.08865429 -0.07977491
  0.18123411 -0.02101864 -0.03032387  0.17750074  0.06543204  0.03312108
  0.01021671  0.15274018  0.19928718 -0.05818627 -0.07707419 -0.01881417
  0.03649673 -0.28151387  0.12707147 -0.01762678  0.08795905  0.18711464
  0.07713278  0.00803046  0.00950079  0.10605583 -0.03132989  0.05890882
  0.00252376  0.09649443 -0.07696434  0.14116839  0.15592942 -0.05319939
 -0.07732359  0.02410522 -0.09526403 -0.10590707  0.06583287  0.08156142
  0.0986738   0.08517493 -0.00295672  0.11906682 -0.05255111 -0.0293255
 -0.04720614  0.00867617  0.10337028  0.01416134  0.08907969 -0.05239802
  0.04216528  0.06937186  0.12251274  0.11468645  0.05373668 -0.02448906
 -0.04102299 -0.13120964  0.16281441  0.01481764 -0.18287882  0.03769743
  0.02059884  0.01389552  0.02984217  0.10493785  0.00497449  0.0213555
 -0.1103665  -0.02015988  0.0309563  -0.00694378 -0.08343694  0.06006416
  0.053263   -0.02849314  0.06442457 -0.00479103 -0.01797041 -0.01517251
 -0.06440314  0.09710167  0.0882671  -0.0452231  -0.12302233  0.03387592
 -0.01271905 -0.16074149 -0.0922149   0.06311507 -0.0798654  -0.12296368
 -0.13051124 -0.03077815  0.11390629 -0.04555909  0.01772626 -0.03881511
 -0.05480783  0.08264382 -0.0388131  -0.15755783 -0.07626352 -0.00509735
  0.1300395  -0.03706129 -0.00973643 -0.02172863 -0.05910739  0.07182555
  0.06469267  0.11610857]