[ 0.04421333 -0.07439798 -0.05457221  0.02165897  0.11962195  0.05187032
 -0.02672512 -0.03881668  0.1027645  -0.29195794 -0.01085471  0.05712857
 -0.00352303 -0.10328794 -0.14908054  0.00038844 -0.19467828 -0.00834016
 -0.16889636  0.12960269  0.25163484 -0.05665446  0.04884885  0.01002387
  0.04300419 -0.13450161 -0.05160359 -0.15775308 -0.12465975  0.09321601
  0.0263897  -0.10390165 -0.01473227  0.04582495  0.08138713  0.04528724
 -0.05532048 -0.02190263 -0.07665097 -0.12917149  0.0455648   0.00978825
  0.0495403   0.12555963 -0.02457853  0.01014981  0.08486926 -0.00530402
 -0.04755434  0.1073889  -0.16302334 -0.14163668  0.04004801  0.03681609
  0.11997381 -0.03948133 -0.08472985  0.029324   -0.12234059 -0.1201919
  0.04860818  0.02752719  0.14704145  0.04760879  0.02281061 -0.12572524
 -0.06231064  0.06916256  0.03041582 -0.00508073  0.06863706  0.00069393
 -0.0014123  -0.18851554 -0.04779169  0.08145452 -0.05819391 -0.03168875
 -0.0323889   0.15117985 -0.00211283  0.04167261 -0.06573131  0.01782789
 -0.14118625  0.14688736  0.01417335  0.06536818 -0.05967351  0.04559759
  0.12863898 -0.14884724 -0.11835113 -0.02702923 -0.11867291 -0.00842399
 -0.11600307  0.02412     0.00125121 -0.02861627  0.04540014 -0.06639125
 -0.02674523 -0.06306642 -0.03285975  0.04027899 -0.0656094   0.16885395
 -0.11144322  0.01730043  0.01273586 -0.04326496 -0.13832626  0.01479541
  0.00743193  0.14661773 -0.11538402  0.03478593 -0.02135295  0.09373653
 -0.04717887  0.11969331 -0.01920077  0.05387625  0.00270956  0.01438301
  0.05143477 -0.01886014]