[ 9.40209627e-02 -1.58719271e-02 -1.34657219e-01  6.55804053e-02
  3.62255215e-03  6.78502470e-02 -2.58670887e-03 -6.58890605e-02
 -2.41705272e-02 -2.66621709e-01  5.84093444e-02  9.53290313e-02
  8.04822240e-03 -1.03231460e-01 -2.69258827e-01 -5.29450215e-02
 -1.74330384e-01 -6.26589283e-02 -8.55449960e-02  1.46643206e-01
  1.99417382e-01 -1.15897745e-01  2.42012199e-02  4.93166298e-02
  4.24843580e-02 -1.52655011e-02  2.82485187e-02 -1.26357123e-01
 -6.64906055e-02  1.10119000e-01 -7.12770820e-02 -1.06692769e-01
 -6.71958253e-02  2.70038955e-02 -4.96372320e-02 -5.14028072e-02
 -1.27766907e-01  4.91237529e-02 -2.28165556e-02 -4.71764766e-02
 -2.57419975e-04 -3.00787147e-02  1.18973432e-02  1.49887711e-01
 -4.30742055e-02 -6.93395883e-02  1.28531918e-01 -6.69968426e-02
 -7.55660608e-02  1.07201457e-01 -7.56400153e-02 -1.62081178e-02
  1.97995659e-02  8.93016756e-02  1.14720047e-01 -5.83033264e-02
 -1.98848974e-02  1.16009116e-01 -4.61120680e-02 -1.55257791e-01
  3.60100716e-02  2.64760200e-02  2.70666510e-01  4.99555282e-02
 -5.31932749e-02 -7.12071434e-02  2.65395008e-02 -3.10810972e-02
  3.71708609e-02 -2.95424554e-02 -6.59172097e-03  9.16487817e-03
  2.60041244e-02  1.39900055e-02  3.11247222e-02 -1.51542788e-02
 -1.57511961e-02 -7.53143132e-02 -5.00923432e-02  2.17481703e-01
 -3.83214019e-02 -1.28140794e-02  1.16464430e-02 -6.27012402e-02
 -1.16093211e-01  1.11165576e-01  2.34974418e-02  1.94262415e-02
  7.85270613e-03 -5.86318858e-02  1.00650534e-01 -1.56076938e-01
 -6.22479506e-02 -1.09685669e-02 -7.97594413e-02 -1.09151065e-01
 -1.90244168e-02  4.85604219e-02  6.96629807e-02 -6.32319301e-02
 -2.20465902e-02  3.21758278e-02  2.59754714e-02  9.24299136e-02
 -9.13536623e-02  6.44221753e-02 -3.06006428e-02  2.66864538e-01
 -1.14729516e-01 -7.68991113e-02  9.67238769e-02  5.00734709e-02
 -1.11161746e-01  3.62796895e-02 -1.64153948e-02  1.19471051e-01
 -8.34426135e-02  3.46728899e-02  8.05431157e-02  4.88136671e-02
 -1.09417327e-01  4.73843217e-02 -9.13668331e-03 -4.72074598e-02
 -4.47104014e-02  6.14971258e-02  3.22166570e-02  1.41373724e-02]