[ 0.00522175  0.0971427   0.05830758 -0.03143531 -0.03582271  0.10750423
 -0.04688477 -0.09069035 -0.19587696  0.00762251  0.06677472 -0.03732537
 -0.01497871 -0.06781492  0.10696114 -0.08157137 -0.12679027 -0.0809792
  0.15855727 -0.04487662 -0.01207991  0.06165657 -0.14168723  0.03596777
  0.11111105  0.09924513  0.02121365 -0.0499614   0.05289423  0.06049288
 -0.01110158 -0.17154557 -0.08999997 -0.04382757  0.09010389  0.04237837
 -0.05140869 -0.19338581  0.15070502  0.01003774  0.04697397 -0.13047731
  0.01422156  0.07901771  0.0038456   0.14349228  0.13055138 -0.00168514
 -0.19878665 -0.14663319 -0.02742325  0.02538436  0.08324197 -0.03590761
  0.01187091  0.04234833 -0.11487617  0.10052437 -0.05595488  0.0051622
  0.01963023  0.0626637   0.10622296  0.06542     0.01024394  0.09300092
  0.06429324 -0.04460863  0.03974354 -0.10304925 -0.00791623  0.01855964
 -0.03229852 -0.10642361  0.13896576  0.00830873 -0.11733929 -0.00832845
  0.07708209  0.21398714  0.06360536 -0.01753662  0.03650161  0.01832303
 -0.06669675  0.03838649  0.03403082 -0.0875515  -0.07620425  0.06229398
  0.06046275  0.02824589  0.00987813  0.123455   -0.21274006 -0.08017469
  0.01494178 -0.05064902  0.10102942 -0.09511995 -0.02310244  0.09926144
  0.00170294 -0.11933565 -0.11036476  0.14140287  0.06738     0.12700711
 -0.09199663  0.02599998  0.1943289  -0.07696672 -0.07216489 -0.10036936
 -0.02660845  0.05022556 -0.1891972   0.01859951 -0.03463371 -0.05035442
  0.0261252  -0.16587414 -0.05072215 -0.05084936 -0.00149412  0.15023625
  0.03117389  0.00667535]