[-2.05540191e-02  1.10805430e-01  3.41699645e-02 -4.31266837e-02
 -9.16510001e-02 -2.21173931e-02  4.74621579e-02  1.94491986e-02
 -1.78426087e-01  9.86754820e-02  3.33779231e-02 -1.19884029e-01
  4.96985428e-02  8.91329572e-02  1.68233275e-01 -8.36567804e-02
  2.28271242e-02 -9.37031955e-02  1.50517613e-01 -4.13118862e-02
 -9.11356732e-02 -1.98745448e-02 -1.94701672e-01 -4.48755957e-02
  1.65230408e-02  1.07296415e-01 -8.96631554e-02  1.23235819e-04
  6.83443174e-02  2.80395206e-02 -7.36830831e-02  8.89112055e-03
 -4.12451141e-02 -5.41774742e-02  3.86109538e-02  6.51232302e-02
  6.04581237e-02 -3.28763947e-02  6.51687980e-02 -4.56670374e-02
  2.59546116e-02 -7.18522668e-02  3.30173820e-02  1.58496539e-03
  4.18502353e-02  2.36949176e-01  1.07918926e-01 -2.38440204e-02
 -2.14187220e-01 -2.46147767e-01 -9.12411213e-02 -1.42865954e-03
  5.02940007e-02 -1.32072102e-02  3.60688306e-02  6.62679225e-02
 -1.57609776e-01  4.03608456e-02  3.50798741e-02 -1.21993152e-02
  3.34433578e-02  4.08647023e-02 -2.69042850e-02  2.08286531e-02
  8.82994663e-03  2.23929048e-01  9.49529260e-02 -7.82040413e-03
  8.67725834e-02 -1.95469752e-01  1.24057829e-02 -6.52545318e-02
  9.74572450e-03 -6.89997748e-02  1.34072244e-01  2.03344300e-02
 -7.82805756e-02  2.00857595e-02  9.61268768e-02 -7.66102737e-03
  6.84642280e-03  2.34964522e-04 -9.86148417e-02 -7.97331929e-02
 -5.03477408e-03  5.45255877e-02  1.52969137e-02 -1.11918263e-01
  5.64034417e-05  6.28607646e-02  5.98353110e-02  1.57143753e-02
  4.29194048e-02 -6.18767040e-03 -1.26351967e-01 -1.55977085e-02
  9.60863531e-02 -7.94019252e-02  1.01496369e-01 -3.88498195e-02
 -7.96467662e-02  8.49146694e-02  6.71939477e-02 -1.02152318e-01
 -2.14529023e-01  1.39653951e-01  3.43654957e-03  8.54403228e-02
 -4.94479612e-02 -1.69486478e-02  1.33930996e-01 -8.87038410e-02
 -1.18558638e-01 -1.76037669e-01  3.90445581e-03 -4.82195951e-02
 -1.28377944e-01 -1.38677597e-01 -5.56664215e-03 -1.64129883e-01
 -5.26456488e-03 -1.07502759e-01  9.66739561e-03  8.96358192e-02
  5.55190481e-02  4.56100404e-02 -3.02567380e-03 -7.05714077e-02]