[ 0.01904288  0.20482819  0.02252096 -0.13294794  0.05434293  0.0209433
 -0.07437681 -0.05823444 -0.01411693  0.01730131  0.03005492 -0.09304536
  0.04417066  0.05989293  0.17478071  0.07751033  0.05446287 -0.06923489
 -0.04413321  0.00941433 -0.06367736  0.1581417   0.02478952 -0.04760729
  0.00580449  0.01688262  0.039959    0.10141681  0.16967554  0.03451747
  0.00645851  0.14126158  0.11025373  0.10706443  0.00903863  0.0570743
  0.22821404  0.05420535  0.14133818 -0.00901217  0.01157685 -0.11760126
  0.10805868 -0.13165329 -0.0043808   0.18423587  0.07690402  0.10129444
 -0.15102938  0.01409746 -0.10598532  0.1227997   0.01654499  0.04743287
 -0.03043202 -0.00727494  0.00188852 -0.0700466  -0.13505423 -0.00678111
 -0.13440703  0.00194938  0.00638411 -0.06733198 -0.08271483  0.19233307
 -0.01472407  0.09950925 -0.04519963 -0.02595231 -0.06571151 -0.10029753
 -0.1407245   0.01315738  0.21430191 -0.01054759  0.03426753 -0.01283383
  0.01818642 -0.02739035  0.12876412  0.10216744 -0.01452191  0.03556401
  0.08017019  0.07751527 -0.10214704 -0.00309074 -0.01020682  0.21053261
  0.15496606 -0.07165984 -0.07440357  0.14523579 -0.00436119  0.00884687
 -0.08746109  0.1004061   0.04910537 -0.09893587  0.00436555 -0.08135065
 -0.02911632  0.0885502  -0.07794012  0.10392197 -0.04744839  0.05047638
  0.09788545 -0.06573334  0.04235955  0.05112483 -0.0768144   0.07007296
  0.02289837 -0.07539584 -0.07182415 -0.05929192  0.04681522  0.08738481
  0.16283928  0.02093754  0.09861781  0.11583091 -0.02250674 -0.03379032
  0.09523074 -0.06759991]