[ 0.0054908   0.16018707 -0.05466405 -0.19269678  0.11696401  0.06057483
 -0.09203514 -0.14169055 -0.01809519 -0.00944602  0.05210502 -0.00491259
  0.02855231  0.12578109  0.06762036  0.12016663  0.03561685 -0.02019309
 -0.01759194 -0.04288985 -0.00195471  0.22879642 -0.00323034 -0.07806096
 -0.01831359  0.07902562  0.1204569   0.11890979  0.15850586  0.11526813
 -0.02726118  0.06982685  0.08235822  0.03275398  0.04244465  0.11378397
  0.13771868 -0.05047529  0.16640832  0.0668117  -0.04522265 -0.01532512
  0.12259138 -0.03572649  0.00910348  0.17947894  0.08533506  0.07300433
 -0.13615853 -0.02674078 -0.08411743  0.08658127 -0.05646906  0.03523672
 -0.03143772  0.04616378 -0.04222258  0.08181849 -0.20412272  0.10872398
 -0.09849156 -0.0035503   0.14737511 -0.04543426  0.00762323  0.03903904
 -0.07649833  0.12863113 -0.02560263  0.08053593  0.02077583 -0.04696803
 -0.10778385 -0.07577923  0.11352372  0.05544905  0.02391286  0.00728901
 -0.07140277 -0.13243958  0.18703492  0.15582439  0.00460503  0.09341366
 -0.06668255  0.05216134 -0.06126518 -0.02718863 -0.05582478  0.18976423
  0.11445344 -0.10422811 -0.1330557   0.17599829  0.09280819  0.04878011
 -0.11095148  0.07462489  0.05432896 -0.00846109 -0.02129735 -0.05757581
 -0.07410633  0.03666358 -0.08425949  0.12029205 -0.07695093 -0.00834275
 -0.00982775 -0.06693571  0.04637853 -0.03811955 -0.0292339   0.12155714
  0.02597008 -0.01419861 -0.05785204 -0.00139144  0.00628594  0.09273638
  0.14289403 -0.03877466  0.10595605  0.03265963 -0.05529518  0.04183624
  0.02557294 -0.05609279]