[ 0.10252755  0.1875093   0.10652042 -0.01384232  0.07849641  0.06841217
  0.06984979 -0.05078756 -0.00925605  0.0367559   0.12788612 -0.03970407
 -0.02440473  0.05555398  0.10252919  0.01495753  0.15104106  0.11282737
 -0.08036024 -0.00101095  0.05261154  0.12086986 -0.03632709  0.0639637
  0.02581557 -0.10258941 -0.02779685  0.10004902  0.20119406  0.07648849
 -0.03180353  0.02597074  0.00047047  0.06455125  0.09924998  0.01431558
  0.07575536  0.08594167  0.05185051 -0.05335291 -0.06646814  0.05382529
 -0.01144629 -0.09552006 -0.03430489  0.10186419 -0.01236422  0.03662197
 -0.17535838 -0.03577096 -0.01147568  0.16635168 -0.09769011 -0.02547368
 -0.02621909  0.01199076 -0.08440419  0.07001549 -0.17947601  0.05644279
 -0.07933832 -0.035451    0.10448404 -0.16509201  0.09224763  0.07508626
 -0.03148938  0.03881969 -0.19917361  0.15594245  0.07418193 -0.01224042
 -0.04769063 -0.02383054 -0.00927418 -0.03430673  0.08219003  0.04091617
  0.02601693 -0.16477154  0.00812651  0.11182153 -0.0475173  -0.07843765
  0.05844786 -0.06580256 -0.09195385 -0.02450956  0.00413345  0.21345359
  0.13299352 -0.12631495 -0.07991973  0.12936364  0.10620996 -0.04060956
 -0.01080112 -0.04721767  0.01861499  0.0239149   0.02589645  0.0409295
 -0.09312268  0.01725387 -0.07569049  0.12363245  0.08945212 -0.09262156
  0.16141666 -0.10926109  0.03497927  0.0614683   0.00345603  0.12006948
  0.16413723 -0.05864819 -0.09005041 -0.01362295  0.02445049  0.08115906
 -0.00089255 -0.01674543  0.02143154  0.11534441  0.13720562  0.06905515
  0.1499     -0.18478858]