[ 0.04152917  0.21502569  0.0066743  -0.16726613  0.09034048  0.06283891
 -0.06471431 -0.0521538  -0.06058475  0.03843294  0.04492007 -0.09371799
 -0.01181319  0.08407488  0.12085877  0.11693772  0.04018846  0.0159369
 -0.02966806 -0.08253114 -0.01717795  0.21245709  0.05601316 -0.14786257
  0.01524603 -0.01743175  0.09149001  0.15612896  0.18022455  0.04989404
 -0.06419797  0.06836028  0.07006218  0.04540594  0.04242794  0.01673909
  0.13806999 -0.02265855  0.17736241  0.03876904 -0.05878022 -0.04290354
  0.10276416 -0.10836211 -0.01566885  0.18052691  0.03596881  0.05799131
 -0.1759873   0.01536463 -0.03947556  0.193822   -0.06634823  0.05826974
 -0.10481369 -0.02080271  0.07767409 -0.05061593 -0.17563604  0.0660057
 -0.07833644  0.00770197  0.06243493 -0.04766874 -0.03185131  0.11310469
 -0.09143946  0.1435571  -0.05027014  0.10828381  0.00760452 -0.03464277
 -0.10063696 -0.02871144  0.11568158  0.02028451  0.03648559 -0.04019227
 -0.04753958 -0.12727891  0.14405726  0.1074784   0.01848668  0.08554004
  0.01062188  0.0705815  -0.12359989 -0.01477281 -0.00734896  0.20183648
  0.11669709 -0.07189421 -0.15458563  0.16262811  0.07510708  0.00302853
 -0.0736185   0.1195084   0.01541684 -0.02738374  0.02249794 -0.03923561
 -0.03150998  0.05579826 -0.03300958  0.0894215  -0.02370192  0.02789212
  0.08350733 -0.09705337  0.04774993  0.0039094   0.00150966  0.11674774
  0.06685942 -0.05636525 -0.04634634  0.03424632  0.0671719   0.07291824
  0.13150363 -0.03648163  0.12601022  0.0357358   0.03134502 -0.01370918
  0.11471789 -0.05534242]