[ 0.03072287  0.15146294  0.0440024  -0.14773507  0.0861454   0.05646366
  0.0011789  -0.05179225 -0.01348615  0.08626544  0.0756931  -0.04317958
  0.05361975  0.07869979  0.16378546  0.07972261  0.09252901 -0.02081692
 -0.09497985 -0.02508391 -0.05108446  0.13926163 -0.03246674 -0.03552273
 -0.0166581   0.04619191  0.02467946  0.12789831  0.18140252  0.01247949
  0.04130501  0.14813158  0.01272457  0.09177557  0.02321634  0.0964211
  0.11849013  0.06445851  0.15102465  0.00830994 -0.01388477 -0.05456387
  0.01492753 -0.12055427  0.03406556  0.1398979  -0.03201832  0.13385837
 -0.15655628 -0.07539991 -0.09468245  0.13273478 -0.07548016 -0.03535924
 -0.06299173  0.01498038 -0.11998084  0.06941046 -0.20697989  0.09298573
 -0.14267965 -0.02314639  0.08568995 -0.09857843  0.01350936  0.15783127
 -0.05478878  0.16741979 -0.11899587  0.05215372  0.00868701 -0.03049872
 -0.11171621 -0.00478966  0.0886804  -0.01664454  0.06754252  0.00522994
  0.02137692 -0.1019037   0.09483277  0.06330819 -0.01603173 -0.01585714
 -0.02295321 -0.05104459 -0.02590949  0.01187122  0.01171897  0.1915725
  0.13962647 -0.07715543 -0.05304135  0.21073882  0.06275812  0.05597062
 -0.04650031 -0.04682996  0.01674628 -0.01536828  0.00302523 -0.05874455
 -0.15400946  0.05962254 -0.04119657  0.12572291 -0.0416804  -0.04893109
  0.13986288 -0.09925785  0.016548    0.08191399 -0.05373587  0.13683741
  0.13511601 -0.06205097 -0.1033994   0.00342973  0.04374962  0.11025384
  0.10805225 -0.03942224  0.0809376   0.12667285  0.03210122  0.01729997
  0.05126175 -0.15111762]