[ 0.02982563  0.15851675 -0.05842381 -0.16282536  0.0759893   0.01940464
 -0.07167482 -0.13066657  0.01448664  0.05613564  0.13630706 -0.01571823
  0.02733569  0.15098418  0.08189158  0.11326004  0.06150554 -0.02133208
 -0.01360967 -0.01482752 -0.04634228  0.23961855  0.00716592 -0.0344035
 -0.04678849  0.07214786  0.17218749  0.14676513  0.17861809  0.10542403
 -0.06360346  0.03938003  0.0895926   0.02438178  0.00879989  0.13329624
  0.13211016  0.00828178  0.13039985  0.13634183 -0.08539131  0.00542005
  0.03171836 -0.04197393 -0.01677651  0.16153689  0.0400128   0.08231736
 -0.06590162 -0.00303845 -0.03172009  0.16813315 -0.13483103  0.04002865
 -0.02512723  0.03397888 -0.03955431  0.06041676 -0.19245988  0.16220094
 -0.13510074 -0.08017509  0.14936192 -0.05013549 -0.00150008 -0.01405908
 -0.04254754  0.12942447 -0.00419548  0.12567233  0.03714164 -0.02188851
 -0.0781282  -0.01997542  0.12361397  0.00639191  0.04051421  0.07270221
 -0.08019149 -0.15039314  0.1985402   0.12620275 -0.00353645  0.05437367
 -0.04730623  0.03507416 -0.06155301 -0.03354592 -0.03225263  0.16548161
  0.07824749 -0.10164666 -0.1100909   0.16561465  0.1105028  -0.01317151
 -0.0974512   0.0042392   0.1000582  -0.01450323 -0.02577628 -0.02341903
 -0.06028203  0.02534108 -0.05527344  0.10242679 -0.04926572 -0.05510367
  0.06096021 -0.07318298  0.0266001   0.01233062  0.01930906  0.15206067
  0.026748   -0.01651774 -0.00282137 -0.01343674 -0.00861715  0.08052284
  0.11376124 -0.04412344  0.09583233  0.08161058 -0.0357247   0.0480976
  0.03958517 -0.03284232]