[ 1.19223453e-01  8.28354508e-02  1.36725456e-01 -8.99606049e-02
  7.94929862e-02  1.96729973e-01 -3.76325659e-02 -6.97091920e-03
 -5.99321350e-02 -3.24705653e-02  7.46247619e-02 -8.00807476e-02
 -1.40385171e-02  6.94907829e-02  2.41729572e-01  1.96856987e-02
  4.09187609e-03  1.14912651e-02 -6.19657338e-02 -8.21142420e-02
  2.53741480e-02  2.26929069e-01  2.37798020e-02  2.63607185e-02
  9.16391611e-02 -8.67130160e-02  6.11994117e-02  1.04502939e-01
  6.54244050e-02 -6.93541812e-03  5.27656525e-02 -4.46469560e-02
 -3.25043425e-02  1.31374717e-01  7.39882290e-02  9.04473588e-02
  4.10425700e-02 -1.03590824e-01  6.59793764e-02 -2.00489741e-02
  5.02699008e-03 -3.99868079e-02  6.19365349e-02 -2.13512089e-02
 -4.95742746e-02  2.47694869e-02 -1.10548437e-02  9.35147107e-02
 -1.43422782e-01  7.56002367e-02  2.04886571e-02  2.63326708e-02
 -4.80053201e-02  2.70285062e-03 -1.11736478e-02  1.51376482e-02
 -1.24282353e-01  8.64707828e-02 -9.51919332e-02 -2.78718839e-03
 -1.24117613e-01  2.55526192e-02  6.06883541e-02 -9.84323695e-02
 -3.78172408e-04  1.56173423e-01 -3.15360203e-02  8.98451954e-02
 -1.33283928e-01  1.86386243e-01  2.44353060e-02  5.09782135e-02
 -5.31070009e-02 -7.03786314e-02  2.53037643e-02 -6.68650940e-02
  3.07646114e-02 -8.77215192e-02  1.75251104e-02 -1.15403198e-02
  1.80214033e-01  3.25081833e-02  2.83851922e-02 -7.43124485e-02
  6.12567761e-04 -5.11036962e-02 -4.51285392e-02 -2.06750464e-02
 -2.20403261e-02  2.79069036e-01  1.85201719e-01 -1.03513688e-01
 -1.45598605e-01  1.33128330e-01 -9.65598971e-03  6.63536415e-02
 -8.66382867e-02  1.60492957e-02  1.11478602e-03 -8.57976917e-03
  2.08536796e-02  1.97493974e-02 -4.46051098e-02 -8.45755637e-02
 -8.46619755e-02  1.18099436e-01 -5.55193797e-02 -9.98088419e-02
  5.23478612e-02 -9.18222368e-02  1.13265052e-01  8.32487419e-02
  1.51176366e-03  8.38716403e-02  1.39008224e-01 -4.44435030e-02
  1.76817135e-04  6.10192604e-02  2.43637599e-02  9.88190249e-02
  1.61984608e-01 -9.13608894e-02  1.07520901e-01  8.14909786e-02
  8.89608189e-02 -7.72447605e-03  2.26554260e-01 -5.10817729e-02]