[ 0.05310535  0.1412603   0.02762118 -0.00766682 -0.00379177  0.0252476
  0.11503393 -0.01028327 -0.06889377 -0.04216795 -0.02875102  0.01341378
  0.14625683 -0.07751751 -0.00906578  0.00777988 -0.09950782 -0.10055733
 -0.19842631  0.15788791  0.08831287 -0.02692434 -0.02290393  0.10244329
 -0.04446646 -0.07703778 -0.16559388 -0.06832168  0.06128504  0.18698861
 -0.06924938  0.0825922  -0.04036256  0.11077422 -0.04687012 -0.06908242
 -0.00795955  0.15221667 -0.07721274 -0.00090114 -0.03130852 -0.10754995
  0.08586466  0.01934015  0.00432406  0.04571103  0.13258478  0.01524366
 -0.12853202  0.1198256   0.06492458 -0.05426781 -0.02080246  0.03527749
  0.1417487  -0.02631194 -0.1159208   0.07984571  0.02037337 -0.11156994
 -0.05787854  0.00231938  0.03336469 -0.03740596 -0.03513442 -0.00716488
  0.0135381  -0.05203227 -0.17929037 -0.17855601 -0.00407042 -0.00447956
 -0.02640306  0.07336259  0.08079969  0.06500277  0.035188   -0.08819195
  0.09701595  0.19388685  0.12151606 -0.11478329 -0.04433787 -0.00854767
 -0.01041095  0.02617107 -0.01565183 -0.05486935  0.0506034   0.10852914
 -0.01416371 -0.16276865 -0.0477998   0.03693909 -0.17126781  0.0369398
  0.00187458  0.01906172  0.07914576 -0.02676785  0.03338801  0.06491332
 -0.01645122  0.16503216 -0.2295436   0.0299245  -0.14201921  0.20473288
  0.05157855 -0.05771706  0.07833825  0.12451219 -0.19517291  0.00564507
 -0.05827729  0.10580949 -0.06510002  0.06523852 -0.07102947  0.13130096
 -0.03462288  0.0406139   0.02628909  0.07053109 -0.01504804  0.03397135
  0.00167217 -0.12821324]