[-1.38469888e-02 -2.43886677e-03  9.67134663e-04 -1.02611415e-01
  3.01385224e-02  1.10878937e-01  1.75153632e-02  2.32663341e-02
 -5.53621426e-02 -1.40683472e-01 -6.38961270e-02  4.63580675e-02
  6.87196329e-02 -9.33993980e-02 -3.02717276e-02 -1.02693051e-01
 -2.13500038e-01 -1.42131627e-01 -7.64483362e-02  8.04379061e-02
  6.89629167e-02 -1.59300156e-02  1.36706345e-02  1.51824445e-01
  2.11063921e-02 -1.08332923e-02  3.12706456e-02 -6.26736879e-02
  4.52562310e-02  2.21165381e-02  5.19096218e-02 -1.57348946e-01
 -7.86259770e-02  6.36269748e-02 -3.68629247e-02 -3.30800153e-02
 -8.44144672e-02  1.58229086e-03 -7.74792805e-02  8.06313753e-03
  9.24159586e-02 -1.13560699e-01  1.89789832e-02  1.61358833e-01
 -5.97952977e-02 -7.37374946e-02  8.81659389e-02  8.13373774e-02
 -5.19321002e-02  1.20957285e-01 -1.01748019e-01 -1.23346210e-01
  6.22699931e-02 -1.07515017e-02  1.03851542e-01  2.74104392e-03
 -1.16069041e-01  2.27129519e-01 -3.48474160e-02 -1.63056463e-01
 -5.90106621e-02  9.52200517e-02  1.73628360e-01  7.93690383e-02
 -7.34506696e-02  3.71094942e-02  2.97801327e-02 -6.45202622e-02
 -6.20330907e-02 -1.04521722e-01 -9.21466425e-02  2.81442609e-02
 -2.72167977e-02  5.45097031e-02  1.31615490e-01 -1.06826629e-02
 -3.06806006e-02 -8.54296759e-02  1.20173708e-01  2.28435561e-01
  6.52794614e-02 -8.23809877e-02  6.43141195e-02 -3.79292946e-03
 -3.40759903e-02 -4.14532647e-02  6.60361499e-02  6.37829006e-02
  3.27451564e-02  2.80960426e-02  1.35345235e-01 -7.30097741e-02
  2.71345535e-03  9.16973129e-03 -1.26313373e-01 -3.56928594e-02
 -5.89467920e-02  6.44499436e-02  5.40106148e-02 -7.17237070e-02
  7.83422310e-03  3.57746170e-03 -8.93889368e-03  3.07854228e-02
 -1.76233232e-01  7.39048123e-02 -1.22648217e-01  1.39059886e-01
 -4.63031232e-02 -5.93167506e-02  2.06349015e-01  1.27389804e-01
 -1.11124784e-01  1.57312211e-02 -6.51918724e-02  1.39545485e-01
 -4.68992889e-02  8.99198651e-02  1.02422312e-02  1.41415447e-01
  1.37578789e-02 -5.68275265e-02 -6.84489533e-02 -4.37472761e-02
 -2.04109073e-01  7.08416328e-02 -7.72784948e-02 -9.38025987e-05]