[ 1.05019473e-01  1.59677997e-01 -1.30614147e-01 -9.66850370e-02
 -4.75452989e-02  1.49671063e-01  2.52422760e-04 -5.46529554e-02
 -7.04194382e-02  1.86356772e-02  1.94680229e-01 -9.27176476e-02
  1.04088910e-01  4.09111045e-02 -6.82690972e-03  3.44470702e-02
 -3.26582864e-02 -4.69644517e-02 -4.31088805e-02 -1.59487035e-02
  6.48317263e-02 -1.44599508e-02 -1.73431858e-02 -4.57965136e-02
 -1.10420864e-02  8.06545839e-02  3.63585651e-02 -4.81036305e-02
  1.56873196e-01  4.18380983e-02  3.15426290e-02  5.78090288e-02
 -8.67939368e-02  9.43391398e-03 -1.58723630e-02  6.74745142e-02
 -2.47257650e-02  1.47552446e-01  1.69041604e-01  5.38633429e-02
 -8.91299769e-02 -6.82102144e-02 -1.29359767e-01  5.00940867e-02
  3.17524164e-03  4.03568074e-02  5.15304096e-02  6.49413615e-02
 -2.27200687e-01 -9.14252400e-02 -1.17101774e-01  1.70503914e-01
 -8.31237286e-02  1.92445591e-02 -8.13610926e-02  3.15204437e-04
 -5.02143241e-02  1.73161268e-01 -1.12535387e-01 -4.39649224e-02
 -9.96623188e-02 -1.96044091e-02  3.07803363e-01 -9.64190364e-02
 -7.89067149e-03  1.02641083e-01  5.93978055e-02  1.32625401e-01
  6.00707950e-03  4.79708090e-02  3.06335581e-03  3.17252474e-03
 -7.62455463e-02  3.51112820e-02  7.14979768e-02 -1.52939543e-01
 -1.36234965e-02 -1.48283225e-02 -2.96684019e-02  5.85236102e-02
  1.05873188e-02 -5.30095166e-03 -5.61086722e-02 -1.40956372e-01
 -1.21733278e-01  3.96625698e-02 -2.16270192e-03 -8.92614722e-02
  5.36610819e-02  1.29555175e-02  1.52860463e-01 -1.37882173e-01
 -5.05164377e-02  9.18035060e-02  5.63484132e-02 -7.81022608e-02
  9.05049127e-03  2.09328085e-02  4.13003378e-02  5.08121448e-03
 -3.90584208e-02  1.90603305e-02 -8.82101506e-02  9.30610150e-02
 -8.41350481e-02  1.62955090e-01 -1.42833777e-02  9.93399322e-02
  9.44681987e-02 -1.57145560e-01  5.20051122e-02  1.09340832e-01
 -8.21376964e-02  6.14629686e-02  1.45052284e-01  2.23719403e-02
 -1.22431017e-01 -5.27385995e-02  1.52830586e-01  3.31834070e-02
  1.69526469e-02 -1.08354703e-01  7.59035721e-02  1.05601519e-01
  1.47654666e-02  2.06170417e-02  3.94280143e-02 -2.06168611e-02]