[ 2.33060308e-02 -2.53879521e-02 -1.07609406e-01 -9.06072557e-02
  5.77549078e-02  2.58425742e-01 -1.48354191e-02  9.24517512e-02
  8.39124725e-04 -3.45415547e-02  1.07142963e-02  1.29333794e-01
 -3.11187468e-02 -1.41736314e-01 -1.87182575e-02 -9.76860300e-02
 -1.52153865e-01 -1.39933348e-01  8.13452378e-02 -5.55060282e-02
  5.11433519e-02  2.50540171e-02 -1.76712051e-02 -1.91520732e-02
  5.25305904e-02  4.48315963e-02  1.11892670e-01 -1.31406128e-01
 -8.33985284e-02 -9.56548005e-03  9.05787945e-02 -1.56628162e-01
 -5.25642782e-02  5.30027412e-02 -2.42622234e-02  5.47232032e-02
 -2.73013860e-02 -1.43372893e-01  6.10222146e-02  6.82998225e-02
  1.14852197e-01 -1.03194147e-01 -4.72306684e-02  9.35850069e-02
 -7.77534917e-02 -7.48321861e-02  3.82207222e-02 -3.43931280e-02
 -3.71620879e-02  6.24543279e-02 -2.58269832e-02  4.15077396e-02
 -4.57192734e-02  2.12052446e-02  8.40644091e-02  5.55888154e-02
 -5.78224994e-02  1.20432965e-01 -1.79167524e-01 -5.99303785e-05
 -5.85996062e-02 -6.18990287e-02  2.18885511e-01 -1.25312656e-01
  8.28507468e-02 -1.31711289e-01  1.36887198e-02  1.11686125e-01
  4.39076275e-02  1.43074930e-01  6.40492188e-03  1.47826776e-01
 -1.39239892e-01 -5.95857985e-02  2.18069963e-02  7.46773109e-02
 -2.33906880e-02  6.27730638e-02 -3.21193039e-02  1.26770630e-01
 -1.48606241e-01 -3.02461418e-03  1.86391324e-01  1.29367128e-01
 -1.16179362e-01 -3.19246165e-02  1.80275902e-01  7.97226802e-02
  5.82848266e-02 -1.88629888e-02  2.42228694e-02 -1.22340955e-01
 -5.21321446e-02  1.15688138e-01 -4.92305718e-02 -8.36225599e-02
  3.18256542e-02 -7.28406683e-02 -3.02440710e-02  3.45036807e-03
 -2.45912541e-02  1.47827622e-02 -1.27399102e-01 -3.36848460e-02
 -3.70263979e-02  6.63869604e-02 -8.93773586e-02  1.68529209e-02
 -2.17046559e-01  1.77923788e-03  4.51449975e-02 -1.44440196e-02
 -3.43798287e-02 -1.17675792e-02  9.97389480e-02  6.59192353e-02
 -1.89676117e-02 -4.32406142e-02  8.72626603e-02  1.59704372e-01
  1.25781536e-01 -5.51171415e-02  5.47988117e-02 -1.60002634e-02
  1.63915809e-02  5.37784100e-02  9.02678445e-02  1.20622538e-01]