[-1.31844906e-02  9.15320516e-02 -7.91382343e-02 -7.69666806e-02
  9.22504291e-02  9.97968912e-02 -1.11302406e-01 -1.32830679e-01
  3.36736068e-02 -1.46153849e-02  3.94421779e-02 -5.09097613e-02
  4.83464338e-02  2.94268839e-02  3.05566825e-02  7.23590627e-02
 -1.72402877e-02  3.07336133e-02 -1.35610085e-02 -6.11394048e-02
  1.13760538e-01  6.42205179e-02 -3.33361886e-02 -9.86316428e-02
  8.29291642e-02 -9.08765849e-03 -9.57220141e-03 -6.83352426e-02
 -6.97203726e-02  1.27430052e-01  4.22040224e-02 -4.63068783e-02
  6.02261312e-02 -4.52563502e-02  1.60924941e-01  8.17390233e-02
  7.50084817e-02 -1.02476522e-01  1.39602542e-01 -7.75923282e-02
 -1.48823820e-02 -4.13864851e-03  9.76799130e-02  2.92025041e-02
  2.76443660e-02  1.60286054e-01  7.11959153e-02  3.24472040e-02
 -1.22401737e-01 -1.33901998e-01 -4.95865457e-02 -4.44518477e-02
  8.31973031e-02  6.18258538e-03 -8.06990732e-03  3.84484045e-02
 -2.75502428e-02 -6.31066859e-02 -7.84651712e-02 -5.60081489e-02
  1.34213194e-02 -8.80306680e-03  2.26011276e-02 -1.16224540e-02
  4.25645858e-02 -1.13850934e-02 -6.99074864e-02  2.23680720e-01
  8.56240168e-02 -3.93275283e-02  1.32246152e-01 -3.17912214e-02
 -7.88340643e-02 -3.86337847e-01  2.77675278e-02  1.74489439e-01
 -1.54341504e-01  4.68379818e-03 -4.77863438e-02  6.78817257e-02
  4.45843488e-02  1.10603467e-01  9.20120860e-04  1.33317351e-01
 -1.32711560e-01  1.64789185e-01  1.15520563e-02 -3.56330201e-02
 -8.14924017e-02  6.93994462e-02 -4.53337356e-02 -9.02035907e-02
 -5.92066161e-02  7.71732852e-02 -1.59886569e-01 -2.04249602e-02
 -9.20317993e-02  4.41748723e-02 -2.53939088e-02 -5.14478497e-02
  1.08545080e-01 -5.72638307e-03 -1.28682237e-02 -9.79657695e-02
 -2.90361848e-02  2.84528229e-02 -4.94824387e-02  5.54403923e-02
 -1.28736079e-01  5.82508408e-02 -3.79591918e-04 -1.80782646e-01
 -7.70880282e-02 -1.31073762e-02 -2.13456666e-03  7.35726878e-02
 -3.00467104e-01  2.06789933e-02 -1.18137598e-01 -1.95542686e-02
  6.68865889e-02 -2.72918344e-02  1.55843794e-02  1.40533922e-02
  6.94623962e-02  4.61803675e-02  1.61070824e-02  2.64036581e-02]