[ 0.02313168  0.00238393  0.05661874 -0.07158352  0.07090223  0.00934708
 -0.01697376  0.01437125 -0.1299156   0.10135841  0.02634615 -0.11011018
  0.09297758  0.14449072  0.14432199  0.03364311  0.1336024   0.11842476
  0.06858448  0.03487386  0.11640865  0.03477667  0.04475527 -0.11603878
 -0.01614986  0.01548867 -0.15865842 -0.08857675  0.04274395  0.04375274
 -0.07396599 -0.03587867  0.06774549 -0.06401855  0.18681084  0.05187768
  0.06509399  0.14184231  0.06589377 -0.12690827 -0.13172492  0.13272105
 -0.06467581 -0.0872441  -0.0550076   0.18631005  0.02478523 -0.007493
 -0.12483614 -0.13542368 -0.06532908  0.00897596  0.01025092  0.04072872
 -0.03036727 -0.03434316  0.11143261 -0.09247866 -0.05921579 -0.03569585
  0.08738961  0.0094339  -0.06348962 -0.02315587  0.1253781   0.00587207
 -0.03845455  0.22422072  0.08455051 -0.03953034  0.16796811  0.00321821
 -0.00784077 -0.26611185 -0.06205888  0.10363887 -0.13781853  0.0271124
  0.11347798 -0.07441173 -0.06126728  0.09606901 -0.07826719  0.02709434
  0.00371979 -0.00572761 -0.00199369  0.04510591  0.01835359  0.0241379
 -0.00229755  0.04052969  0.03749837  0.06869192 -0.10551143 -0.11227107
  0.01467497  0.08011642 -0.07869472 -0.00365119  0.11357705  0.0747538
 -0.00672873 -0.13497257 -0.0330992   0.03847606  0.05271501 -0.09064139
  0.12187093  0.00593716 -0.02669869 -0.12249593 -0.0395122  -0.05685177
  0.06547747  0.07414876 -0.21606822 -0.08905555 -0.20919766 -0.07900099
 -0.09892944 -0.0248546  -0.00498208  0.04399828  0.09598548  0.06749689
  0.06085343 -0.01940975]