[ 0.02499548  0.05792559 -0.03825016 -0.08442567  0.03348974 -0.08243451
 -0.08734111 -0.11760497  0.10915408 -0.08624951  0.09583069 -0.05957103
  0.02866711  0.17483424  0.03844161 -0.00601992  0.08779281 -0.00290607
  0.01421122  0.01089109  0.05726436  0.13300286 -0.03768614 -0.16504467
  0.01319238  0.04411759  0.03161369  0.07889054  0.0153855   0.12800042
 -0.02033926 -0.06914169  0.19819024 -0.07126599  0.15177827  0.04829501
  0.15838383  0.10116179  0.12922446 -0.09278681 -0.07602652  0.11248937
  0.04764676 -0.00339855 -0.00702033  0.1326794  -0.03411315 -0.02675493
 -0.00837998 -0.12751761 -0.17384636  0.04533098  0.07052485  0.08319561
 -0.02996164 -0.01705216 -0.06322506 -0.07419943 -0.18425448 -0.01969133
 -0.02162825 -0.09683821  0.04238424  0.0604358  -0.01452239  0.05074593
 -0.01038158  0.16478215  0.09015083 -0.11767229  0.16814411 -0.18193343
 -0.00937556 -0.28034091  0.04479166  0.09453996 -0.10566445 -0.10346955
 -0.02116321 -0.01467122  0.03744364  0.11717298 -0.01515224  0.08681709
  0.04475135  0.05264842 -0.04975915 -0.00977922 -0.01570233  0.07635386
  0.01330845 -0.13314922 -0.01189967  0.1021141  -0.04733616 -0.13147675
 -0.09454601 -0.00319108 -0.01369777 -0.0302031   0.02651318  0.03170562
  0.03376298 -0.1075009  -0.07705328  0.06814919  0.09082239 -0.01412778
  0.0317855  -0.03312564  0.03788164 -0.21258488 -0.11168734  0.1100188
 -0.01426409  0.00453361 -0.17871262 -0.03278915 -0.07706822 -0.08930936
  0.00293701  0.00882287 -0.01631775  0.04230762  0.14024293 -0.020869
  0.12794538  0.01927045]