[ 0.02264818  0.12941402  0.02939558 -0.07802884 -0.03915911 -0.01816635
 -0.0134761  -0.14117299 -0.11353377 -0.01059914  0.10278482 -0.07597675
 -0.01045913  0.12921771  0.1638823   0.01789476 -0.03079841 -0.14813647
  0.14366603 -0.09293152 -0.06462818  0.14439644  0.0235834  -0.10309908
  0.06068074  0.1276681   0.07740767 -0.00446209  0.15059693  0.06500541
 -0.00840244 -0.05338435  0.03297596 -0.07524702  0.03305105  0.03824454
  0.02939061  0.10831922  0.21204808  0.15101799 -0.07178181  0.01483085
 -0.11060363 -0.03490712 -0.03089686  0.25577474  0.03642043 -0.08023155
 -0.12293974 -0.17828628 -0.09573135  0.18308276  0.0424155   0.00116695
 -0.10124742  0.0130624   0.04469928  0.14728501 -0.1515609   0.15965657
 -0.06770185 -0.05516473  0.12369889 -0.00041109  0.07082222  0.07115847
  0.05489628  0.09683237  0.05475513 -0.01391713  0.06087713  0.01410937
 -0.07601959 -0.02124936  0.17460029 -0.01022341 -0.10078719 -0.08045408
 -0.03497497  0.11112658  0.04890864 -0.01838881  0.00190121  0.00985085
 -0.05213049 -0.03786569 -0.00906026 -0.14107779 -0.16209699 -0.04251971
  0.03742997 -0.01210106  0.02672585  0.12588771 -0.00555617 -0.10619229
  0.02680022 -0.01747714  0.16117376 -0.00152247 -0.12536994  0.03052242
 -0.02647042  0.02558861 -0.11647648  0.07893188  0.07828405  0.0775628
  0.11845315 -0.11071841  0.11758059 -0.04253437 -0.05926801  0.00211219
  0.03016805  0.08335136 -0.14283021 -0.00147561 -0.00036848  0.01729212
  0.01664458 -0.07254092 -0.07030652  0.03326953  0.05477684  0.09117567
  0.02601     0.03433872]