[-0.04890179  0.20183869 -0.01370568 -0.13838188  0.06614224 -0.00748558
 -0.05985722 -0.20171204 -0.0245676  -0.0399472  -0.02371966 -0.04391511
  0.02610049  0.11387435  0.12550826  0.04185753 -0.07774614 -0.17372282
  0.01704108 -0.05812005 -0.05909346  0.15552332  0.03554131 -0.14284036
  0.06930371  0.12013873  0.00377797  0.03255266  0.10580219  0.10813811
  0.0420629   0.08857591  0.04300696  0.00207428  0.02150333  0.05569563
  0.13702209  0.1048137   0.20305479  0.11166003  0.04057712 -0.03104463
  0.07061794 -0.04108132 -0.03449431  0.2481091   0.10343256  0.01802827
 -0.04687877 -0.08248661 -0.08396564  0.1426293   0.02252574  0.04122121
  0.01515315 -0.01273513  0.03956351  0.06995127 -0.12252413  0.02984952
 -0.0903758  -0.03475189  0.05377892  0.01920253 -0.00779856  0.0462414
  0.02937291  0.16180812  0.08053123 -0.0061531   0.04568478  0.03846635
 -0.07971884  0.01709241  0.22459105  0.05371851 -0.12721552 -0.06461055
 -0.04459902  0.09766091  0.12857963  0.10995231  0.07639032  0.13688065
 -0.04134317 -0.01419552  0.02260065 -0.01749726 -0.0941373   0.00664598
  0.02073677 -0.050619    0.03292855  0.05099498 -0.07787475 -0.10267229
 -0.0317906   0.08567643  0.11591716 -0.07924789 -0.09620927 -0.01523119
  0.01484539  0.12839986 -0.14676242  0.03114763 -0.10468723  0.16892737
  0.07085435 -0.02031804  0.10741394 -0.02782292 -0.19184855  0.08126041
 -0.05621244  0.03880455 -0.12311717 -0.03808314 -0.02808436  0.07344809
  0.14969456  0.08420322  0.00796415  0.04441594 -0.07627071 -0.0052675
 -0.01487983  0.05678988]