[-0.04339086  0.14532477  0.16635971 -0.15123498 -0.01947352 -0.08536902
 -0.01298773  0.02396622  0.078539   -0.03280209  0.03810449 -0.12620713
 -0.00401773  0.15689431  0.15198848 -0.07491644  0.02497367 -0.09145474
 -0.07066859 -0.08403705 -0.04296183  0.15982027 -0.03933727 -0.12115536
 -0.01642651 -0.0103262  -0.02628784  0.17448163  0.10743742 -0.03654797
  0.01349583 -0.05931016  0.08740525  0.00589379  0.01313439  0.02842061
  0.14568274  0.14972895  0.09688571  0.12101881  0.01973637  0.07986687
 -0.07172618 -0.17304544  0.03824931  0.17250302 -0.10568166 -0.04549801
 -0.02223537 -0.10562539 -0.17601563  0.20400569 -0.01724769  0.07317766
 -0.11194    -0.02882724  0.01925542 -0.06663881 -0.18432549  0.03934278
 -0.04520694 -0.0104147  -0.09752335  0.06934217 -0.1158905   0.09908878
  0.09406094  0.18302181  0.07923084 -0.02611275  0.14263315 -0.1007073
 -0.00862123 -0.01944252  0.19730443  0.07594819 -0.12620848 -0.06986588
  0.020934   -0.0406374  -0.02156658  0.10896975  0.07703976  0.11608488
  0.06788355  0.05036187  0.02913713  0.00990412 -0.06170866  0.02199407
  0.0372218  -0.0882612   0.1162959   0.0798873  -0.04572032 -0.15631968
 -0.05781219 -0.07254474  0.00931709 -0.00282607 -0.058663   -0.00281162
 -0.02214522  0.05145516 -0.04291755  0.03860416  0.01150851  0.01781569
  0.09057159 -0.09518205  0.05811231 -0.09065475 -0.14020808  0.11185948
 -0.01899753  0.01280184 -0.14151537 -0.04596125 -0.00323096 -0.04303896
  0.04261736  0.0650509  -0.08039869  0.08788862  0.08454812 -0.03376622
  0.02271886  0.01047244]