[-6.14443235e-02  2.10170001e-01  6.60823956e-02 -1.21783376e-01
  5.04608750e-02  1.53478980e-02 -1.74913998e-03 -1.64517730e-01
 -1.31272912e-01  2.32271943e-02 -7.19110817e-02 -3.50384973e-02
 -1.64804012e-02  3.51107381e-02  1.19309708e-01  2.10675392e-02
 -1.54367775e-01 -1.74777120e-01  5.99823520e-02 -5.70336841e-02
 -6.37029633e-02  1.56216308e-01 -1.95368053e-03 -6.20144382e-02
  3.84597443e-02  1.16819702e-01 -2.80591939e-02 -6.10476127e-03
  1.42508462e-01  1.03661202e-01 -4.83394973e-02 -5.76683274e-03
 -7.16877058e-02 -1.57558173e-02  3.84798907e-02  3.53656299e-02
  4.17917371e-02  2.84797754e-02  1.10464312e-01  1.47192731e-01
  8.98741651e-03 -4.67151441e-02  2.81820484e-02 -1.38570787e-02
 -1.59912333e-02  3.35730433e-01  1.50178775e-01  2.12044846e-02
 -1.02886327e-01 -3.85867134e-02  1.27563067e-02  1.52749673e-01
 -2.56522242e-02 -2.36813934e-03  8.51284266e-02 -1.59823392e-02
  5.80501035e-02  1.05937026e-01 -5.47052622e-02  6.79586306e-02
  5.30347601e-03  2.77598184e-02  4.53448333e-02  6.82009906e-02
  4.26511243e-02 -6.84780851e-02  2.41367444e-02  7.82135576e-02
  8.44082832e-02  6.58968613e-02  2.91913468e-02  1.20045945e-01
 -3.84821929e-02  8.40754583e-02  1.79245576e-01  6.06443174e-02
 -1.28285334e-01  3.93032618e-02  2.82345526e-02  8.44847560e-02
  1.68304741e-01  8.27693865e-02  4.93457057e-02  1.23295829e-01
 -4.86336611e-02 -8.44768062e-02  2.93372460e-02 -1.42253051e-02
 -9.81393158e-02  3.78098488e-02  1.56948995e-02  3.79549377e-02
  2.58384123e-02  2.87366062e-02 -1.22537069e-01 -6.44607395e-02
  6.02947176e-02  4.99809235e-02  1.74795374e-01 -7.30440095e-02
 -5.42587005e-02  6.68365955e-02 -5.12513518e-03  5.35941608e-02
 -1.82498306e-01  2.16875179e-03 -1.17917068e-01  1.51890904e-01
  5.20225018e-02  3.40086631e-02  1.91500545e-01  1.90906338e-02
 -1.50772393e-01 -2.97064777e-04 -6.34719208e-02  9.60468426e-02
 -8.23517665e-02 -2.91017052e-02 -1.02868326e-01  5.70762418e-02
  8.47789347e-02  6.28892258e-02  1.29324617e-02 -2.59948988e-03
 -1.26049325e-01  7.78941214e-02 -3.31969708e-02  1.24520473e-02]