[-0.00186626  0.26137865  0.03686846 -0.10486941  0.04852316 -0.0071367
  0.00198109 -0.11266464 -0.0411798   0.00506958  0.00745279 -0.08960415
  0.01928503  0.08657864  0.16032022  0.0125773  -0.01734113 -0.13738561
 -0.03668127 -0.04448042 -0.08829342  0.14217348 -0.02368829 -0.09060306
  0.06174548 -0.01719134  0.00352994  0.12032755  0.13805363  0.10342638
 -0.04058626  0.08969408  0.06592561  0.04585884 -0.01139746  0.01299789
  0.15429334  0.02315756  0.10695013  0.04326505  0.05886666 -0.11101165
  0.11307354 -0.08437236 -0.02350611  0.3137289   0.06656022  0.03535204
 -0.15729806 -0.06693573 -0.05028313  0.17991431  0.01757746  0.01892199
 -0.00042969 -0.00656616 -0.03865975 -0.02125971 -0.09378494  0.04259477
 -0.09327859 -0.00369483 -0.03533623  0.00933095 -0.05507826  0.14460543
 -0.00502807  0.10646307 -0.02252324 -0.03430323  0.02293349 -0.05389274
 -0.08752377 -0.02207917  0.24987513  0.10314502 -0.02992106 -0.04381585
 -0.01086054  0.04304808  0.12026567  0.04682295  0.02260129  0.10236575
  0.03141572  0.07836059 -0.05028859 -0.06528345 -0.09682833  0.16252516
  0.05175311 -0.09504317 -0.0445326   0.0754723  -0.11101618 -0.0554513
 -0.02724351  0.02460996  0.1398409  -0.10252532 -0.02024271  0.01317613
  0.0499824   0.09252448 -0.17402472  0.06033316 -0.08289185  0.19774041
  0.05605918 -0.06671527  0.12788801 -0.01468318 -0.15371689  0.04226203
 -0.043768   -0.0287441  -0.13573898 -0.00694401  0.02511331  0.08254108
  0.1267786   0.02322951  0.00135533  0.09625237  0.03167477 -0.00038406
  0.0506156  -0.04424299]