[-0.01360958  0.17721306  0.05472821 -0.14757772 -0.03204378 -0.04211753
 -0.01018947 -0.04301717 -0.03398647  0.0751593   0.02525747 -0.14212818
  0.02627358  0.10176101  0.17024155 -0.0491261  -0.07542695 -0.1399221
  0.00800244 -0.07698123 -0.11075316  0.126277    0.01547615 -0.171924
 -0.02185881  0.04557712  0.00066376  0.06038385  0.0681894   0.00522584
 -0.06875629 -0.0108994   0.03583074 -0.01671057  0.02754316  0.02683978
  0.1196121   0.1194813   0.12926039  0.11988648 -0.02199648 -0.05437021
 -0.09912863 -0.11717869 -0.02902889  0.32494786 -0.03063348  0.03184827
 -0.09347846 -0.07830827 -0.07793128  0.26664925 -0.00914081  0.06056752
 -0.0644132  -0.06333646  0.11023065 -0.10292648 -0.10808776  0.05863594
 -0.02412273 -0.01926185 -0.05464724  0.08153864 -0.07333453  0.03897782
  0.0622477   0.23668435  0.14447311 -0.0037759   0.09263072 -0.03450481
 -0.04449382 -0.02315981  0.20021448  0.07601611 -0.15976852 -0.03897588
  0.02819687  0.06959044  0.04746757  0.02094221  0.02706283  0.10845483
  0.00244292  0.04937926  0.01130458 -0.02790699 -0.04765394  0.04074597
  0.00812184 -0.02193204  0.09125358  0.0612455  -0.17131482 -0.17017503
  0.0152128  -0.03060712  0.1235508  -0.09335886  0.02197599  0.06173547
  0.01317044  0.02557671 -0.04746955 -0.01527838 -0.0362768   0.13722643
  0.08487457 -0.00805101  0.10533889 -0.03958679 -0.12240102  0.01356545
 -0.04621105  0.05035511 -0.15850307 -0.04337156 -0.01556124 -0.0214594
  0.07187919  0.00035913 -0.0166775   0.09100373  0.06163153 -0.02283031
  0.03100886  0.04472971]