[-7.14351386e-02  1.79664269e-01 -4.30266700e-05 -1.66103289e-01
  3.88989374e-02  5.84841482e-02 -9.76766720e-02 -1.17393605e-01
 -8.63143429e-03 -2.63443887e-02 -2.59519741e-02 -4.10087258e-02
 -3.78024541e-02  6.13888539e-02  1.32470652e-01  1.38836876e-02
 -1.45903170e-01 -2.17443332e-01  5.50012179e-02 -8.22851434e-02
 -9.50875506e-02  1.96663857e-01 -2.42054858e-03 -9.80079398e-02
  3.17925997e-02  1.17806435e-01  8.34021717e-02  3.39266583e-02
  7.11875260e-02  2.80415360e-02  2.85366718e-02 -2.09169257e-02
 -1.04239897e-03  1.97074432e-02 -1.09154508e-02  1.41408965e-01
  1.20302312e-01 -4.22106162e-02  1.19740069e-01  1.98238552e-01
  5.81491701e-02 -6.55556843e-02  2.06164941e-02 -2.96388436e-02
 -1.63207541e-03  2.64792651e-01  1.21438533e-01  2.89752819e-02
 -4.10271361e-02 -1.63310231e-03 -6.86210170e-02  1.53523043e-01
 -3.87635529e-02  4.76903319e-02  5.96144460e-02  1.84064880e-02
  2.19944194e-02  4.35033105e-02 -1.15018085e-01  6.85178414e-02
 -7.17065707e-02 -1.60998025e-03  6.28485605e-02  1.80037674e-02
 -1.70042049e-02 -4.89365831e-02  6.50058761e-02  1.33688554e-01
  1.50311336e-01  1.21404156e-01  2.19779536e-02  8.47687498e-02
 -7.52339959e-02  4.72971536e-02  2.38266528e-01  5.16601093e-02
 -1.21599950e-01  6.93303049e-02 -6.31297678e-02  3.73686478e-02
  1.43071398e-01  1.38480499e-01  7.80737400e-02  1.46995023e-01
 -7.17352927e-02  3.12495381e-02  4.60252166e-02  1.03106331e-02
 -9.50007886e-02  4.95407917e-02  5.46658300e-02 -2.37714779e-02
  2.72675441e-03  4.77211848e-02 -6.22694679e-02 -5.14211655e-02
 -1.19766323e-02  1.88544039e-02  1.38722911e-01 -5.94575219e-02
 -1.03769816e-01 -2.28300076e-02 -3.02258134e-02  2.36291680e-02
 -1.24021664e-01  4.65742759e-02 -1.52228355e-01  8.81453231e-02
 -6.29265383e-02  3.04623377e-02  1.20886050e-01 -5.19616203e-03
 -1.17068112e-01  1.92993097e-02 -5.06557226e-02  4.42197733e-02
 -3.95289734e-02 -7.72789121e-02 -1.68235973e-02  6.49539754e-02
  1.83436751e-01  6.86070621e-02  8.00031424e-02  5.10132499e-02
 -1.03470750e-01  1.67131610e-02  9.79656819e-03  8.78024548e-02]