[-0.02585462  0.17209409  0.02766817 -0.07743653  0.01436913 -0.01376743
 -0.01268196 -0.17322537 -0.07122495 -0.06941295 -0.04353763 -0.04688628
 -0.04447993  0.13239966  0.1249117  -0.02849084 -0.10287706 -0.21916424
  0.09762947 -0.05966818 -0.12442283  0.15374868 -0.01994902 -0.12082177
  0.02525162  0.09302716 -0.03863082  0.0378258   0.05709729  0.07476815
 -0.04641822  0.03894212 -0.00888782 -0.01668409 -0.00480793  0.10089915
  0.11195342  0.00676232  0.12459528  0.1515331   0.03962104 -0.01213338
  0.02410852 -0.12002844 -0.01068211  0.35575733  0.11727902 -0.0412305
 -0.0657972  -0.04428614 -0.0949259   0.16535623  0.03594983  0.06959885
  0.0655105  -0.0071481   0.0444532   0.06103245 -0.09831527  0.11511769
 -0.02554514  0.07274241  0.02025717 -0.00327524 -0.0019766   0.04509626
  0.08874792  0.08594017  0.10516915  0.03569417  0.05110172  0.05102322
 -0.04498678  0.10675566  0.23976482  0.09355377 -0.10168198 -0.04792185
 -0.03141047  0.02966584  0.1190842   0.09986153  0.01618404  0.08902767
 -0.02865863  0.04222446 -0.0037323  -0.07133583 -0.15440051  0.02754983
  0.07411016 -0.01045808  0.07757738  0.0158859  -0.0773688  -0.07055845
  0.04328347  0.01301147  0.19597599 -0.03465488 -0.11529104  0.02389451
  0.03114647  0.03599463 -0.17731293  0.07024499 -0.07526321  0.14409871
 -0.0436036   0.03670285  0.15064684 -0.06562457 -0.11343864 -0.0497668
 -0.0797542   0.05936455 -0.03499809 -0.05549369 -0.01655797  0.02311335
  0.10562952  0.04572235  0.03982876  0.04233084 -0.06747171  0.04797924
  0.00800471  0.0462205 ]