[ 0.05062706 -0.20797202  0.05502265 -0.00490834  0.14128563 -0.03470822
  0.05501267  0.02788224 -0.05452478 -0.23283203 -0.0563615   0.13675383
  0.00146164 -0.06119787 -0.03495327  0.01584415 -0.18530683 -0.09556298
 -0.12525237  0.12705201  0.14524981 -0.00363156 -0.00740766 -0.00097079
  0.0506366   0.0454726   0.00899612 -0.07760503 -0.11142673  0.02205834
 -0.06729642  0.01671126 -0.05264965  0.12948929 -0.02689946 -0.02109176
 -0.07039716 -0.03691967 -0.054324   -0.11521943  0.16848671 -0.05257159
  0.13055812  0.11474134 -0.04782629  0.01239403  0.05834616 -0.03933695
 -0.03570415  0.05796842 -0.07778823 -0.23864113 -0.01604464  0.05109783
  0.19020471 -0.06312779 -0.15524004  0.08610382 -0.11049098  0.00239781
  0.086799   -0.02708345  0.03165505  0.16411729  0.03942443 -0.01285882
 -0.11386074  0.03799039  0.05668952 -0.07472499 -0.03426106  0.02852981
  0.03572351 -0.0718163   0.00396002  0.0543662   0.02821184 -0.04937282
 -0.00482128  0.11873589  0.07509685 -0.03435935  0.01796127 -0.03089845
 -0.12843524 -0.00059487  0.12416763  0.11444714 -0.070374    0.066534
  0.13751373 -0.05671056 -0.16850919  0.00570952 -0.19260663  0.11517861
 -0.05877797 -0.05668344  0.08942737 -0.05013062 -0.04543469 -0.09009091
  0.00550173 -0.00741091 -0.04629646 -0.00861001 -0.14093514  0.2198936
 -0.11051335 -0.08243656  0.06275505  0.04845937 -0.16415046  0.00170846
  0.02799313  0.05252504 -0.04540502  0.03789634 -0.05465893  0.09056664
  0.00529717  0.14882964  0.01255518  0.0440302  -0.01299772 -0.00711749
  0.02635342 -0.06116829]