[ 3.52813266e-02  4.22322638e-02  9.38178599e-02 -1.21673159e-01
  7.05387592e-02  8.92197490e-02  1.13287956e-01  4.80127037e-02
 -5.94007410e-02 -1.74757361e-01 -4.89132144e-02 -3.16422693e-02
  5.86664118e-02 -6.26926199e-02 -6.91020116e-03  9.02130920e-03
 -1.72584891e-01 -3.27769225e-03 -2.29198545e-01 -1.58177465e-02
  2.14529961e-01  1.84859056e-02 -5.14987148e-02  3.50923873e-02
 -1.31239241e-03 -6.48197383e-02 -1.23310968e-01 -6.63746968e-02
  4.75999564e-02  4.22411337e-02  3.60013079e-03 -6.96709156e-02
 -1.46157965e-01  9.76622924e-02  7.66281560e-02 -5.89516424e-02
 -5.07915840e-02  5.56626506e-02 -1.47801442e-02 -3.86946686e-02
  5.21339849e-02  2.23314725e-02  1.12000696e-01  1.37591645e-01
  4.02099378e-02 -4.66672378e-03  8.91567022e-02  4.20033373e-03
 -1.99220657e-01  2.32305136e-02 -1.24854423e-01 -2.10672751e-01
 -5.57887182e-02  2.81663183e-02  5.11977114e-02  4.10834560e-03
 -1.41609251e-01  2.21550211e-01 -7.03214109e-02 -1.52047768e-01
  3.47670168e-02  8.05452764e-02  1.27297208e-01  5.09586558e-02
  1.19928094e-02  4.64367755e-02 -4.55927514e-02  9.50248353e-03
 -5.73347211e-02 -6.31617159e-02  4.33363803e-02  2.23465022e-02
  4.15605754e-02 -4.28879522e-02 -1.20324856e-02 -4.64553107e-03
 -6.16972707e-02 -8.54201689e-02  7.03544319e-02  3.05180810e-02
  9.06454250e-02  2.90551390e-02 -3.96634191e-02 -5.55234328e-02
 -1.55561522e-01  1.53036313e-02  6.24944009e-02 -1.47078617e-05
 -1.59561168e-02  9.23866108e-02  1.75585911e-01 -1.63815662e-01
 -1.10896327e-01 -7.96212256e-02 -6.32844642e-02  9.35522988e-02
 -5.96135631e-02  4.96876165e-02 -2.11143885e-02  7.17908964e-02
 -4.06253934e-02 -3.75222005e-02 -3.17763984e-02  6.30357638e-02
 -1.54165298e-01  4.10708524e-02 -1.48180798e-01  1.62444234e-01
 -4.60914336e-02 -1.18130885e-01  1.41368255e-01  4.90821302e-02
 -1.87672630e-01  3.87675092e-02  5.66586815e-02  1.18923448e-01
 -1.12495169e-01  5.45865074e-02 -3.35109644e-02  2.82943621e-02
 -8.61784443e-03  6.39871955e-02  8.42368044e-03  6.86429664e-02
 -5.28972782e-02 -2.24278010e-02 -5.99476397e-02 -1.34986505e-01]