[-0.04014949 -0.12997167  0.06736745 -0.04937139  0.1135948  -0.12177029
  0.02674387  0.07649927  0.12285018 -0.30751297 -0.15333569  0.10698231
 -0.05004585 -0.0619165  -0.10218156 -0.06065602 -0.15556115 -0.14547993
 -0.18838814  0.13067669  0.09164526 -0.00715607  0.00562035 -0.01382446
  0.00855823 -0.0240657  -0.00598264  0.02195289 -0.09025677 -0.04365831
  0.02194709 -0.05622287  0.0232119   0.07317884 -0.05005584 -0.07123617
 -0.02481091  0.09920993 -0.14239502 -0.06396683  0.15834427  0.04342143
  0.10112889  0.061929    0.02028608 -0.02890669 -0.00913695 -0.05163081
  0.07509577  0.1289164  -0.18950117 -0.17808884  0.03610399  0.04326341
  0.13359942 -0.07503808 -0.14820027  0.0639701  -0.1476355  -0.09852073
  0.05457139  0.01000623  0.00276155  0.17149545 -0.04398847 -0.02458901
 -0.04294569  0.000756    0.02033045 -0.11828884  0.01959275 -0.03816295
  0.06066965  0.03416855  0.03811407  0.07762092  0.00478667 -0.11074802
  0.02461436  0.07892498 -0.00534745  0.03366482  0.03084853  0.03758489
 -0.00356432 -0.0441548   0.06702542  0.18692604  0.00423918  0.00111457
  0.09673534 -0.07456158 -0.05504077 -0.04154689 -0.04675405  0.04554493
 -0.03715228 -0.05193112 -0.00538365 -0.03277894 -0.09220149 -0.14092983
 -0.01486197  0.02655921 -0.10964828 -0.01656764 -0.12104977  0.13122793
 -0.0657213  -0.06305374  0.10209531  0.04278307 -0.18521214  0.09127001
 -0.04159756  0.03333154 -0.03625199  0.04417858  0.00146213  0.07467999
 -0.03675976  0.24935393 -0.04512076  0.01241027 -0.03875206 -0.06528248
 -0.02094624 -0.08593163]