[ 0.0102443  -0.17579444  0.05970712 -0.09897669  0.07796873 -0.03897707
  0.0035349   0.17065613  0.13843395 -0.21406808 -0.14825758  0.09517957
 -0.00894587 -0.10036794 -0.05417242 -0.06309393 -0.11620624 -0.14108014
 -0.17865758  0.10689317  0.08148268  0.08716939 -0.02801006 -0.04831438
 -0.07433597  0.00560083 -0.01292627  0.00869282 -0.13546668 -0.06026548
  0.04173096 -0.09138241  0.00192788  0.08058595  0.00922785 -0.04653713
 -0.00256727  0.08100314 -0.10717937 -0.05955217  0.06473919  0.05897902
  0.0196335   0.04538996  0.06725242 -0.11494052 -0.09797378 -0.00207025
  0.10944935  0.18751913 -0.11805508 -0.16363022  0.01268853  0.0502921
  0.11135693 -0.100201   -0.15262727  0.00270207 -0.15634507 -0.10617601
  0.04683261 -0.04116946 -0.0083216   0.11760319 -0.05844532 -0.13182189
 -0.00833005  0.07158364  0.03305554 -0.12581293  0.05556092 -0.0478309
  0.04353008 -0.03198675 -0.09206718  0.05975158  0.00521969 -0.11658981
  0.07106569  0.11296196  0.04375742 -0.00324786  0.05159286  0.05774217
  0.039704   -0.13219538  0.09135383  0.19850083  0.11599199  0.04035541
  0.03539899 -0.06341965 -0.06845878  0.06867988 -0.07028142  0.07665058
  0.00439955 -0.12908041 -0.11922293  0.00148987 -0.00976489 -0.06688555
 -0.11479837 -0.06081114 -0.07963983 -0.0492185  -0.11102302 -0.04514944
 -0.06862697  0.02463965  0.08277564  0.02092542 -0.16069497  0.11029191
 -0.00603113  0.05515183 -0.00752775  0.04371944 -0.07872561  0.01809555
 -0.03091125  0.18706255  0.07015301 -0.00064333  0.05491919 -0.12053796
  0.05833372 -0.08237354]