[ 0.17919669 -0.02493455 -0.11124116  0.04293935  0.06674477  0.07777038
  0.08712093  0.16237293  0.09367823 -0.22598349  0.05824782  0.06947237
 -0.00277246 -0.17917453 -0.08584088 -0.09215039  0.00605633 -0.0149363
 -0.14727071  0.08744176  0.0976009   0.09298607 -0.03525443 -0.00125794
 -0.03604819 -0.19645013  0.00064506 -0.06978432 -0.13051766  0.06837382
 -0.04799763 -0.07149902  0.03036091  0.12724888 -0.03306413 -0.08161902
  0.06658617 -0.10798675 -0.12554568 -0.02244679  0.09119513 -0.00023387
  0.04172591  0.11298329 -0.0867881  -0.0598973  -0.00898064 -0.06797252
 -0.00169206  0.19320051 -0.02497322 -0.05762429 -0.04834588  0.07894268
  0.0043988  -0.04415641 -0.10302298 -0.10149228 -0.06187711 -0.0040927
 -0.02035828 -0.06456657  0.01835252 -0.08680727 -0.10035088 -0.19086997
  0.04167238 -0.04829803  0.00629868 -0.08722825  0.04189753 -0.07772754
  0.01636192 -0.07614769 -0.08237042  0.06563871  0.01267385 -0.02547769
 -0.08427515  0.10819227 -0.03836122 -0.0057493  -0.00064242  0.03158892
  0.06975003  0.18851882  0.01827385 -0.07622217 -0.03353303  0.07360092
  0.06136575 -0.18507433 -0.22009192 -0.0373311  -0.05042641 -0.03244485
 -0.02210088 -0.11477703 -0.08959612 -0.00370411 -0.02769161  0.02555809
  0.08147487  0.01916433 -0.10264161 -0.04347076 -0.01822152  0.15031989
 -0.18018231  0.04602402  0.06497073 -0.10119626 -0.08482606  0.00160773
 -0.06125328 -0.01322135  0.00897769 -0.05444826  0.03750461  0.04082106
 -0.01323871  0.10773287  0.01578248  0.14745255  0.16486526 -0.1721106
  0.10709057 -0.03326954]