[ 7.56377280e-02 -5.61330467e-02  3.10010538e-02 -8.16816911e-02
  6.85616657e-02  1.05082504e-01 -5.23002930e-02  1.86084881e-02
 -1.02129735e-01 -8.34207609e-02  1.92923807e-02 -2.24609859e-02
  7.25028589e-02  1.12029187e-01  2.35222146e-01 -9.09969658e-02
  1.02475192e-02 -1.52249530e-01  1.07918546e-01  1.19643852e-01
  7.81520642e-03  6.99869022e-02  2.09807768e-01  4.62217331e-02
  3.90500017e-02 -4.28141430e-02  3.30149941e-02 -8.96540061e-02
  2.86825877e-02 -1.77935045e-02  1.05381377e-01 -1.64146796e-01
  7.98006654e-02  3.59370224e-02  3.79431136e-02  9.75493193e-02
  1.42120179e-02  1.45887733e-01 -2.61388421e-02 -1.72859952e-02
 -4.00539525e-02  2.96826456e-02 -1.61504120e-01 -1.97487008e-02
 -1.90669507e-01  6.43759444e-02  8.87470087e-04  5.31414934e-02
 -5.09950798e-04  1.18578538e-01 -1.35494977e-01  1.05285682e-02
  9.77295712e-02  4.29670978e-03  2.62096860e-02 -2.29889005e-02
 -3.31560755e-03  1.51985973e-01 -1.05333880e-01 -2.26372741e-02
 -1.40531763e-01  4.33677286e-02  1.12451367e-01 -1.20026685e-01
  7.78485462e-02  6.48037121e-02  3.60576324e-02  1.16471432e-01
 -8.05362239e-02  1.43151579e-03  2.91628595e-02  6.37271926e-02
 -9.44948420e-02 -3.97694521e-02  8.02349970e-02 -7.90649652e-03
 -2.74355784e-02 -1.28867120e-01  1.42713785e-01  2.12245837e-01
 -2.96196863e-02 -1.35852933e-01 -8.39862600e-03 -3.54027152e-02
  6.19109496e-02 -1.41535252e-01 -7.99136329e-03  3.92829366e-02
 -6.37325982e-04  3.68937664e-02  1.45019010e-01 -2.15032790e-02
  6.58767819e-02  1.26854807e-01 -3.94832939e-02 -1.45818576e-01
 -2.21216995e-02  6.77315816e-02  3.62810446e-03 -6.15514070e-02
  1.27022490e-02  3.71974893e-02 -4.94180657e-02 -1.14528172e-01
 -1.48381501e-01  1.27152756e-01  1.77923646e-02 -9.63305011e-02
  1.55346870e-01 -4.60476577e-02  1.13964468e-01  9.77493450e-02
  9.83403157e-03  2.69411262e-02  2.20523681e-02  1.22438386e-01
 -4.32226509e-02  2.11254825e-04 -5.08263372e-02  2.02533364e-01
 -4.02207812e-03 -9.19057801e-02 -7.84340650e-02  5.77529073e-02
 -3.42796035e-02  7.30963349e-02  1.16797864e-01  4.33649383e-02]