[-0.0890636   0.0980308   0.10851867 -0.08454486  0.06162828  0.05481881
 -0.15757011 -0.05755364  0.04649252 -0.06600117  0.01145052 -0.09675897
  0.04461376 -0.02541441  0.14760572  0.0626331  -0.03974631 -0.0555036
 -0.03746081 -0.01270065  0.10882965  0.01800069  0.16686709 -0.07311099
  0.12157241 -0.02754059 -0.02197804 -0.06831285  0.07640906 -0.03597696
  0.23318239 -0.05817534  0.14877144  0.02438264  0.11074926  0.0363726
  0.07797939  0.14349617  0.12562968 -0.05576446  0.01817781 -0.04867558
 -0.00799466 -0.04364581 -0.02697788  0.02932269  0.01464244  0.03605277
 -0.06950653 -0.04628721 -0.1681731   0.01900332  0.12542315 -0.03529697
 -0.10512819 -0.00556541  0.07534564 -0.05703375 -0.14379202 -0.11337341
 -0.12426258 -0.01039254 -0.00292381 -0.02316038  0.06087631  0.10250188
 -0.03497272  0.14846309 -0.04682894 -0.02237885  0.00652701 -0.03283323
 -0.14668517 -0.1681914   0.13671385  0.00096449 -0.11082049 -0.0685539
  0.04114061  0.21458262 -0.0591482  -0.01027098  0.07052246  0.12509887
 -0.00551595 -0.00436711 -0.00636531  0.08494153 -0.0542108   0.00506585
  0.04956887 -0.01946311  0.02909515  0.13387933 -0.07917762 -0.09801832
 -0.13086857  0.17392838 -0.10481427 -0.07295367  0.03533192 -0.09106483
 -0.09753101  0.01361744  0.07132617  0.04917635  0.07203691  0.03487402
  0.20396957 -0.07228228 -0.07265714  0.00144387 -0.11505648  0.08841902
  0.05837436  0.06368896 -0.22917777  0.03921066 -0.01955865  0.16148819
  0.06370803  0.03423739 -0.11299442  0.02646618  0.0025949   0.02311024
  0.0809189   0.07020377]