[ 2.92884745e-02  1.16147399e-01 -6.63646832e-02 -5.12025729e-02
  3.47191468e-02  1.75757185e-01 -6.59208745e-02 -7.17608556e-02
  6.09773807e-02 -8.11321586e-02  1.24346457e-01 -4.07161787e-02
  1.45258429e-02  1.40370149e-02  5.13179228e-02  4.91581632e-05
 -5.56648187e-02 -8.01172704e-02 -2.69321054e-02 -5.53223351e-03
  4.25826311e-02 -2.65256781e-02  1.06667079e-01 -2.60069817e-02
  1.22522131e-01 -6.62421286e-02  8.54953453e-02  7.59024732e-03
  4.95132096e-02 -1.71530973e-02  1.54850066e-01 -9.68286172e-02
  7.54869208e-02  4.35911268e-02  2.37847976e-02  7.40512088e-02
  4.79259305e-02  7.19339028e-02  1.16735481e-01 -2.83428114e-02
  1.33688357e-02 -7.39130527e-02  3.72929871e-03 -1.64523087e-02
 -8.85932893e-02 -8.54227915e-02 -1.73886551e-03  4.52504009e-02
 -8.44661370e-02  6.16886504e-02 -1.66241020e-01  5.40228747e-02
  3.06947697e-02  2.83029955e-02 -3.88045348e-02  1.23831565e-02
 -6.19706474e-02  1.06465422e-01 -2.00189173e-01 -8.08530971e-02
 -2.09898308e-01 -1.58828590e-02  2.42870346e-01 -1.73952311e-01
  3.54700349e-02  2.07465172e-01 -2.84181200e-02  1.07601516e-01
 -1.33965775e-01  4.92335223e-02  4.03444003e-03  2.69167293e-02
 -1.28022894e-01 -3.93848494e-02  1.62842020e-01 -3.82205807e-02
  2.96975374e-02 -1.10224150e-01 -1.69756282e-02  1.08889855e-01
 -5.13620526e-02 -5.62915839e-02  7.09565952e-02  4.90881689e-03
 -7.26060346e-02  5.48172668e-02 -4.85947579e-02  2.48301141e-02
  4.39514965e-02  5.71834035e-02  1.37620807e-01 -1.84332579e-01
 -1.23579158e-02  1.20549388e-01  4.45539616e-02 -1.20247282e-01
 -1.09832175e-01  7.41054937e-02 -2.48481333e-02 -2.16571726e-02
 -2.14259904e-02 -7.95892850e-02 -8.42388794e-02 -6.78709988e-03
 -1.07696597e-02  1.90247357e-01  5.00702262e-02  3.15640718e-02
  5.16412854e-02 -1.23290136e-01  7.29728141e-04  7.66698122e-02
  2.73788180e-02  1.29893675e-01  1.16192535e-01  1.22009674e-02
 -9.11226943e-02  1.21204756e-01  1.52862743e-01  1.85364857e-01
  8.83506164e-02 -1.17223598e-01  5.43738483e-03  5.18877469e-02
  3.12455706e-02  5.64636849e-02  1.39351174e-01  6.08690046e-02]