[-3.13962577e-04  3.59725296e-01 -1.68441273e-02 -7.36223767e-03
 -3.90562154e-02  1.56979799e-01 -9.33281705e-02 -3.54722403e-02
 -1.79564394e-02  1.51155531e-01  8.91042650e-02 -9.75510180e-02
 -1.01642348e-01 -1.72191799e-01  5.21956570e-03 -5.05702849e-03
 -5.05086631e-02  1.16494611e-01  1.19398981e-02 -9.89379510e-02
 -3.06738019e-02  6.57669306e-02  2.95505975e-03 -4.90844809e-02
  5.20790182e-02 -1.40341148e-01  9.52428132e-02  5.46880625e-02
  6.21852465e-02  4.74971160e-02 -6.18213639e-02 -1.31084695e-01
 -1.63568798e-02  1.27559965e-02  7.22095519e-02 -2.72922572e-02
  7.18372166e-02 -1.60411969e-01  4.13072184e-02  7.06713051e-02
 -9.27277431e-02 -1.31708562e-01  3.00316196e-02  2.47310400e-02
 -9.53466981e-04  5.68657517e-02  1.22892544e-01  3.92433964e-02
 -1.84005678e-01  1.06342457e-01  1.71852246e-01  2.01775819e-01
 -1.59222424e-01  7.46569922e-03 -9.43794549e-02  1.92946792e-02
  3.27701829e-02 -1.78930134e-01 -1.43117933e-02 -4.95167151e-02
  1.44799389e-02 -4.47392873e-02  7.32195973e-02 -1.14546470e-01
  4.05414738e-02 -1.01370864e-01  8.91711377e-03 -3.50976363e-02
 -5.24447635e-02  2.36848071e-01 -4.91055101e-03  5.89153692e-02
 -2.14344226e-02 -6.19533192e-03 -1.10201314e-02 -6.13166951e-02
  8.35305173e-03  1.48082167e-01 -6.35255501e-02 -9.37173441e-02
 -3.88973369e-03  8.73437077e-02 -2.28950474e-02  8.22595283e-02
  1.54024735e-02  8.09830800e-02 -1.54151082e-01 -7.01349825e-02
  1.03310347e-01  1.57517999e-01 -5.31795435e-02 -8.78201202e-02
 -9.70146731e-02  2.21206471e-02  3.29064615e-02 -9.15927812e-02
 -4.39741462e-03  2.95979101e-02  4.67747869e-03 -9.55814589e-03
  2.20137816e-02  7.65773207e-02 -1.42870946e-02 -3.36317420e-02
  4.01786491e-02  3.66456769e-02  4.60694656e-02  2.41656024e-02
 -6.59595504e-02  7.15248734e-02  3.54036540e-02  1.07644545e-02
  8.92720520e-02  4.46155630e-02 -7.27218867e-04 -1.20821111e-01
 -1.84642281e-02  8.81127361e-03  9.72799510e-02 -4.03746553e-02
  5.52503765e-02 -9.98726673e-03  1.01776645e-01  4.04460989e-02
  1.66432902e-01 -4.03382033e-02  1.49859294e-01 -3.86592187e-02]