[ 1.90929845e-02  3.12420458e-01 -4.91721323e-03  7.33012334e-02
 -4.53240797e-02  1.50870472e-01 -8.61161947e-02 -5.46695255e-02
  3.91489314e-03  1.30429566e-01  1.64751023e-01 -6.45627975e-02
 -1.06799290e-01 -2.04256132e-01  7.58990226e-03 -2.28987006e-03
 -5.05206920e-02  1.35219052e-01  2.33319756e-02 -1.07818611e-01
  1.43732326e-02  4.83064391e-02 -3.50585505e-02 -3.33496556e-02
  1.25163779e-01 -1.21487044e-01  7.98018053e-02  9.93775204e-03
  5.46434298e-02  6.69499785e-02 -2.18384471e-02 -1.02169223e-01
 -2.47699376e-02  1.36284567e-02  6.36674687e-02 -4.50832210e-02
  4.05904539e-02 -1.79823741e-01  1.09311879e-01  7.77658969e-02
 -3.67943421e-02 -1.29373133e-01  5.70180686e-03  4.01244015e-02
 -1.02440165e-02 -3.93977985e-02  1.01671085e-01 -1.98311657e-02
 -1.31076112e-01  2.51812190e-02  1.94916084e-01  2.15036616e-01
 -1.51950508e-01  6.85811928e-03 -1.13861136e-01  2.25297660e-02
  2.12410726e-02 -1.88961804e-01 -3.17782499e-02 -1.98445637e-02
 -1.07568619e-03 -1.20463386e-01  6.64935559e-02 -1.01613820e-01
  3.50690149e-02 -9.58660692e-02  4.97283787e-02 -6.20873123e-02
 -1.16039803e-02  2.03245416e-01  2.94341415e-04  8.53439793e-02
 -1.83126125e-02 -2.52287146e-02 -1.39924902e-02 -9.78166908e-02
 -1.32262679e-02  1.40567005e-01 -1.19479761e-01 -3.83542152e-03
 -3.18841413e-02  9.28402990e-02  3.68102305e-02  7.59303346e-02
  1.95121840e-02  1.11046687e-01 -9.05014202e-02 -8.55107084e-02
  5.15701175e-02  7.03470260e-02 -8.22316185e-02 -8.69540125e-02
 -1.08796574e-01  3.72916572e-02 -2.22921669e-02 -1.45419329e-01
 -3.38874683e-02 -2.15011295e-02  7.18517229e-03 -9.40202828e-03
 -7.02843955e-03  6.00394085e-02  1.01386206e-02  3.88363231e-04
  9.55439955e-02  3.57432589e-02  1.10286273e-01  6.85950592e-02
 -5.30890562e-02  5.83251417e-02 -2.03913935e-02 -2.05443706e-02
  4.07412834e-02  3.94295119e-02  2.03298889e-02 -1.33985490e-01
 -5.03649712e-02  5.55124041e-03  1.02614351e-01 -5.65674640e-02
  5.44740260e-02  7.23223109e-03  5.44185080e-02  4.11773026e-02
  2.08117962e-01 -3.02649960e-02  1.66530579e-01  2.63069887e-02]