[ 0.04755835  0.26137087  0.09869906  0.02890401  0.04158067  0.15784407
 -0.07238963 -0.06006631 -0.01033927  0.12906535  0.07474972 -0.06857336
 -0.09462349 -0.0831594   0.10203767  0.05201522  0.02442226  0.1388441
 -0.03082816 -0.11268363 -0.01607001  0.17539962 -0.02017422 -0.01964482
  0.07543068 -0.15869641  0.03848816  0.12503161  0.04498364  0.06041428
 -0.05410288 -0.03805048 -0.05119863  0.05653955  0.08682866 -0.00279536
  0.0964061  -0.22451195  0.07756369  0.0483228  -0.05664748 -0.05633976
  0.08021675 -0.0992765   0.01682522  0.01824295  0.05151923  0.04737983
 -0.0945626   0.09064348  0.23574029  0.1388755  -0.14241946  0.0159482
 -0.07182666  0.00026358  0.01369523 -0.17748103 -0.01347311  0.03015578
  0.01643531 -0.01943322 -0.04996431 -0.13487963  0.02037525 -0.03629478
 -0.0010374  -0.00401612 -0.08233029  0.24480797  0.02891589  0.1031632
  0.0060611  -0.04178096 -0.05319871 -0.02286139  0.04754527  0.0889209
 -0.06741937 -0.12666816  0.13207865  0.12862682  0.02392654  0.0767217
  0.0660095   0.04582353 -0.1373511  -0.04696825  0.02546058  0.21385847
 -0.03890529 -0.05580015 -0.12276223  0.0929375  -0.01811458 -0.01201254
 -0.03897338 -0.0150546  -0.00567325  0.02722013  0.06649726  0.04975087
 -0.01520296 -0.05090473  0.05456886  0.02587154  0.03250629 -0.08441986
 -0.05541776  0.09269198  0.00702836 -0.01260288  0.10970076  0.0637536
  0.02262016 -0.12705985 -0.00914538  0.09088683 -0.03658445 -0.04882026
  0.08039085  0.00949856  0.13091588  0.01251123  0.18017647 -0.01132633
  0.15201364 -0.056539  ]