[ 0.02861016  0.30146021  0.00764198 -0.00317344 -0.04411835  0.17156534
 -0.07718628 -0.03979959  0.02049666  0.09614514  0.12179391 -0.09403142
 -0.13270886 -0.16318117  0.06900354 -0.07339744 -0.08889844  0.04330039
  0.01972896 -0.11472626 -0.0778048   0.1097898  -0.04242475 -0.06498119
  0.07714423 -0.12580198  0.12064407  0.07347818  0.03060281  0.00480603
 -0.01211245 -0.14694512 -0.04547361  0.02740138  0.06705609  0.03041601
  0.05354802 -0.20960511  0.0384844   0.08487243 -0.01370628 -0.14401054
 -0.0250459   0.05008858 -0.01834984  0.06631853  0.05477213  0.06406242
 -0.14091578  0.08107797  0.10598399  0.23185845 -0.14831212 -0.01375797
 -0.0852712   0.01364864 -0.07015643 -0.13943046 -0.06731149  0.00453403
 -0.02918338 -0.06407196  0.09283935 -0.08795319  0.02526641 -0.06681372
  0.06041573 -0.02924956 -0.02368905  0.24921778  0.00224345  0.06640533
 -0.00185887  0.00510423  0.00438868 -0.09519711 -0.00402721  0.11146913
 -0.07728908 -0.03564613  0.02115621  0.05729528 -0.01100684  0.0443202
  0.01359423  0.0500024  -0.10349125 -0.07034821  0.05495285  0.17352919
  0.01614729 -0.08380046 -0.09092063  0.03517714 -0.00866029 -0.10608416
 -0.00255523 -0.07809481  0.04690617 -0.02035567 -0.00880644  0.0786117
 -0.01710239 -0.10156503  0.02217407  0.06191062  0.05927169  0.03138605
 -0.07223143  0.08885009  0.08418704  0.01030902  0.04579218  0.04091049
  0.02047244 -0.13507424 -0.00317846  0.00614291  0.13883293 -0.03347564
  0.0977261  -0.03126312  0.09140588  0.09041386  0.20403321 -0.06172053
  0.19341326 -0.01948247]