[ 0.04480671  0.24765573 -0.09574775  0.03276361 -0.00254148  0.2270094
 -0.08342882 -0.05522157 -0.02551909  0.15532276  0.14106941 -0.01746063
 -0.02812214 -0.18916538  0.04604168  0.03346938 -0.06036884  0.06551047
  0.03166797 -0.07024309 -0.01142869  0.05770687  0.00962226 -0.0050102
  0.1074667  -0.1208332   0.12655289 -0.03906379 -0.01305795  0.10389885
 -0.02822508 -0.06604291 -0.01084633  0.059177    0.02886998 -0.00989416
  0.07445886 -0.22998767  0.09585111  0.05865483 -0.01066697 -0.21025935
  0.06637791  0.03800942 -0.06473145 -0.03775154  0.1172711   0.04422942
 -0.12174626  0.09034477  0.22954841  0.1039471  -0.11795678  0.01393979
 -0.04319391  0.03853421 -0.00815185 -0.14863525 -0.0118086  -0.00166659
 -0.05822092 -0.10605444  0.0795199  -0.1667996   0.05402674 -0.07698577
 -0.01288965  0.00071432 -0.05253347  0.14350869 -0.03870539  0.10871202
 -0.08437901 -0.09317103  0.02306147 -0.01242695  0.03412867  0.11990852
 -0.10092404  0.0581229   0.03092815 -0.00430632  0.06271908  0.10390102
 -0.04215014  0.1316947  -0.05997634 -0.08291228  0.05293312  0.13284037
 -0.09508292 -0.12665431 -0.13929635  0.10185131 -0.10207919 -0.07357237
 -0.05468185 -0.00889731  0.03202292 -0.03724742  0.06360369  0.05017033
 -0.00946258 -0.00882753  0.06359736  0.02876293  0.01373093  0.07360997
 -0.14695783  0.06981715 -0.02339648  0.00297894  0.09075057  0.01538786
 -0.00629175 -0.08954977 -0.05293575  0.07754739  0.04889015  0.05029831
  0.11142993 -0.07204343  0.09476734  0.03967304  0.16008395  0.00798628
  0.1343874   0.03247878]