[ 0.07654606  0.2705304   0.01191126  0.07559733  0.04076334  0.14752835
 -0.05933098 -0.16346499  0.01538344  0.05011987  0.16794071 -0.04781003
 -0.06711809 -0.09186598  0.0240448   0.02336623  0.0067943   0.21149746
 -0.0500227  -0.08654938  0.06695616  0.10784248 -0.05442041 -0.04407903
  0.12551813 -0.15166141 -0.01059491  0.05286884  0.01513976  0.15123175
 -0.03060373 -0.01816513 -0.0322214   0.05081465  0.14462097 -0.00880942
  0.06879298 -0.20058911  0.14225441 -0.01524462 -0.04980055 -0.04281919
  0.1072819   0.02109739 -0.02055733 -0.02901159  0.08178278  0.01841305
 -0.11943393  0.03089858  0.16934597  0.1114212  -0.12930115  0.02050644
 -0.08851839  0.01848457 -0.05471697 -0.12726873 -0.05600686  0.00730903
  0.00732591 -0.06871825  0.06027047 -0.11593782  0.03199395 -0.04279484
  0.00074955 -0.02799097 -0.07213435  0.19962864  0.06743189  0.05314764
  0.01978663 -0.10570089 -0.09198948 -0.07219113  0.00125454  0.03158237
 -0.12063128 -0.07220898  0.07392941  0.15614787 -0.01260331  0.04033634
 -0.00528896  0.11095282 -0.12280963 -0.12510781  0.00756702  0.17409444
 -0.01064821 -0.14124203 -0.13072677  0.02720263 -0.02732848 -0.08043126
 -0.10265226 -0.00545749 -0.0095243   0.0217897   0.02603952  0.06996091
  0.03153084 -0.02790512  0.06422692  0.06379782  0.0900125   0.03755501
 -0.0562372   0.08439925 -0.00423788 -0.08242879  0.01667118  0.08338183
  0.01837446 -0.126633   -0.04107768  0.05190882  0.0352976  -0.06303053
  0.07508021  0.01456739  0.07341471  0.06291313  0.20492461 -0.04979859
  0.18048139 -0.0291875 ]