[ 0.01303052  0.33541009 -0.03269628  0.04450902 -0.02527027  0.17379579
 -0.04925682 -0.08563054  0.03725539  0.14240637  0.14222711 -0.05189061
 -0.06357794 -0.18992373  0.05422289 -0.06140133 -0.07604251  0.0960971
 -0.02399554 -0.09538793 -0.0525086   0.0495293  -0.04957953 -0.03679032
  0.11964103 -0.1661609   0.06103624  0.03597098 -0.00048443  0.09324247
 -0.00447614 -0.07968401 -0.03507109  0.05497726  0.06464618 -0.02494673
  0.07002095 -0.19698779  0.06980751  0.05672586  0.00803103 -0.17523415
  0.03686462  0.05647863 -0.04675604 -0.0271971   0.07631852  0.06825759
 -0.10851789  0.07043269  0.1866786   0.15898021 -0.15296708 -0.02010686
 -0.07871109  0.02852321 -0.09877983 -0.15496676 -0.03808137 -0.01597455
 -0.04556675 -0.10973199  0.06495426 -0.12804775  0.03196223 -0.05939393
  0.04354087 -0.0396413  -0.07476576  0.1692508   0.00704474  0.09265779
 -0.00919806 -0.02185287 -0.01731248 -0.07068221  0.00563298  0.08265772
 -0.08619187  0.01560492  0.00193395  0.03659632  0.01611867  0.08271918
 -0.00590627  0.07589383 -0.0800065  -0.10017978  0.08802506  0.13549392
 -0.07805225 -0.1369261  -0.06322123  0.01448893 -0.07346006 -0.14188711
 -0.0573205  -0.07589497  0.02925868 -0.03004764  0.01119333  0.07796596
  0.01637661 -0.0300875   0.0435672   0.04120266  0.04576031  0.08927766
 -0.08870874  0.11295383  0.03117433 -0.00347128  0.01390425  0.06552902
 -0.03196831 -0.14848842 -0.03239933  0.05887353  0.10536251 -0.01559528
  0.09763142 -0.00795958  0.04469734  0.09802615  0.2072455  -0.06566475
  0.14468512 -0.01294486]