[ 0.05657428  0.14660464  0.01813805  0.00249141 -0.02830194  0.18521394
  0.00602017 -0.10424527  0.03213875 -0.06912423  0.1418193  -0.06073467
 -0.07958105 -0.12178919  0.04199015 -0.06302263 -0.19282332 -0.0620071
  0.00074463 -0.13519959  0.03558151  0.1009208  -0.11605088 -0.10417977
  0.11430003  0.01424267 -0.00969484  0.00709693  0.08453968  0.03428987
  0.08740241 -0.0674265  -0.09139449 -0.01468041  0.1061101   0.01392838
 -0.01409252 -0.1184243   0.23207608  0.0202107   0.09132295 -0.10685302
 -0.05032475  0.04283116 -0.01428668 -0.04026525 -0.01561941  0.01025562
 -0.08373368 -0.09174335 -0.11215881  0.20303775  0.03352562  0.02811399
 -0.07379107 -0.00634376 -0.07200379  0.03679332 -0.19762927 -0.01132376
 -0.10114392 -0.02991171  0.21793824  0.00053974 -0.05225695  0.13276055
  0.10089098 -0.01125983  0.01936556  0.0302991   0.02375562  0.02818466
 -0.02054004  0.00309015  0.0922879  -0.09337828 -0.08818834 -0.12922773
 -0.06123154  0.1752205   0.08190365  0.03646675  0.11265275  0.02426523
 -0.0170376   0.05774112  0.02552312 -0.04699672 -0.04063061  0.05190198
  0.14543396 -0.09684778 -0.05520912  0.1010846  -0.1113499  -0.16212298
 -0.04069284 -0.06343216  0.04926312 -0.00355041  0.0023547   0.04122104
 -0.01541584 -0.05787896  0.00060942  0.14222437  0.14665833  0.13152905
  0.0012163   0.01571322  0.11665159 -0.04923398 -0.10646455  0.02877888
  0.08641391  0.00432514 -0.09114385  0.09339105  0.13635403 -0.03100782
  0.11271352 -0.12625638  0.04221036 -0.00778618  0.09614641  0.04812207
  0.16761376  0.08958164]