[ 0.02441938  0.14703012 -0.03943808 -0.01103403  0.01705086  0.14871764
 -0.04465225 -0.08462498  0.01427543 -0.02168967  0.10449805 -0.06433085
  0.005384   -0.09294033  0.10061777 -0.03779517 -0.11813685 -0.14793667
  0.02194593  0.00684331 -0.02868246 -0.00730865 -0.02600656 -0.0537048
  0.12722374 -0.01262016  0.02175248 -0.0010567   0.08104848  0.00227171
  0.11671583 -0.02806511  0.0123845   0.03040685  0.04102252  0.05608618
  0.09274852 -0.05603492  0.16538574 -0.07836667  0.11934412 -0.20566058
  0.02022377 -0.02529022 -0.05719873  0.01314334  0.03346126  0.10164158
 -0.09505484 -0.03445829 -0.17546217  0.11198865  0.09234032  0.00969042
 -0.01230257 -0.01031761 -0.10295731 -0.02274373 -0.15857612 -0.0700818
 -0.15600525 -0.00147011  0.15280257 -0.07357914 -0.04974654  0.26087087
  0.04728036  0.03747176 -0.03187407 -0.1041517  -0.07116002 -0.00668926
 -0.10732899 -0.02950261  0.21726516 -0.03373771  0.00074495 -0.06357162
  0.03271832  0.21299623  0.04263781 -0.04523634  0.07390844  0.04219675
  0.03365665  0.09422782 -0.03104479  0.02988724  0.02194906  0.09941158
  0.16204736 -0.08484749 -0.01567208  0.15044552 -0.15534839 -0.1614875
 -0.07038962  0.0046302   0.05225553 -0.11417349  0.03554835 -0.04750333
 -0.0241     -0.05610969 -0.03293164  0.1860241   0.1031291   0.15383033
  0.02350035  0.01105053  0.07530975  0.01566877 -0.05896103  0.03296952
  0.03804185 -0.03122592 -0.15430249  0.09775572  0.09521447  0.07556143
  0.09842555 -0.11464737  0.01890995  0.06291844  0.01799094  0.05808204
  0.11919886  0.05154917]