[ 0.00541911  0.14088516 -0.04340769 -0.02227227 -0.01064357  0.01286422
 -0.00712713 -0.15871994  0.07240859 -0.12906328  0.10071836 -0.0569196
 -0.05736532  0.02582262  0.04913158 -0.08803421 -0.09842    -0.13173431
  0.07720456 -0.03197873 -0.04171313  0.09235759 -0.04518409 -0.14083675
  0.07035753  0.0411444  -0.00290274  0.01200916  0.10378364  0.07237851
  0.07323644 -0.09797092  0.08168123 -0.11180028  0.10419049  0.03156554
  0.07443641  0.04534649  0.15655752  0.00877766  0.0428523   0.00757741
 -0.05110292  0.03725138 -0.07424192  0.11572745  0.01408716 -0.04661988
 -0.0275755  -0.12199753 -0.26182172  0.12789682  0.1218368   0.02807642
 -0.06523846 -0.00941198 -0.07198138  0.07520691 -0.21644415  0.02042604
 -0.12828854 -0.02279774  0.20345554  0.00852675 -0.00582685  0.14868453
  0.10269629 -0.00829303  0.03921046 -0.12790331  0.0782188  -0.06366082
 -0.00980363 -0.01825778  0.1739537  -0.01406449 -0.11354467 -0.16499844
 -0.03667838  0.11937985  0.03795226  0.04242856  0.01106031  0.05392819
  0.05707764  0.04618343 -0.04600236 -0.06429087 -0.08156812 -0.00494117
  0.13240369 -0.09133822  0.00757751  0.06333409 -0.02263184 -0.20761438
 -0.04868666 -0.01929911  0.07431602 -0.00515479 -0.08213454 -0.00118924
  0.04335807 -0.09438507 -0.14223237  0.16848481  0.18224207  0.10569148
  0.0600279   0.00470356  0.15783998 -0.11690164 -0.08991531  0.0338981
 -0.02857569  0.02475359 -0.12714858  0.03579392  0.08069447 -0.03893236
  0.03089133 -0.07364393 -0.05680359  0.02365531  0.05290358  0.05319357
  0.08928706  0.07010921]