[ 0.19057603 -0.07514284 -0.01271003  0.06301631  0.0515128   0.19690564
  0.0542143   0.04591854 -0.07260185 -0.19799484  0.12167585  0.05602771
  0.04040852 -0.13824984  0.00926261 -0.06299528 -0.14086886 -0.0678406
 -0.10360243  0.08195677  0.13156925  0.04978116  0.01444134  0.04750472
  0.04127057 -0.15411822 -0.03604541 -0.09620623 -0.09967468  0.04816949
 -0.00048019 -0.12758087 -0.12025738  0.1211421  -0.01987626  0.03135684
 -0.09768603 -0.17508796 -0.03019751  0.02122036  0.08140644 -0.0773134
 -0.03749491  0.1097969  -0.11479229 -0.07434671  0.01285599  0.01471035
 -0.04552834  0.1816124   0.00652095 -0.04778617 -0.0908449   0.05139945
  0.0253416  -0.06884752 -0.12531883  0.05920494 -0.06896654  0.06633092
 -0.03948789  0.02871188  0.11393917 -0.05102434 -0.02794849 -0.11713616
  0.03919827 -0.01299743 -0.03310216  0.02598214  0.03702428  0.0900176
  0.01402365 -0.03750253 -0.02531744 -0.00342367  0.00813622 -0.0719981
 -0.0273805   0.26745555  0.06240801 -0.14947516  0.04825684 -0.01773565
 -0.11128754  0.15115254  0.0737259  -0.08405802 -0.11303762  0.06021161
  0.13637538 -0.14849709 -0.13801481  0.05298677 -0.19118516 -0.07316092
 -0.06524524 -0.09142195 -0.00806372 -0.00403564  0.00752527  0.07824162
  0.00556589 -0.03166778 -0.01606765  0.07011771 -0.01751465  0.21135804
 -0.10353284  0.0056643   0.05401492 -0.01948495 -0.05682506  0.00212289
 -0.01374475  0.10285028  0.01934818  0.11880754  0.00181768  0.14504196
 -0.0143791  -0.06170367 -0.01658251  0.0979403   0.07829329 -0.00754658
  0.11452753  0.05294052]