[ 0.14073552 -0.01359991 -0.02669087  0.04967549  0.06404326  0.06287328
  0.05299227 -0.02601873  0.01664318 -0.29087406  0.03612067  0.1732062
 -0.044723   -0.11291289 -0.2044082  -0.07047157 -0.08840737 -0.06333495
 -0.13786657  0.10988066  0.13598607  0.05974888  0.00489548  0.05332726
  0.0345249  -0.04781353  0.03495509  0.01293562 -0.01700342  0.10851683
 -0.03727224 -0.10007623 -0.04076603  0.06111051 -0.05470427 -0.13060829
 -0.10989938  0.0432232  -0.00307194  0.01774767  0.01862132  0.05815134
  0.02036376  0.09476169 -0.06126363 -0.15219498  0.00756558 -0.10288695
  0.02060744  0.18691885 -0.01379996  0.04759305 -0.02107074  0.06630146
  0.05407409 -0.09474805 -0.0818043   0.16174494 -0.14464465 -0.05518677
 -0.03863367 -0.02452472  0.22134718  0.01155982 -0.08080919 -0.10396342
  0.01976015 -0.07888133 -0.11773267 -0.01686254  0.05295272  0.01496494
  0.04130784  0.09886419 -0.0207768  -0.00359248  0.03876177 -0.18841314
 -0.0359568   0.22000641  0.00682205 -0.02372114  0.12772337  0.00924711
  0.01743667 -0.05049549  0.02800396  0.01475506  0.01068273 -0.01871026
  0.05769178 -0.17038676 -0.09699554  0.08925326  0.01956725 -0.11038205
 -0.00828198 -0.03068362 -0.027639   -0.01847358 -0.07074613  0.05884612
 -0.01185157  0.12980439 -0.12904555  0.0537301   0.02125829  0.15352027
 -0.01771661 -0.08987834  0.15472455  0.02917459 -0.11284807  0.16897038
 -0.00824548  0.06563482  0.00086866  0.11354445  0.07830036  0.11423866
 -0.06534788  0.0696077  -0.03150822 -0.07979681  0.05112345  0.01004097
  0.1159877  -0.01872082]