[ 0.08995356  0.04597799  0.05983874 -0.03572072  0.05586432  0.07955695
  0.07731052 -0.03062545  0.00992424 -0.24331902  0.03093879  0.01443017
  0.04509377 -0.1399288  -0.1302617   0.01913651 -0.21196929  0.00194374
 -0.28489089  0.08780693  0.2213808   0.04419257  0.02135521  0.02445553
 -0.04947657 -0.07537056 -0.13872185 -0.07060099  0.0582705   0.06802718
 -0.01150112 -0.03741531 -0.13200317  0.09295536  0.05271842 -0.08557091
 -0.06952338  0.12426526  0.01954867  0.01296355  0.00307389  0.03107009
  0.0091057   0.0924381  -0.00469641 -0.10341097  0.0562929   0.01156843
 -0.09367736  0.1539854  -0.11684161 -0.06634419 -0.0825138   0.08659273
  0.01895274 -0.09488953 -0.03483232  0.13265756 -0.12235899 -0.11156711
 -0.00770481  0.05795603  0.1981772   0.05417013 -0.06367674 -0.05825051
  0.02709583 -0.04009551 -0.05054591 -0.03422899  0.03728765  0.02110022
  0.07277552  0.11303048 -0.02144807 -0.08647458 -0.05032366 -0.14250714
  0.0130058   0.1320266   0.13671994  0.02126621 -0.01224593 -0.03705135
 -0.08076989  0.05708337  0.01750994  0.00802693 -0.01308212  0.03601885
  0.19706899 -0.17179945 -0.09836128 -0.02832786 -0.05562769 -0.03980418
 -0.09528989  0.05708828 -0.02814925  0.04565566 -0.00667684 -0.01506005
 -0.03892984  0.11493751 -0.0447387   0.04348114 -0.0269417   0.20506825
  0.05567069 -0.05194798  0.095837    0.07837652 -0.1669044   0.12486651
  0.0036237   0.13368718 -0.04244631  0.11028846 -0.00162651  0.04381236
 -0.04910021  0.10272387  0.01732756  0.04340036 -0.05947588 -0.02558289
  0.00302364 -0.05059673]