[ 0.06063659  0.05537308  0.08807551 -0.01666272 -0.01081534  0.01419472
  0.08000449  0.0296      0.00674786 -0.28530309  0.01021072  0.02897484
  0.02855837 -0.08219777 -0.14525239 -0.07440183 -0.18365809 -0.0668181
 -0.21898928  0.09999698  0.16335785 -0.01178314  0.02010988  0.00856679
 -0.02879958 -0.15312649 -0.06572868  0.03681679  0.00584492  0.06727359
 -0.05870115 -0.17043427 -0.01873524  0.08438615 -0.00083936 -0.12284254
 -0.05807503  0.09765415 -0.08433276 -0.00549394 -0.0129485  -0.00829362
  0.07146365  0.05992542 -0.01733968 -0.08826415  0.0163375  -0.05713021
 -0.07951168  0.20605163 -0.1205861  -0.0570278  -0.03250485  0.10940079
  0.03276862 -0.06691393 -0.08588259  0.09321643 -0.13338754 -0.08323044
 -0.00335568  0.06166878  0.13414328  0.04861929 -0.04993238 -0.0068736
 -0.00268769 -0.11645785 -0.14933276 -0.07986997  0.03408487 -0.07120605
  0.0552272   0.08003668  0.04893812  0.01033456  0.03839992 -0.19909796
  0.05042537  0.15036315  0.02950912 -0.12844163  0.02816501  0.02267012
 -0.04846701  0.06957408 -0.03806651 -0.01421219  0.01750901  0.07882644
  0.1277267  -0.22227833 -0.04226035 -0.00117941 -0.05709225 -0.06187482
 -0.08288987  0.04356594 -0.00244604  0.04182577 -0.02652062  0.04670137
 -0.01598854  0.07457891 -0.05322766  0.07413557  0.02356381  0.21810794
 -0.00903981 -0.11917423  0.09263209  0.00546236 -0.11885835  0.12104712
 -0.04672335  0.12202727  0.02538919  0.19008322  0.05238796  0.10655889
 -0.10162143  0.0279073  -0.0703948   0.00302284  0.03391243  0.0048683
  0.06910165 -0.04575692]