[-0.05860301  0.09363806  0.15764491 -0.15618177 -0.07679728  0.07686104
 -0.02544096  0.08826248  0.15007189 -0.0722168   0.0299202  -0.08349153
 -0.06107776  0.00674579  0.14249149 -0.18793099 -0.11478347 -0.13988078
 -0.07219905 -0.10913073 -0.10656054  0.1492537  -0.01141119 -0.01653737
 -0.04977644 -0.01988338  0.06714533  0.0776114   0.01587595 -0.18213001
  0.14878318 -0.2391274   0.01465827  0.04510074  0.02451564  0.09552863
  0.07094055  0.10739106 -0.03269143  0.18372959  0.07700916  0.02312844
 -0.20161721 -0.02892821 -0.02841727  0.03068238 -0.11891799  0.01985462
 -0.00431387  0.05332604 -0.19382314  0.13838613 -0.03542238  0.02687038
 -0.06704509  0.0098025  -0.07120838  0.0588544  -0.16363746 -0.01406266
 -0.15663166  0.00674737  0.05570658 -0.02105373 -0.0436555  -0.00524535
  0.16601549  0.09454659  0.01522857  0.13708676  0.10812268 -0.02561476
  0.00207142  0.07303278  0.15469259 -0.03246397 -0.15634675 -0.02158353
  0.04587746  0.01523566 -0.07720733  0.03323033  0.0893469   0.04625689
  0.0028764  -0.06099964  0.09473208  0.03450162 -0.01372836  0.029589
  0.09978758 -0.11178996  0.15832323 -0.0047566   0.00791918 -0.13632931
 -0.0170063  -0.12164488 -0.01761204  0.02853416 -0.09528016  0.0201484
 -0.10908513 -0.05753746 -0.01903617  0.04295576 -0.00891713 -0.09507508
  0.00967085 -0.04194511  0.11392967  0.03933176 -0.04358053  0.08701722
  0.01477905  0.03533996 -0.04056281 -0.0580351   0.08155362  0.02342703
  0.10201459 -0.02034496 -0.05754893  0.09943198  0.08092289 -0.03904098
  0.05865554  0.05357054]