[-0.0342943   0.1202661   0.09746104 -0.09898552 -0.08437573  0.07710809
 -0.07655088  0.06203846  0.12330125 -0.09697963  0.02708527 -0.05191477
 -0.01823168  0.01642015  0.10054627 -0.20645837 -0.04646317 -0.19050215
  0.00617763 -0.06019093 -0.04122017  0.0499597  -0.02941683  0.00108473
  0.0549713  -0.04556092  0.09199262  0.06580374 -0.02883338 -0.07135836
  0.16661961 -0.25215107  0.09409993  0.05015751  0.01424313  0.05966791
  0.09436169  0.09002221  0.00633096  0.06237546  0.04977605 -0.04674512
 -0.10062267 -0.03837892  0.00129001  0.02266751 -0.08001724 -0.02058451
 -0.03071991  0.01507553 -0.16592437  0.14766219  0.07792497  0.02386732
 -0.01502453  0.03569632 -0.11505967  0.02252738 -0.17151132 -0.10346635
 -0.13152923 -0.03350883  0.03910007 -0.07526913 -0.03665052  0.05164627
  0.13705008  0.10069001 -0.04128901  0.02252676  0.08279157 -0.08400995
 -0.09989651 -0.08720091  0.17490074  0.06127024 -0.07962524 -0.05697529
  0.07102871  0.1702956  -0.17648412 -0.03913829  0.13091545  0.09045755
  0.0291901  -0.04915391  0.05788536  0.02348057  0.04260563  0.04608665
  0.01507612 -0.17333648  0.1632766   0.10094798 -0.07143359 -0.17887545
 -0.00653932 -0.10676143 -0.01933531 -0.04898213 -0.04403172  0.05900567
 -0.1157545  -0.02883589 -0.06516738  0.08154453  0.01739407 -0.03851508
 -0.03773584 -0.07406709  0.08887058 -0.04149138 -0.1084284   0.09377519
  0.01593039  0.04040815 -0.12976693 -0.03731733  0.08795908  0.08223405
  0.06918913 -0.03453807 -0.10380083  0.05971416  0.15215437 -0.00131702
  0.13689023  0.04873955]