[ 0.03610024  0.22380581  0.03649195  0.10591193  0.05286052  0.23517308
 -0.09103952 -0.15872693  0.04258363 -0.0634755   0.07079749  0.00123071
 -0.13444737 -0.11428243 -0.01264228 -0.00834423 -0.05853936  0.07521807
  0.0104422  -0.1183593   0.0713744   0.10897404  0.00716277 -0.00839859
  0.16323505 -0.19850691  0.01823104  0.0146622  -0.01684548  0.10909393
  0.07169988 -0.14899813 -0.04566713 -0.02663251  0.11023405  0.02314153
  0.00261181 -0.25309855  0.06806951  0.04729017 -0.00653565 -0.01751944
  0.04331211 -0.01657337 -0.03527769 -0.004892    0.0692189  -0.04786063
 -0.05798848  0.05282933  0.1475527   0.14336972 -0.01873322 -0.01166578
 -0.06009188  0.0227061   0.00937623 -0.06044111 -0.05407234  0.00712831
 -0.01934646  0.01530801  0.06660199 -0.1645584   0.07978129 -0.10785741
  0.0358035  -0.0295266  -0.09705243  0.25388208  0.09907016  0.13540076
 -0.01625883 -0.1272887  -0.02663847  0.05926101 -0.03584461  0.01805521
 -0.12831171  0.05009992  0.01892795  0.10893854  0.0903239   0.13402803
 -0.00109888  0.08813471 -0.08729414 -0.0779719  -0.11442842  0.09838699
 -0.06074925 -0.1114452  -0.08263138  0.07703555 -0.03926057 -0.10879628
 -0.04209141  0.00090797 -0.01027431  0.04674723  0.02953394  0.07777803
 -0.01818246 -0.05642779  0.02180166  0.06079878  0.10274319  0.00953097
 -0.12335521  0.10236826  0.01850467 -0.11275078  0.07047065  0.04940185
 -0.0011523  -0.01153252 -0.0963451   0.13722806  0.0007976   0.04418488
  0.04679992 -0.0208756   0.00927217 -0.06735474  0.18357596  0.07548591
  0.15208511  0.05375161]