[ 0.00873234  0.28695163  0.06450242  0.07431421  0.00977604  0.22859083
 -0.0605655  -0.06963104  0.04162045 -0.04376376  0.10773829 -0.03511926
 -0.11386967 -0.16022976  0.0317537  -0.06003187 -0.11211871 -0.00277599
 -0.03560423 -0.10732415  0.04383043  0.07957453  0.02471945 -0.01614143
  0.14720762 -0.18909279 -0.00226222  0.00841723  0.05898751  0.02941472
  0.11848309 -0.16371697 -0.07861907 -0.00319221  0.0485601   0.03215333
 -0.01701888 -0.14868116  0.04676492  0.14337228  0.03526865 -0.0347885
 -0.06546304  0.02449353 -0.07308377 -0.01758743  0.06652852 -0.037473
 -0.05647414  0.07518607  0.08488359  0.24266832 -0.11779933 -0.01704715
 -0.09080716 -0.00408474  0.00215182 -0.04257408 -0.06175958 -0.01563917
 -0.09545788 -0.03376845  0.09607882 -0.14608249  0.04360292 -0.13194762
  0.11212652 -0.03949902 -0.0610167   0.27099144  0.09271757  0.18043421
  0.00302983  0.01628588  0.04245175 -0.03127291 -0.09255238  0.06587245
 -0.10473102  0.11952817 -0.03323127  0.06821437  0.11741295  0.12497816
  0.00985491  0.06717814 -0.02372679 -0.05343775 -0.06999084  0.01304072
 -0.02927513 -0.1074237  -0.05543343  0.01901794 -0.02674774 -0.212073
 -0.01633389 -0.01769797 -0.03488394  0.0235604  -0.07072484  0.07985129
 -0.01884159  0.0130393   0.00327778  0.08257718  0.08671042  0.09232732
  0.00326414  0.05346254  0.02643279 -0.01844711 -0.02647966  0.08435092
  0.01115558 -0.01750804 -0.05714073  0.05924826  0.07946492  0.07945965
  0.0468471   0.01429501 -0.02219652  0.02461476  0.15315741  0.01202045
  0.15719713  0.09621632]