[ 5.76602034e-02  2.80840099e-01 -8.51151161e-03  2.67363135e-02
 -6.02483153e-02  9.40869600e-02 -4.41201478e-02 -1.25473171e-01
 -7.98381791e-02  5.69846071e-02  1.65505230e-01 -5.10753766e-02
  4.26785462e-02 -1.58745855e-01 -1.50841381e-02  6.70917258e-02
 -8.70270282e-02  5.94286844e-02 -5.85992225e-02  9.59620904e-03
  7.61303902e-02  6.88997135e-02 -8.09796304e-02 -1.67001188e-02
  4.05517481e-02 -1.13328956e-02 -5.14345150e-03 -3.23314406e-02
  1.19420633e-01  1.92425594e-01 -9.10001174e-02  4.22426574e-02
 -4.92556173e-05  5.14205620e-02  8.99929404e-02 -6.43587038e-02
  7.25693852e-02 -5.06810471e-02  1.79290280e-01 -6.82934374e-03
 -6.73420578e-02 -1.92375839e-01  8.39472488e-02  5.72622493e-02
  8.11909419e-03  5.05495891e-02  1.63512334e-01  1.44157922e-02
 -2.48601854e-01 -2.31294129e-02  1.00960582e-01  1.42704144e-01
 -4.90419418e-02  5.62943034e-02 -3.85793746e-02 -1.12106046e-02
 -2.16367468e-02 -1.21917441e-01 -5.16007729e-02 -6.49808645e-02
 -2.72788610e-02 -8.99838656e-02  1.07806139e-01 -1.00283744e-02
 -4.18792106e-02 -4.37682820e-03  1.89973339e-02 -6.19538240e-02
 -4.73824777e-02 -4.80454005e-02 -2.86905877e-02 -7.64084086e-02
 -5.28794080e-02 -7.17564896e-02  7.76018649e-02 -6.67602792e-02
 -3.80547978e-02  2.24344824e-02 -3.11234780e-02  1.61683425e-01
  1.25762478e-01  2.67244484e-02 -6.08686218e-03  3.57208028e-02
 -1.83583293e-02  1.55103862e-01 -9.67711061e-02 -1.39088690e-01
  8.96612741e-03  1.57585785e-01 -5.65248169e-03 -1.34103596e-01
 -1.40295029e-01  1.19704224e-01 -1.81034565e-01 -7.77634680e-02
 -6.57697394e-02  4.69638035e-02  6.94696605e-02 -8.29444826e-02
  6.36330023e-02  8.76795799e-02  8.52800440e-03  8.54313076e-02
 -8.51498276e-04  6.64849281e-02  7.76248500e-02  2.29942024e-01
  7.57106207e-03 -9.32571013e-03  1.97319631e-02 -1.58094764e-02
 -1.11196458e-01  2.50354074e-02 -2.00500954e-02 -3.66420448e-02
 -1.45369932e-01  1.38000902e-02  2.59290077e-02 -2.41949093e-02
  5.06836846e-02 -5.49367890e-02  6.60578385e-02  3.19270045e-02
  1.29298210e-01  2.25363933e-02  1.43421054e-01 -3.37266400e-02]