[ 0.02768664  0.28022411 -0.0446106  -0.03150074 -0.11031205  0.05449446
 -0.09264249 -0.05914982 -0.02974649  0.07472347  0.04843349 -0.08512119
  0.00482758 -0.16008416  0.00185753 -0.06646904 -0.06435659 -0.12857679
  0.07499973  0.07179669 -0.05243326 -0.0020446  -0.04742163  0.02648223
  0.03760491  0.01656439  0.06231542 -0.03566846  0.09203949  0.08964136
 -0.00562137 -0.10674284  0.02585    -0.0017761   0.04888397 -0.02476527
  0.11356726  0.04474661  0.14108559  0.00058141 -0.10536528 -0.21088156
 -0.02746941 -0.00236135  0.03859661  0.14646529  0.12944226  0.06415158
 -0.1614878   0.0722676  -0.01093782  0.24309671  0.05986819  0.02111273
  0.01162058 -0.0532793   0.0208521  -0.11168846 -0.06263394 -0.15539943
 -0.02212498 -0.04481416  0.1078372  -0.03275006 -0.10893457 -0.02045374
  0.09220494 -0.00143672 -0.01260268 -0.09203557 -0.05790978 -0.0650373
 -0.13236377  0.00553166  0.16310428 -0.04371299 -0.03219201  0.07369978
  0.10868043  0.25577372 -0.0113503  -0.0010551   0.0053209   0.0621368
  0.09705505  0.02846304 -0.12016425 -0.02565876  0.1319894   0.07700127
 -0.01499648 -0.05513918  0.0509433   0.15863833 -0.13598338 -0.18266124
  0.04768154  0.00698152  0.06272075 -0.18989019  0.05204206  0.09238382
 -0.06362112  0.03694211 -0.09489088  0.07081982  0.06664341  0.12221466
  0.03657477  0.06043817  0.11904763  0.04409854 -0.07773245  0.0262079
 -0.05706904  0.00555871 -0.15916067 -0.05893691  0.03289866  0.01180537
  0.01761959 -0.01896006  0.04388869  0.02316695  0.0353942   0.01352899
  0.13562106 -0.03588097]