[ 0.0149209   0.24006256  0.18147473 -0.05926157  0.00914745  0.06725773
  0.00168217 -0.01052911 -0.04894612  0.00879677  0.09774166 -0.10968185
 -0.05041416 -0.09699136  0.09129691  0.03212665 -0.12069154 -0.01813188
 -0.08824968 -0.11460038  0.09720987  0.12727173 -0.04166279 -0.17229722
  0.08425945 -0.01477842 -0.06112091  0.04511284  0.14581867  0.01969125
 -0.02371526 -0.08051756 -0.02277254  0.02186798  0.10742406 -0.06742696
  0.04654144  0.02723263  0.20071839  0.04014224  0.00585886 -0.05313545
 -0.01043555 -0.06064923  0.01157731  0.13896465  0.01089547 -0.06166413
 -0.20003235 -0.08796614 -0.03105317  0.24728471 -0.09277502  0.06647918
 -0.08219922 -0.05526853  0.06457575 -0.12163542 -0.18362935 -0.00470375
  0.00517214 -0.075914    0.01544154  0.05584881  0.00817362  0.03395056
  0.00345164  0.11508411  0.04693723  0.07129499  0.10821965  0.02049499
 -0.02862938 -0.05610328  0.10893961  0.0103913  -0.12185202 -0.00769401
 -0.00986772  0.08697314  0.02297227  0.06146366  0.1146355   0.12936461
 -0.01088027  0.06247035  0.01657348  0.00688958 -0.03748852  0.07495798
  0.04377841 -0.084101   -0.08795133  0.12003901 -0.15286399 -0.15692548
 -0.01505023 -0.00223884 -0.00129002 -0.01614051  0.00838573  0.05590404
 -0.04009355  0.02531819  0.04315781  0.04831582  0.09905997  0.17755319
  0.12636846 -0.08320205  0.04142129 -0.05367169 -0.15829465  0.07532791
  0.10681912  0.01189618 -0.18897437  0.03758118  0.00901364 -0.01867494
  0.04518906  0.04829914  0.00997621  0.04927324  0.18427865  0.01665391
  0.19203985  0.02410751]