[-0.0358053   0.2118929   0.19688703 -0.07620106 -0.00335453 -0.02625701
  0.0555955  -0.04500669 -0.0517263  -0.05879119  0.04908808 -0.09903242
 -0.02531358 -0.00229337  0.0633039  -0.00254577 -0.12344659  0.03068158
 -0.07160406 -0.11584337  0.13880269  0.11996535 -0.10607892 -0.17911758
  0.04558563  0.0226478  -0.15306093  0.0404166   0.15619177  0.09389894
 -0.05974198 -0.0606684   0.01750952 -0.02380582  0.17803919 -0.08016569
  0.0617911   0.06404041  0.15470591 -0.02441367  0.01284157  0.03752794
  0.09305355  0.03857214  0.00991147  0.14492647  0.07083452 -0.11129416
 -0.20315343 -0.16570972 -0.11677521  0.0977588  -0.04616397  0.08442027
 -0.03246828 -0.00384462 -0.00663374 -0.03621532 -0.16054772 -0.03740286
  0.03715206 -0.05266362  0.01568995  0.12270392  0.03709568  0.06090656
  0.0026665   0.00862772  0.04982714 -0.03280396  0.14388669 -0.06688906
  0.04367154 -0.0892652   0.07415197  0.0245249  -0.17884322 -0.0774138
  0.01823859 -0.00769633  0.03886897  0.11232871  0.0433795   0.11179914
 -0.01856636  0.03955938  0.01318212 -0.03967009 -0.06280058  0.07821992
  0.07139413 -0.09708358 -0.0756955  -0.01858076 -0.12122054 -0.12309074
 -0.02964769  0.06604765  0.00278849  0.02935648 -0.04246617  0.07598831
  0.0522396  -0.0121968  -0.05568958  0.05913398  0.09165909  0.19325703
  0.10626845 -0.08620045  0.07754483 -0.16650787 -0.23650792  0.02056083
  0.0603625   0.02846037 -0.13160001 -0.02889515 -0.01540344 -0.0903546
  0.02791058  0.04429055 -0.03037142  0.03380932  0.11702142  0.0037311
  0.14286108  0.00946192]