[ 3.68451364e-02  2.50811040e-01  1.28516451e-01 -2.01652180e-02
 -5.36293052e-02 -5.28491847e-03  5.54974154e-02 -6.93917423e-02
 -3.03014126e-02  3.41221411e-03  1.04646251e-01 -7.84899220e-02
 -8.35309327e-02 -7.12456331e-02 -6.13481598e-03 -3.51751521e-02
 -9.71863866e-02  8.41291323e-02 -3.63379009e-02 -1.00840785e-01
  7.87451863e-02  1.05908632e-01 -1.23448208e-01 -1.79074034e-01
  1.59722548e-02  3.45460698e-02 -9.15491506e-02  3.99350189e-02
  1.16733946e-01  1.01012744e-01 -1.39973208e-01 -2.54157018e-02
 -6.90423092e-03  3.52981291e-03  1.69116229e-01 -1.03634700e-01
  9.43572372e-02  5.02017029e-02  1.89913422e-01 -1.84206665e-02
 -5.48894964e-02 -1.17918467e-02  3.63157988e-02 -7.05018220e-03
  2.66790707e-02  1.26900107e-01  6.88281506e-02 -1.03047334e-01
 -2.12849617e-01 -8.51737335e-02 -2.75079999e-02  2.23100752e-01
 -9.59975794e-02  1.23035409e-01 -2.15441715e-02 -3.49939950e-02
  3.40808593e-02 -1.22152336e-01 -1.87097028e-01 -2.19974592e-02
  8.70433375e-02 -1.02198899e-01  7.56044239e-02  5.71889132e-02
  2.08414681e-02 -5.77202663e-05  2.96609998e-02 -2.26762821e-03
  5.70560917e-02  7.45320544e-02  9.32087526e-02 -7.07327798e-02
  2.50857547e-02  1.18970433e-02  4.17503621e-03 -5.70092387e-02
 -9.56659392e-02 -2.43358817e-02 -1.60342548e-02 -7.23697022e-02
 -6.51631691e-03  1.61385179e-01  1.56525185e-03  4.89724614e-02
  2.93098390e-02  1.85449701e-02 -4.73654978e-02 -5.57536222e-02
  3.11050545e-02  1.06338337e-01  7.40563348e-02 -1.14278704e-01
 -6.80862814e-02  1.16105247e-02 -6.41942620e-02 -1.41766042e-01
  1.87827367e-02 -2.50781327e-03  5.18515036e-02  2.03352813e-02
 -2.10683662e-02  1.05441116e-01  1.13290912e-02  4.30664932e-03
  1.73130557e-02  4.06696647e-02  1.32109568e-01  1.51197568e-01
  5.33675253e-02 -2.56573744e-02  7.06081614e-02 -1.13187492e-01
 -1.56695485e-01  2.80978084e-02  8.36987495e-02 -4.47453782e-02
 -6.70549870e-02 -8.60423595e-02  6.22066595e-02 -1.45915717e-01
  3.39000300e-02  7.40682483e-02  7.05882907e-02  5.71415611e-02
  1.98643968e-01 -4.36479002e-02  2.27289930e-01 -2.77581066e-02]