[ 0.01315946  0.19052225  0.0692655  -0.0953462   0.08606321  0.0811518
  0.02971755 -0.01078973  0.02202625 -0.01079031  0.0710559  -0.04786603
 -0.05685219 -0.02586127  0.07902889  0.04112033 -0.07969316 -0.04855177
 -0.07119028 -0.13760427  0.06780268  0.15539876 -0.12643692 -0.19829205
  0.06380709  0.02270425 -0.02841843  0.06339563  0.09871197  0.05833589
 -0.03446425  0.02751422 -0.01115016  0.04855959  0.0624803   0.03475035
  0.10949551 -0.10274683  0.14994758  0.02404048  0.09478804 -0.04939158
  0.08967321 -0.02658173  0.03634762  0.20416193  0.03853045 -0.05548444
 -0.16052423 -0.1383035  -0.07103034  0.17407484 -0.12855598  0.06026747
  0.00601701  0.02266756 -0.06166872 -0.08199316 -0.20388316  0.07403053
  0.00283774 -0.09853698  0.02695124  0.00674502  0.03001487  0.0185692
 -0.01326605  0.14085242  0.11577255  0.12269955  0.09536816  0.0309927
 -0.0450319  -0.10444358  0.0883562   0.08501253 -0.06683577  0.07554107
 -0.10093319 -0.08638422  0.03979769  0.16590644  0.07721484  0.14552805
 -0.04656136  0.09667792  0.06004854  0.01197514 -0.06019016  0.13390289
  0.08133101 -0.11061738 -0.15977979  0.06939545 -0.08538281 -0.04294114
 -0.01494758 -0.05998518  0.0545657   0.02272299 -0.03578062 -0.00701891
 -0.01711223 -0.0175167  -0.04438173  0.06480629 -0.02701062  0.14343721
 -0.04510199 -0.04588411  0.03186937 -0.11349933 -0.17659162  0.01215276
  0.13132973 -0.04134625 -0.11799116 -0.06739079  0.03370115 -0.00954466
  0.13289329  0.08587833  0.10055789  0.12055524  0.14320689 -0.01254508
  0.14673053  0.0081295 ]