[ 0.04888579  0.20862401  0.19717135  0.01909409  0.02584931  0.15078498
  0.07205427 -0.06141803 -0.02294859 -0.04915858  0.09460896 -0.05640827
 -0.11832342 -0.09989684  0.09702934 -0.088155   -0.13122831 -0.00211199
 -0.09116211 -0.14216661  0.02359107  0.11827396 -0.12482752 -0.1003944
  0.12123878 -0.08288914 -0.12416909  0.09610001  0.08939196 -0.02117432
  0.05179128 -0.09702763 -0.16914213  0.00538467  0.10716181 -0.00790467
 -0.03922272 -0.11282148  0.1617461   0.06085537  0.09681749  0.00674717
 -0.05875656 -0.05147616 -0.00520346  0.04979677 -0.03874868 -0.03924325
 -0.12917787 -0.06578703 -0.05429979  0.21293782 -0.10706549  0.00031175
 -0.09683686 -0.04260251 -0.0992486   0.03194363 -0.19442108  0.05849216
 -0.02815897  0.02467349  0.08169693 -0.02829801  0.01141116  0.0751954
  0.09113471  0.02549869 -0.040409    0.13578047  0.14715566  0.12411039
  0.06676438  0.05175023  0.03662442 -0.03296713 -0.10061264 -0.07098594
 -0.01771158  0.05187974  0.02340079  0.077831    0.09898626  0.04203754
 -0.01923158  0.00873823  0.03527417 -0.03142195 -0.08184951  0.05824026
  0.11042327 -0.08492906 -0.01756046  0.06847014 -0.09059881 -0.16761656
  0.0135043  -0.13827743 -0.00538941  0.04699804 -0.07075348  0.06030056
 -0.04493266 -0.03711815 -0.01350536  0.13188541  0.1235787   0.12170405
  0.04804987  0.01275455  0.12164044 -0.049766   -0.09907447  0.08138226
  0.09634104 -0.0330116  -0.13290097  0.1081564   0.0638447  -0.03624741
  0.02928893 -0.00552781 -0.01629822  0.05067942  0.18652996  0.02403724
  0.14852025 -0.01631382]