[-0.04364401  0.10523452  0.07119039 -0.0932503   0.05429062  0.10547167
 -0.00656691 -0.02100602  0.04719866 -0.02592576  0.07004773 -0.00358222
 -0.05946286 -0.10532019  0.03402958  0.02954923 -0.19646201  0.05225887
 -0.03395843 -0.16588904  0.14739482  0.13344905 -0.08314154 -0.1715062
  0.06233139  0.0675751   0.01986181 -0.0743494   0.04191453  0.07200302
 -0.00656293 -0.04326308  0.04724477  0.03630497  0.17138606 -0.01235311
  0.0806363  -0.09070782  0.15775292 -0.03157552  0.10001471 -0.08629644
  0.09081165  0.09518073 -0.03244217  0.05386445  0.07156454 -0.08357861
 -0.15649839 -0.14278373 -0.06673098  0.03575005 -0.05205503  0.07727285
  0.01540913  0.07337631 -0.00138656 -0.07976893 -0.22155078 -0.00459946
  0.00057455 -0.15507965  0.09350127  0.05720195  0.1101005  -0.02357261
 -0.05708605  0.06525458  0.11000941  0.11620645  0.04276969 -0.01400466
 -0.05467483 -0.18747894  0.04105469  0.03229815 -0.13827346  0.03440017
 -0.09102551 -0.03270764  0.00428902  0.15133412  0.08859919  0.14723778
 -0.09814581  0.061977    0.09834342  0.03373003 -0.0464246   0.11743492
  0.06576745 -0.10637489 -0.1703947   0.02242906 -0.12350625 -0.03302975
 -0.08793861  0.03966828  0.04439516  0.0361609   0.01702865 -0.01804595
 -0.01060306 -0.07396352  0.07761993  0.00806468  0.0243185   0.11201084
 -0.08119676 -0.0334784  -0.01348696 -0.13394243 -0.1508929  -0.04314975
  0.13606955  0.00801861 -0.09749406 -0.07023856  0.03954753 -0.01368326
  0.17873141  0.02404822  0.06970387  0.02981755  0.12372032  0.01309719
  0.16660477  0.0828914 ]