[-6.39363900e-02  2.29281858e-01  1.86435029e-01 -1.08874843e-01
  4.32142131e-02 -3.06214336e-02  1.92431994e-02 -4.32582088e-02
  1.39019769e-02 -7.90511444e-02 -2.12060641e-02 -6.57569021e-02
 -3.40028107e-02  1.09870452e-03  6.26661777e-02 -2.27470268e-02
 -7.47862905e-02 -2.10312866e-02 -1.03994690e-01 -4.67597172e-02
  6.04656301e-02  9.22642499e-02 -7.65867159e-02 -1.57482579e-01
  3.97107080e-02 -1.36526348e-02 -1.31089866e-01  1.19692668e-01
  1.52268469e-01  3.67277451e-02 -9.83359572e-03 -2.44837664e-02
  7.78949931e-02  1.66841019e-02  1.29397497e-01 -6.83510154e-02
  1.40480295e-01  8.77315924e-02  1.44416258e-01 -7.76157305e-02
  5.98680116e-02 -1.08554342e-03  1.48301199e-01 -1.02811337e-01
  2.84112487e-02  1.34248257e-01  4.62257974e-02 -5.17693385e-02
 -1.84539899e-01 -8.02408904e-02 -2.07759619e-01  8.51212218e-02
  2.94802710e-02  8.41142759e-02 -1.71646941e-02 -1.45106222e-02
 -3.45636867e-02 -5.27960099e-02 -2.31440082e-01 -7.16247484e-02
 -2.00476740e-02  2.66388152e-02  4.29476146e-03  5.08427583e-02
 -1.52717624e-02  2.06368968e-01 -2.80866977e-02  3.34848724e-02
 -6.35446534e-02 -8.86812285e-02  9.27470922e-02 -1.10472582e-01
 -1.84880234e-02 -1.86855998e-02  1.64656222e-01  7.67165199e-02
 -8.39769170e-02 -1.23135790e-01  7.79245421e-02 -4.11299020e-02
  1.49708168e-04  1.26516923e-01  5.30686155e-02  1.47860393e-01
  5.27567230e-02  3.77819948e-02 -4.52599712e-02  5.40866666e-02
  3.91471433e-03  1.31935969e-01  1.17585510e-01 -1.11873642e-01
 -7.52107985e-03  7.39962682e-02 -6.55724704e-02 -1.05141267e-01
 -6.24788590e-02  8.31919387e-02 -2.97303442e-02 -1.29871927e-02
 -3.02114952e-02 -2.29426809e-02 -1.14905834e-02  1.40828779e-02
 -6.70039505e-02  1.28359273e-01  8.15160498e-02  1.35201573e-01
  8.75496045e-02 -8.69520679e-02  8.08573291e-02 -1.11563541e-01
 -1.76732689e-01  8.71503949e-02  3.63082774e-02 -3.12129874e-02
 -1.52475163e-01  2.55341306e-02  2.60142442e-02 -1.49626462e-02
  5.48583157e-02  5.66700995e-02 -1.71384644e-02  9.54549760e-03
  7.06806481e-02  1.94916558e-02  1.28471076e-01 -5.56057096e-02]