[ 0.00692761  0.25247124  0.18289666 -0.04149961  0.03082005 -0.00928024
  0.06341764  0.0435419  -0.00603552 -0.03419116  0.02703674 -0.13012603
 -0.06749018 -0.04068042  0.10997868  0.0167427  -0.05766901 -0.07514435
 -0.08386702 -0.06954715  0.0798466   0.07983284 -0.09074863 -0.15697345
  0.07763632 -0.032881   -0.14579523  0.07126584  0.17276278  0.01458934
 -0.01944064  0.00950827 -0.00398206  0.04823502  0.07086998 -0.03372241
  0.13138981  0.07273256  0.12811205 -0.02891728  0.05543096 -0.01658684
  0.08628707 -0.08728716  0.05508687  0.20106493  0.064252   -0.08171158
 -0.18261756 -0.09247685 -0.12695138  0.2082594  -0.08639073  0.07794827
  0.02734387 -0.04535694 -0.01225596 -0.1182307  -0.15043625 -0.05401109
  0.00901293 -0.064817   -0.04140493  0.01484421 -0.02236057  0.10031604
  0.02549096  0.05956661  0.05970325  0.02793097  0.08501665  0.00984664
 -0.02339578  0.02366997  0.13488106  0.0082239  -0.06221401  0.05347962
  0.02058803 -0.02457278 -0.00783733  0.14456673  0.04527787  0.09417944
  0.07831758  0.05224648 -0.01626734  0.04763291  0.00332361  0.09356967
  0.11593987 -0.0716546  -0.09635884  0.01383749 -0.07231499 -0.1092032
  0.03903278  0.01348235  0.00878921 -0.01839501 -0.08090065  0.00475141
  0.01491862  0.03565672 -0.10245442  0.0859276   0.03453299  0.17144465
  0.13646272 -0.08100653  0.05186678 -0.05314805 -0.22683635  0.02542803
  0.12908453 -0.04343747 -0.09371576 -0.10381149  0.02566724 -0.03377819
  0.05259684  0.16646731  0.06547573  0.14002943  0.1110136  -0.04604799
  0.19836068 -0.03529949]