[ 0.08626402  0.2349375   0.14822841 -0.04889273  0.00375974  0.08567588
 -0.0160354  -0.09806108  0.03888148  0.01028502  0.06261835 -0.10908393
 -0.00528256  0.09071717  0.07680675  0.01377068  0.11826778  0.06991944
 -0.17109102 -0.08167213 -0.00227405  0.19808801 -0.0372199   0.05104544
 -0.02059277 -0.14600229 -0.01645957  0.20208098  0.11721689  0.07129908
 -0.03026171  0.02745039 -0.04924847  0.07443821  0.07607388  0.02391106
  0.08031274  0.01967538  0.03439209  0.03512724 -0.12920393  0.02360951
 -0.02462519 -0.15052854  0.08945421  0.14225149 -0.06097366  0.11005277
 -0.13977197  0.02919991  0.08996879  0.22353978 -0.05300178 -0.01510885
 -0.0860038  -0.02997486 -0.03477714 -0.0165109  -0.05253704  0.00554896
 -0.02317865  0.0651409  -0.02868917 -0.08393681 -0.05823297  0.0309315
  0.02310096  0.11029105 -0.16966739  0.20273228  0.08436085 -0.06083133
 -0.01864721 -0.05489392 -0.00987356  0.00303298  0.03459339 -0.02394866
  0.00960692 -0.09405281  0.14411427  0.10288534 -0.02960596 -0.05004766
  0.06448878 -0.03722394 -0.13203076 -0.08954976 -0.03664489  0.25494978
  0.04479448 -0.1214641  -0.01231373  0.13791835  0.00634956  0.02916205
 -0.01974007 -0.06305848  0.02693878  0.01128803  0.11953473  0.10453994
 -0.09547149  0.05347712 -0.05009833  0.02674923 -0.01867132 -0.09800146
  0.07463607 -0.04529202  0.08433836  0.04427948 -0.00512922  0.13560292
  0.04932704 -0.01894866 -0.12835269  0.07893968 -0.0328146   0.0180115
  0.02217323 -0.00687867  0.0556056   0.04502271  0.15231232  0.00994949
  0.10256252 -0.17270301]