[ 0.02068513  0.2058849   0.20826216 -0.01826474  0.04964916  0.10812899
 -0.06268961 -0.07822585  0.07399399 -0.05636077  0.0018214  -0.05375935
 -0.07293752  0.03068145  0.16536236  0.00213057  0.07569105 -0.02657944
 -0.1410839  -0.08836481 -0.05150869  0.16504872 -0.01471115  0.11890106
  0.08731242 -0.13851303  0.02985614  0.16727431  0.06422955 -0.03059686
  0.11844813  0.03067563 -0.01389859  0.1290728   0.01346479  0.06818666
  0.10846809 -0.04381737  0.01520014  0.03881775  0.03852165 -0.02977108
  0.04106414 -0.18395688  0.08061329  0.09687876 -0.01772885  0.05815544
 -0.13154113  0.02152133  0.03002403  0.09289456  0.02615571 -0.06630488
 -0.04991426  0.04026134 -0.12224097  0.05019363 -0.07567521  0.00156811
 -0.1071988   0.08196563 -0.06364643 -0.1532979  -0.00745778  0.15395159
  0.02358154  0.04761292 -0.21094918  0.18685739  0.00734386 -0.00622305
 -0.06725272 -0.02696709  0.10835166  0.01648562  0.0529476  -0.01630621
 -0.00629511 -0.05339471  0.06571668  0.11197338  0.00764234 -0.03308058
  0.05421597 -0.04352057 -0.08445852 -0.030591   -0.10830431  0.23880269
  0.09411123 -0.11027922  0.00436383  0.14144994  0.03622191  0.10306886
 -0.0512081  -0.07347655  0.03977536 -0.0027466  -0.00756249 -0.04538766
 -0.13270411  0.05652956 -0.0597977   0.0739032  -0.04139734 -0.11443646
  0.00513174 -0.07541449  0.05939423  0.09870405  0.01795734  0.10253545
  0.07468323 -0.07822133 -0.14328484  0.06774697  0.02589967  0.10199903
  0.11888856  0.04817483  0.00577736  0.05868612  0.12671232  0.03727452
  0.09031589 -0.16850111]