[ 0.05750759  0.10746589  0.22509137  0.02209064  0.13166746  0.09687516
  0.03687416 -0.08530304  0.02398124 -0.01061459  0.01931426  0.0120496
 -0.02099301  0.0518949   0.15095341  0.02366019  0.0843818   0.06147134
 -0.16713828 -0.0190155   0.00805405  0.14305432 -0.07752106  0.08440487
  0.04794456 -0.07742439 -0.10725756  0.12542316  0.06346849  0.02408044
  0.03661592  0.14302881 -0.0468715   0.13348602  0.06230501  0.07527052
  0.085609   -0.04403902  0.02783902 -0.08338777  0.08036314 -0.0039575
  0.07549734 -0.20042679  0.02992182  0.09350995 -0.02676343  0.06307001
 -0.12490679 -0.05127975  0.03234891  0.04305068 -0.00939543 -0.03537911
  0.05960649  0.03129293 -0.15103641  0.03817664 -0.11765809  0.04515557
 -0.06494682  0.06105204 -0.06402803 -0.12585214  0.04872699  0.1807389
 -0.03165723  0.07885367 -0.19264337  0.15041208  0.04648798  0.01838176
 -0.02751947 -0.04490206  0.03250164  0.06729495  0.06230806 -0.00524081
  0.02792913 -0.13128611  0.08947487  0.13901916 -0.00076596 -0.03620424
  0.03999245 -0.06359286 -0.0136126   0.03991267 -0.09055954  0.27265611
  0.13107994 -0.08047446 -0.02878868  0.15894069 -0.04941386  0.10533953
 -0.04007715 -0.09790722  0.04864556  0.00905533  0.07003409 -0.01417552
 -0.10989884 -0.00401283 -0.04462216  0.09669732 -0.02301849 -0.10951778
  0.04272952 -0.04833719  0.02090937  0.05714759 -0.02497509  0.05842738
  0.13370612 -0.07988052 -0.1436369   0.04617564 -0.057685    0.07395747
  0.10387566  0.04256991  0.03797686  0.06450162  0.11603083  0.10013461
  0.12185945 -0.17952323]