[ 0.04639533  0.16896266  0.14309475 -0.06490976  0.11685558  0.13564882
 -0.04092041 -0.08670662  0.13485679  0.01389334  0.04883856 -0.03526808
 -0.03768297  0.03925842  0.11292919  0.03150479  0.10318689  0.07832086
 -0.1680433  -0.11430542  0.03955684  0.23226663 -0.04837226  0.06994886
  0.04975616 -0.1244945   0.03764984  0.15575692  0.08593197  0.05585534
  0.08663727 -0.00355582 -0.02016595  0.08886211  0.0940041   0.06842895
  0.09306782 -0.08103698  0.04453585  0.01227309 -0.01676267  0.03242104
  0.026409   -0.0926956   0.05742549  0.05353495 -0.07446156  0.1033337
 -0.04739559 -0.00974211  0.08169398  0.12157508 -0.06060055 -0.0604135
 -0.04537915  0.03564027 -0.10441259  0.02163721 -0.11385567  0.02521248
 -0.06944552 -0.01897762 -0.01246333 -0.10839809  0.01067494 -0.01761932
 -0.02333523  0.13055511 -0.13889833  0.24895996  0.09214367  0.02673529
 -0.05285432 -0.15408112 -0.03569673  0.04404639  0.0260127   0.05951678
 -0.04684532 -0.11824927  0.11950114  0.17490254  0.04625358  0.04548563
  0.04757687 -0.07462882 -0.03423741  0.01319712 -0.05176648  0.23818755
  0.03566369 -0.1203595  -0.07255631  0.14947495  0.02445214  0.05757599
 -0.08215575 -0.09540863 -0.0111191   0.03018437  0.09595321  0.01970183
 -0.12114    -0.00697591 -0.0211985   0.01702469 -0.04662521 -0.1829551
  0.02748759 -0.01355055  0.03784616  0.02280177 -0.00815859  0.15320446
  0.10248656 -0.03421496 -0.13416031  0.06517304 -0.07599758  0.07729374
  0.11075864  0.04515638  0.04647203  0.05043355  0.12796172  0.02331304
  0.09723543 -0.12157243]