[ 0.05169951  0.08955845  0.22154143 -0.00662902  0.12858023  0.11718599
  0.03436885 -0.04508819  0.09931978  0.01557033  0.04463906 -0.02801271
 -0.05698606  0.02318485  0.20747441 -0.02547527  0.04928404  0.10485169
 -0.18655889 -0.11164684 -0.01095367  0.17629158 -0.02766001  0.01352408
  0.07940344 -0.1217856  -0.07093517  0.13594484  0.00811142 -0.04630994
  0.11362684  0.0853572  -0.06124323  0.15640901  0.09477245  0.05533688
  0.07855747 -0.05346438  0.0504267  -0.03851618  0.09881108  0.02458372
  0.02758637 -0.12502483 -0.01308323 -0.0376008  -0.11520723  0.09020672
 -0.02388773  0.00578931  0.03949444  0.02574185 -0.08145916 -0.04192482
 -0.03758175  0.01694696 -0.14705263  0.01940483 -0.12332846  0.04075168
 -0.08888505 -0.00237177 -0.06468091 -0.11864537  0.03676066  0.12999317
 -0.01067375  0.09749172 -0.15755047  0.23484454  0.06819517  0.07866843
  0.01917556 -0.01094789 -0.07165147 -0.05113183  0.02570272 -0.05803587
 -0.02335764 -0.14467241  0.06932127  0.14054656  0.03132968 -0.03113321
  0.03480977 -0.11462508  0.01133585  0.03357185 -0.03049078  0.2108413
  0.13136062 -0.08907531 -0.02649672  0.05900628  0.01001236  0.06266298
 -0.09386209 -0.10579188 -0.03566033  0.05772012  0.01736198 -0.02981807
 -0.07390892 -0.02783121  0.04334151  0.03327347 -0.02111896 -0.15080281
  0.0710518  -0.00476439  0.01405101  0.06956275 -0.01940277  0.12387282
  0.14274174 -0.12569582 -0.03577149  0.04364927  0.00669482  0.0414366
  0.15975848  0.07427921  0.04664301  0.11861961  0.15355514 -0.05778373
  0.14255138 -0.11141068]