[ 0.06124191  0.18212739  0.17006694 -0.02415051  0.07806196  0.12901112
 -0.00499279 -0.04302237  0.07982409 -0.03339664 -0.03865292 -0.06374291
 -0.05517295  0.06765792  0.14566045  0.03541581  0.09132639 -0.05328045
 -0.17262778 -0.0942441  -0.04232441  0.18988661 -0.01119052  0.09044822
  0.05084798 -0.17300868 -0.00811071  0.19765121  0.08694864 -0.00590263
  0.07581072  0.066864   -0.08728798  0.10911126 -0.01577674  0.05011043
  0.08715814 -0.04610923 -0.02174064  0.0628817   0.00997263  0.01953094
  0.0293896  -0.2113578   0.09278611  0.08889509 -0.06343021  0.08607803
 -0.0452932   0.0645858   0.09298195  0.13069898 -0.01376376 -0.05635173
 -0.02854241 -0.00044745 -0.07732656  0.04730419 -0.01356067  0.00547821
 -0.07440816  0.09751391 -0.09193731 -0.16149421 -0.04478015  0.10238926
  0.02739782  0.08100774 -0.18261451  0.2094128   0.0194113   0.06674474
 -0.03183175  0.01219117  0.0498113   0.03483681  0.0906098  -0.01247122
 -0.01149271 -0.07225871  0.15447533  0.10271726  0.02762366 -0.02048764
  0.10471982 -0.0769846  -0.088644   -0.002808   -0.08213415  0.22283739
  0.05908393 -0.08008905 -0.02865038  0.12716608  0.03767894  0.10819758
  0.00848087 -0.08147466  0.0354621   0.02739966  0.04857503 -0.01062602
 -0.1065713   0.06913589 -0.11701934  0.02416602 -0.09482795 -0.1431354
  0.01759521 -0.03155078  0.08138725  0.11336355  0.03320661  0.10904967
  0.06850291 -0.04398828 -0.09347023  0.12079474 -0.04611389  0.08944692
  0.07832845  0.06554198  0.07223895  0.03097812  0.08639962  0.02673376
  0.04958299 -0.16256329]