[-0.07842907  0.09289711 -0.02306091 -0.1168239  -0.03790015 -0.02525812
 -0.02551363  0.00312882 -0.02099344  0.20555086  0.05483993 -0.02108807
 -0.00393913  0.10467783  0.11395828 -0.01437626 -0.02526384 -0.09984865
  0.15702713 -0.06474689 -0.13394336  0.14558432 -0.10808475 -0.01586273
 -0.05482375  0.13612057  0.15603578  0.04436483  0.0422576   0.06438239
 -0.14031465 -0.08219805  0.05654975 -0.0247137  -0.02180398  0.12965152
  0.12711668 -0.07862461  0.02125267  0.17582412 -0.03010733 -0.06247455
 -0.0272471  -0.03672433  0.01063863  0.23912799  0.06238095 -0.00646513
 -0.00261767 -0.11906844  0.07677332  0.14526062 -0.1019232   0.04157176
  0.09646252  0.10309543 -0.00371628 -0.06613511 -0.0505476   0.15560254
  0.00834532 -0.12878485 -0.02757286  0.02229504  0.02905136 -0.11980484
  0.04920616  0.1011906   0.19704975  0.07451618  0.03031934  0.03102305
 -0.05583348 -0.07070404  0.15257056  0.11140699 -0.0613077   0.24529459
 -0.02756424 -0.12528393  0.06482644  0.09071826  0.03876663  0.12719995
 -0.02849957  0.03461004  0.07441556 -0.00100156  0.00207003  0.07016923
 -0.10424627  0.00465839  0.02601725  0.06784734 -0.08652849 -0.04037368
  0.0361161  -0.13628778  0.20121063 -0.02587469 -0.00585     0.06619202
 -0.01185711 -0.09301116 -0.054658   -0.00979003 -0.10337336 -0.0803228
 -0.13899469  0.05400058  0.02952201 -0.06984142  0.00435303 -0.07781468
 -0.04180025  0.01942014 -0.00704457 -0.14038277 -0.10832422 -0.06499608
  0.09220096 -0.03473863  0.05808992  0.05543199 -0.00528754  0.09564333
 -0.02634252  0.05866532]