[-0.09255904  0.17161277  0.00549372 -0.12659962  0.00130616  0.03174547
 -0.06146768 -0.05796077 -0.01614471  0.15195644  0.07267587 -0.04936856
 -0.06344768  0.01223447  0.10550086 -0.0022433  -0.12028561  0.02744108
  0.08893117 -0.10220993 -0.10069953  0.20574449 -0.07001203 -0.07304869
 -0.03502716  0.04940181  0.14061701  0.05993958  0.07427309  0.06837247
 -0.14283626 -0.13889268  0.06471281 -0.05516877  0.07951225  0.08687399
  0.09641598 -0.18766598  0.0261076   0.14938046  0.00201955 -0.0731359
  0.02757946  0.05710631 -0.06149308  0.21562187  0.10018682  0.01610252
 -0.07067051 -0.05855158  0.06287167  0.11624538 -0.11792992  0.04045175
  0.01406556  0.08113247  0.01547056 -0.11568724 -0.0745419   0.1350916
 -0.00955495 -0.07005311  0.01408413  0.09181794  0.03237005 -0.11415456
 -0.00216276  0.02337379  0.15076669  0.12556289  0.05925779  0.00432931
  0.01814858 -0.09153657  0.12959464  0.07704277 -0.13161452  0.1725904
 -0.0679097  -0.15878731  0.14634737  0.1345199   0.01232603  0.17218731
 -0.03370646  0.12252034  0.00229931 -0.02946842 -0.05529291  0.14541301
 -0.03974942 -0.01012056 -0.08199942  0.01602855 -0.08596822 -0.06524106
 -0.06009558 -0.03669363  0.14243941 -0.02030977  0.02438567  0.05830301
  0.06412151 -0.16688222 -0.00654494  0.01356049 -0.03339873 -0.00400136
 -0.1153582   0.08764039  0.07868713 -0.10144496  0.03818899 -0.05357116
 -0.08846264 -0.01480487 -0.00755386 -0.06118548 -0.0539715  -0.08118159
  0.13382015 -0.07320939  0.04670602  0.01800533  0.01187664  0.06742378
  0.03338102  0.0824153 ]