[-0.04703228  0.14485297  0.0586209  -0.05168589 -0.00428908 -0.01398576
 -0.01309329 -0.12193     0.02081693  0.07228586  0.10242531 -0.02123146
 -0.07133284  0.08139206  0.0033284   0.00723939 -0.08378062  0.03463851
  0.04395701 -0.07752784 -0.0028977   0.18892765 -0.12207191 -0.03876993
 -0.0238426   0.03160523  0.07998408  0.10891637  0.08264017  0.14937235
 -0.1762152  -0.15520824  0.03190828 -0.07521059  0.09004886  0.07787859
  0.03118145 -0.13398694  0.01338423  0.12703131 -0.07005775  0.02316721
  0.01174876  0.01405522  0.01455322  0.21889216  0.03997961 -0.0376389
 -0.01352871 -0.09249878  0.08016407  0.19529648 -0.12304297  0.04963001
  0.06790319  0.057472    0.00265793 -0.07930999 -0.09746175  0.15365304
  0.05629957 -0.08497252  0.01899132  0.11201955  0.03762543 -0.16529216
  0.00543364  0.0286678   0.12229372  0.16060223  0.13624907  0.0021403
  0.04453657 -0.124001    0.07108228  0.11697557 -0.08738279  0.15242986
 -0.07495011 -0.13641562  0.15054138  0.14239551  0.03866621  0.15742493
 -0.03303477  0.06213877  0.00286266 -0.03120379 -0.08215951  0.13267422
 -0.07856511 -0.03944936 -0.04806639  0.05143403 -0.10214005 -0.09504639
 -0.03425274 -0.09483595  0.17897984  0.01581761  0.06299552  0.13159369
  0.03461238 -0.15322194 -0.0071858   0.01206207  0.01931117 -0.02040122
 -0.07463236  0.05607747  0.06580229 -0.14604178 -0.0097459   0.00334686
 -0.05312461  0.06650042 -0.02310063 -0.00178835 -0.1277063  -0.07884809
  0.02320849 -0.03308574  0.01704953 -0.01866502  0.05509749  0.14226562
  0.06725521  0.06437147]