[-6.80856109e-02  5.84979318e-02 -4.18436527e-02 -8.68392214e-02
  5.85061358e-03  1.83844380e-02 -3.07508670e-02 -5.17682731e-03
 -1.48198875e-02  1.83766738e-01  8.42440873e-02  1.35251414e-02
 -3.75486501e-02  4.35013622e-02  1.02128468e-01  1.72745436e-02
 -5.30521050e-02 -3.53583740e-03  1.67384043e-01 -6.79843947e-02
 -8.50164741e-02  1.77928209e-01 -4.59295809e-02 -5.60873933e-02
 -5.22048548e-02  1.25043377e-01  1.73927873e-01 -2.30028238e-02
  3.57901752e-02  6.77115396e-02 -1.29621461e-01 -8.99880305e-02
  9.11291987e-02 -4.13091667e-02  5.65557145e-02  1.15841269e-01
  1.22518368e-01 -1.07591040e-01  1.06313024e-02  1.27743900e-01
 -7.05709774e-03 -4.05493826e-02 -9.30366293e-03  5.53343780e-02
 -9.99372005e-02  1.69168934e-01  9.57462192e-02 -2.19131839e-02
  2.64460058e-03 -8.19936022e-02  9.70608741e-02  9.76637304e-02
 -1.33134499e-01  5.67811243e-02  9.88070145e-02  9.50506851e-02
  3.66319418e-02 -1.01194456e-01 -7.05800205e-02  1.62834927e-01
 -2.83141546e-02 -1.84676677e-01  2.25287080e-02  6.83662109e-03
  1.25740007e-01 -1.87003538e-01 -6.20862294e-04  4.42068987e-02
  1.87947601e-01  1.56102479e-01  3.49887051e-02  5.35834692e-02
 -2.75552925e-02 -9.44293886e-02  7.64927492e-02  6.75366446e-02
 -8.20158571e-02  2.56481677e-01 -7.63041601e-02 -1.68290764e-01
  7.52788559e-02  1.08701564e-01  2.89576221e-02  1.42459646e-01
 -2.72982679e-02  2.85288412e-02  6.57261908e-02  2.50183139e-02
 -1.33845704e-02  8.21998566e-02 -7.73319080e-02  1.94400046e-02
 -8.55334774e-02  1.37753561e-02 -4.72834073e-02 -4.62567918e-02
  6.59384253e-03 -4.82753962e-02  1.48519889e-01 -1.43629254e-03
 -1.47344166e-04  6.40020594e-02  3.88779379e-02 -1.56290799e-01
  1.31481504e-02 -2.41537876e-02 -4.48870212e-02 -8.77088532e-02
 -9.68142748e-02  7.56619945e-02 -2.01029852e-02 -8.09286684e-02
  4.46145870e-02 -8.98455679e-02 -1.16318632e-02 -8.58095475e-03
  6.83831647e-02 -1.55672953e-01 -9.04007033e-02 -4.58240546e-02
  1.23281777e-01 -3.90856713e-02  9.12876427e-02  4.11339141e-02
  1.83038805e-02  7.09155053e-02  5.81194460e-02  1.19495198e-01]