[ 2.31281370e-02  9.94005427e-02 -5.58117777e-02 -6.24734834e-02
  4.48790938e-02 -1.84134934e-02 -2.69120019e-02 -2.37440746e-02
 -8.22268054e-02  9.24939886e-02  5.27326874e-02 -8.63815716e-04
  2.06482206e-02  6.71445355e-02 -7.13053672e-03  9.32619944e-02
  1.00609265e-01  1.56094143e-02  5.49750812e-02  3.04089133e-02
  4.75674011e-02  9.97685269e-02 -1.14811845e-01  3.58756445e-02
  1.30307712e-02  1.27166346e-01  1.23889007e-01 -1.02111613e-02
  3.30549814e-02  1.34122863e-01 -1.62217304e-01 -5.02811186e-02
  4.53216257e-03 -1.63604226e-02  3.30107547e-02  3.56224813e-02
  9.17437077e-02  1.24291563e-02  2.85697598e-02  2.03475618e-04
 -6.41892478e-02  2.55429763e-02  1.06843621e-01  8.99615958e-02
  3.08614578e-02  2.22481996e-01  1.49971530e-01 -4.92877588e-02
 -1.33236244e-01 -1.17716752e-01  1.55239418e-01  1.74153522e-02
 -1.06521055e-01  3.86662930e-02  1.61719859e-01  2.37871055e-02
 -6.01529554e-02 -6.33941265e-03  4.31888252e-02 -3.24442945e-02
  9.70690772e-02 -1.60470083e-01  1.50230238e-02  1.49063608e-02
  6.05954006e-02 -1.63236886e-01 -3.97577994e-02  1.26014635e-01
  1.52122557e-01  3.61251533e-02  8.23769271e-02  2.18574572e-02
 -5.44030732e-03 -2.24310130e-01  3.05773523e-02  9.06848386e-02
 -4.31609489e-02  2.83918232e-01 -2.22081132e-02 -8.98514614e-02
  6.56308085e-02  1.85452044e-01  3.49679170e-03  2.87024677e-02
 -4.87665981e-02 -1.41573651e-02  3.81426215e-02  2.24948246e-02
  1.74269564e-02  7.75605962e-02 -1.31578788e-01 -5.82383573e-02
 -1.17761858e-01  3.67442183e-02 -7.44511038e-02  1.44944694e-02
  8.63567144e-02 -5.94392903e-02  9.17788669e-02 -9.09115151e-02
 -1.00845210e-02  9.30647478e-02  1.25247072e-02  4.72114049e-03
 -1.60688132e-01 -3.08066085e-02 -1.29291534e-01 -6.78912969e-03
 -9.98396575e-02 -4.25243080e-02  6.96966574e-02 -2.71538235e-02
 -7.23733827e-02  1.02755437e-02  1.35313431e-02 -1.98205244e-02
 -1.86503232e-01 -1.84419617e-01 -1.98471293e-01 -9.72685590e-02
 -1.49403699e-02  1.02918044e-01  9.52328220e-02  3.76916938e-02
  6.66868612e-02  4.88112457e-02  1.43536576e-03 -7.51197636e-02]