[-0.07846422  0.1073584   0.02382803 -0.1119241   0.10388454 -0.03467593
 -0.04586605 -0.08437153  0.04475522  0.00352876  0.02670665  0.02667028
  0.01202489  0.19408134  0.10462376 -0.03702647  0.04825513 -0.02552958
  0.01331601  0.0496017  -0.07050265  0.14619474 -0.07223564 -0.07682447
 -0.02023086  0.02228362  0.02891629  0.17247283  0.02677922  0.08235514
 -0.06963614 -0.02669612  0.18263941  0.00139698  0.06633885  0.15122348
  0.21949981 -0.04125365 -0.00850081 -0.03757444  0.07965637  0.03630876
  0.18557981 -0.07106645 -0.09879664  0.17753725  0.07747645  0.02043344
 -0.00333834 -0.03324647 -0.11169557  0.00979759 -0.05127532  0.09640058
  0.14580187  0.07569804 -0.13542463 -0.06082089 -0.16083527  0.05562352
 -0.0961149  -0.02863894 -0.02464651 -0.02158936  0.03626966  0.09202235
 -0.04043213  0.07571556  0.00903194 -0.00244509  0.11937778 -0.0794685
  0.00279051 -0.13250421  0.19151953  0.19676296 -0.0249355   0.0556682
  0.00768438 -0.20736572  0.07298949  0.1567847   0.04184308  0.17637579
  0.01887794  0.09470515 -0.0166427   0.0722599  -0.00634303  0.20828371
  0.03510552 -0.12190844  0.00152879  0.04039438 -0.05616862 -0.08641589
 -0.08716526  0.01946713  0.05784041 -0.04830821 -0.0199549   0.01780162
  0.06746622 -0.12593915 -0.11039487  0.14201981 -0.05314196 -0.03319323
 -0.07426821  0.01296176  0.01755169 -0.14955629 -0.04444118  0.06584921
 -0.06586425 -0.05967012 -0.01159376 -0.06875511 -0.07869787  0.02064625
  0.12232444 -0.01686792  0.03389729  0.05623468  0.0074786   0.07145385
  0.08864686  0.02487156]