[-0.06287405  0.12048264 -0.09148064 -0.1891709  -0.00353686  0.00461631
 -0.08001472 -0.02646562 -0.07564458  0.2145877   0.06250601 -0.06890993
  0.03477718  0.10866448  0.17138527  0.03709732 -0.04984139 -0.04006154
  0.13898863 -0.07556152 -0.16387151  0.20171374 -0.00856998 -0.125257
 -0.05153916  0.12596461  0.21541537  0.06762057  0.07747326  0.05912388
 -0.15235531 -0.03589592  0.11288912 -0.03112098  0.02282747  0.08941349
  0.14577498 -0.09558853  0.07225984  0.12204967 -0.03423145 -0.11658857
  0.04231321  0.0367747  -0.09212401  0.22412771  0.07841514  0.075471
 -0.07122875 -0.07423144  0.05265101  0.09419989 -0.07920449  0.04902156
 -0.01017713  0.07058185  0.02690507 -0.09751082 -0.04457657  0.12390371
 -0.06221224 -0.10585282  0.01657119  0.06711995  0.0048042  -0.01369809
 -0.03314318  0.11010171  0.16100958  0.02758081 -0.0111458  -0.02996505
 -0.04357577 -0.10347288  0.15963565  0.05517068 -0.08286363  0.11041638
 -0.04161437 -0.12000435  0.17915377  0.04325409 -0.00043754  0.12155976
 -0.03742643  0.08518681 -0.00547883 -0.02516271  0.00968764  0.14324866
 -0.03402891  0.00038138 -0.07932114  0.06444923 -0.07497068 -0.02629595
 -0.05299364  0.01111651  0.15891075 -0.06782315  0.02039382  0.03352569
  0.0710633  -0.10792795 -0.04458252 -0.00027253 -0.09528091 -0.01066307
 -0.06441066  0.03543661  0.06381307 -0.05063485  0.03448399 -0.03912016
 -0.07547691 -0.04076377  0.00437277 -0.06879325 -0.03556712 -0.05450961
  0.16595916 -0.12585719  0.08840137  0.0404813  -0.01021819  0.01441034
  0.00498973  0.07046822]