[-0.01797556  0.02971757 -0.02477543 -0.19052875  0.09729272  0.08936772
 -0.03622535  0.10097221 -0.00650575  0.04911258  0.09768353  0.03217415
  0.0825432  -0.01891748  0.10718128  0.01674763 -0.06351293 -0.06464469
 -0.02636644  0.00277321  0.05348958  0.06484179  0.04871074 -0.07327611
  0.06770737  0.09287423  0.19662561  0.01269748  0.09196702 -0.01633666
  0.04654187 -0.08508324  0.14268838  0.09221184 -0.01672754 -0.01994242
  0.07758386  0.06430835  0.09801952 -0.03143303  0.10638169 -0.13407901
  0.08757289  0.12499155 -0.15358052 -0.09717871  0.00438466  0.02731294
 -0.06587547 -0.01708242 -0.07560899 -0.02663241 -0.09436081  0.04877378
  0.02280386  0.02993804 -0.09702787  0.03296183 -0.19163783 -0.06477664
 -0.16549344 -0.20669161  0.13953479  0.0263055   0.04093648  0.08962509
 -0.10990339  0.13936591  0.01079738 -0.02614084 -0.03122003 -0.00309993
 -0.11473731 -0.13269477  0.15193947 -0.00222539 -0.00231973  0.02485575
  0.00219686  0.06750356 -0.02044639 -0.04115038  0.17941161  0.13064538
 -0.04118607 -0.03795086  0.12277687  0.15237597  0.13551559  0.0809515
  0.04341657 -0.14193609 -0.15385713  0.13709705 -0.07127957 -0.08518992
 -0.11551775  0.06085329 -0.02938089 -0.08665607 -0.02351151 -0.05528305
 -0.01219814  0.00889328 -0.01639071  0.06754223 -0.06495928  0.06615151
  0.06573822 -0.18880998  0.00986169  0.06841588 -0.09767573  0.13917893
  0.10712454 -0.0373009  -0.06735924 -0.00475687  0.04676175  0.15540414
  0.14861645 -0.04001646  0.01171338  0.04778648  0.02262556 -0.00834798
  0.12028247  0.0841339 ]