[ 0.07865358  0.21296853 -0.03557916 -0.09843775  0.01019259  0.23240528
  0.03355998  0.11236139 -0.06266612  0.07752236  0.12522556 -0.0857017
  0.0640377  -0.20272154  0.05047389  0.01422842 -0.00649512  0.02045511
 -0.07619523 -0.08073695  0.13022158  0.04956959 -0.11659895  0.04481504
  0.05231557 -0.05398451  0.05628318 -0.08766479  0.12678257  0.05920715
  0.0367291  -0.09332594 -0.07472764  0.08566018  0.05691809 -0.06098291
  0.04832416 -0.0874543   0.08193681 -0.00768534  0.02367657 -0.16330399
  0.02816917  0.15688084  0.02901175  0.00941084  0.09778382  0.04108419
 -0.29100457 -0.09291751  0.05370102  0.01272476 -0.09904585 -0.04566453
 -0.07206172  0.06419522 -0.14945114  0.03374194 -0.04683222 -0.10938938
 -0.03801806 -0.09434381  0.12597899 -0.10150377  0.03115227 -0.04833787
  0.01307082  0.01793896 -0.03075169 -0.00577361 -0.03611567 -0.00591169
 -0.10710791 -0.19129467  0.01340014 -0.03564862 -0.02635678  0.16968766
  0.00304851  0.10173741 -0.01860339  0.00321614  0.02894468  0.00773536
 -0.04675845  0.06761822  0.05453764 -0.06989871  0.04698741  0.12329225
  0.03658795 -0.16361356 -0.19881546  0.08661668 -0.08126041 -0.00247971
  0.01766155 -0.04368458 -0.05967265 -0.01389229  0.02063983  0.05546914
 -0.07088582  0.05715683 -0.08961465  0.0426474  -0.0374569   0.11300516
 -0.07245515 -0.09776518  0.06546838  0.02127215 -0.11138829  0.00573736
  0.10618728 -0.01764939 -0.22614805 -0.04229868  0.01534587  0.02806997
  0.03515166 -0.05615925  0.03427695  0.1143292   0.1431749  -0.01788979
  0.03122964 -0.10649414]