[-0.13516875  0.10317072  0.0879834  -0.21601246  0.10974406  0.04997044
 -0.09744443  0.05699866 -0.03959385  0.05352253 -0.02061998 -0.03653637
 -0.03654005 -0.03914009  0.18822774 -0.0133198  -0.09221186 -0.0437259
  0.09096763 -0.07184309 -0.02433692  0.14272062  0.02959308 -0.13729037
  0.0797492   0.10545072  0.10966902  0.04111003  0.14939722 -0.08327401
  0.08431511 -0.14924489  0.12355433  0.00625788  0.11179308  0.01211281
  0.1566624  -0.03071365  0.15470545 -0.0079015   0.14543283 -0.07476979
  0.11873437  0.05392113 -0.1322203   0.02810382  0.07831785  0.02012054
 -0.06617731 -0.05019692 -0.16989483 -0.00373028 -0.03090986  0.03927203
 -0.0204997   0.04294485  0.01480966 -0.04176667 -0.2088718  -0.04148771
 -0.10419922 -0.07455379  0.05570311  0.06126214  0.05094564  0.09438338
 -0.05129002  0.04169589  0.07766495 -0.00468773 -0.02258598  0.02391721
 -0.07192824 -0.05403868  0.18682742 -0.0077948  -0.10947262  0.07195511
  0.05382382 -0.04080063 -0.00135309  0.12308297  0.15880175  0.22451977
  0.04810964 -0.02795892  0.05835234  0.19324242  0.06341019  0.0589413
  0.10795099  0.01705088 -0.0669686   0.06750789 -0.02559684 -0.13062657
 -0.09594788  0.15838806 -0.07571215 -0.07283945 -0.08541346 -0.07740789
  0.00624197 -0.08438917  0.00462668  0.08814198  0.03300567  0.01232904
  0.07978266 -0.03287715  0.04159568 -0.04504853 -0.06753465  0.08256143
  0.02637335 -0.06537478 -0.04092637 -0.06055643 -0.00072365  0.04054713
  0.17667277 -0.00611255 -0.00445723 -0.00552023 -0.08304852 -0.00419566
  0.07772917  0.10500646]