[ 0.08685163  0.1964021   0.02325051 -0.04404696  0.12052949  0.18204425
  0.03639571 -0.12542966 -0.06334461 -0.00727806  0.12507577  0.00968872
 -0.01020678 -0.05388067  0.06120913 -0.01315721 -0.06753071  0.05429446
 -0.06242096 -0.09156054  0.08290117  0.12953241 -0.08213232 -0.064748
  0.15948722 -0.07328545 -0.00465595  0.08503291  0.1060511   0.15004689
  0.00798252 -0.05201877 -0.07164639  0.03311447  0.091793   -0.03978435
 -0.01362127 -0.17629714  0.22419105 -0.01240189  0.05624656 -0.06863393
  0.11189939  0.04823722 -0.07093068 -0.01485507  0.01613805  0.02346579
 -0.12923695 -0.05096987  0.03862992  0.1170977  -0.08704378  0.00054997
 -0.06905206  0.00306247 -0.12895271  0.08952928 -0.19579983  0.04757488
 -0.06702823 -0.04397974  0.16080378 -0.04092461  0.00985201  0.07121445
 -0.04433373  0.0394075  -0.11494955  0.05566069  0.08996543  0.08600423
 -0.02635293 -0.10757585  0.02608904  0.018666   -0.01168392 -0.10036165
 -0.04601119  0.08667459  0.09761491  0.04391051  0.13979967  0.1136417
 -0.06108554  0.03380491  0.00503717 -0.05252169 -0.02290172  0.13262391
  0.05452593 -0.16719726 -0.13662221  0.15085895 -0.10337185 -0.12902546
 -0.09765127 -0.02881794 -0.00398534 -0.00756664  0.01409195  0.0659389
 -0.00468386  0.02039292 -0.04605052  0.13790071  0.05348087  0.14940237
  0.00794423 -0.04148699  0.11215231 -0.06935778 -0.09223153  0.15884349
  0.04861325 -0.02968032 -0.1196936   0.16700627  0.03569211  0.07332222
  0.08941165 -0.09377275 -0.00406034 -0.00754217  0.12106592  0.04721294
  0.12099452 -0.00794165]