[-0.02775384  0.14426811 -0.08869039 -0.21324584  0.07337887  0.13511924
 -0.05865207  0.02346927  0.00700799  0.0399373   0.06971917  0.00792142
  0.01858602 -0.0200798   0.04885854  0.01576747 -0.08079548 -0.05282414
  0.00921221 -0.11056995  0.01319535  0.13132124 -0.03271246 -0.17894332
  0.03350219  0.083125    0.15951283  0.04051683  0.05517869  0.03130234
 -0.00232299 -0.04868954  0.0923688   0.03842763  0.0134838   0.00794358
  0.14965351 -0.07114992  0.21202327  0.07980038  0.09488473 -0.10630081
  0.10593411  0.02213777 -0.06641719  0.02685504  0.04434984 -0.02174328
 -0.11977234 -0.05696272 -0.07712717  0.0797071  -0.08915038  0.11298846
 -0.04415719  0.05110284  0.00550395 -0.0309652  -0.24202521  0.01076768
 -0.09253906 -0.10824119  0.13587545 -0.02978318 -0.00825736  0.03577947
 -0.04522855  0.17241326  0.09287373  0.01913094  0.0273249  -0.01070016
 -0.12035874 -0.12029928  0.17051859  0.09086271 -0.0638387   0.03210291
 -0.08454723 -0.03345632 -0.01440691  0.10244367  0.17594694  0.21295989
 -0.09149065  0.12711214  0.08849585  0.0514751   0.04533236  0.06909481
  0.02533081 -0.17157093 -0.1104881   0.13401391 -0.05066687 -0.0958411
 -0.09159123  0.03611009 -0.01996687 -0.01811555 -0.03622524 -0.05146256
 -0.03894504  0.05518521  0.00038511  0.07211037 -0.0693269   0.10395924
 -0.13143454 -0.08903062  0.00952102 -0.07901008 -0.07503381  0.0956855
  0.03785654 -0.03696284 -0.11276994 -0.0232741   0.07092649  0.05295107
  0.19058964 -0.04318434  0.07278325  0.01867099  0.05501613 -0.0154293
  0.05189389  0.08653084]