[ 1.74535252e-02  6.72566816e-02  1.16513751e-01 -1.63941354e-01
  8.19483176e-02  8.60482454e-03  5.83505630e-03  4.58416864e-02
  4.82581332e-02  1.00500723e-02  1.40904292e-01 -3.82070839e-02
  8.62230733e-02  1.89135641e-01  2.18155950e-01  2.29136031e-02
  7.64013752e-02  4.96540032e-03 -1.36861891e-01 -4.55557965e-02
  3.83686200e-02  2.05546185e-01 -3.97868035e-03 -1.95542201e-02
  1.64618939e-02  1.78172141e-02  6.54968247e-02  1.71909660e-01
  1.59214556e-01  1.16615528e-02  5.51690273e-02  2.79861558e-02
  1.12006351e-01  9.04543176e-02 -1.38637209e-02  6.23987913e-02
  1.02301076e-01  1.17097445e-01  6.74767569e-02  6.33358881e-02
  6.39107749e-02  5.92774265e-02  3.52329053e-02  7.40842335e-03
 -9.90318507e-02 -5.71765751e-02 -7.54750296e-02  1.69898421e-02
  1.56773231e-03 -7.25816935e-02 -6.67597800e-02  3.86692956e-02
 -1.56121105e-01  5.18696755e-02 -3.28151658e-02  4.53886166e-02
 -1.43092856e-01  9.10336748e-02 -1.50746852e-01  3.17643769e-02
 -2.06221357e-01 -1.50581166e-01  2.11168714e-02  3.39167868e-03
 -2.70350073e-02  1.39514789e-01 -1.03411078e-02  1.26552120e-01
 -4.31466699e-02  4.44535688e-02  9.70094949e-02 -3.61721776e-02
  5.22238296e-03 -6.32785037e-02  1.23101458e-01 -3.49752456e-02
 -2.72989459e-02 -5.41565903e-02 -3.17426696e-02 -8.78584906e-02
  1.01415567e-01  6.59886599e-02  1.14293553e-01  3.33893411e-02
  1.57293994e-02 -4.28295098e-02  8.72773975e-02  3.06603070e-02
  1.46318911e-04  1.24893494e-01  6.69212043e-02 -1.61468238e-01
 -9.38368738e-02  6.67912513e-02  3.26392800e-02 -6.17901534e-02
 -1.47510976e-01 -4.85652918e-03 -2.71394607e-02  1.50537668e-02
 -8.45196843e-02 -1.41711337e-02  2.42450908e-02  4.92138118e-02
 -7.44325370e-02  9.00602341e-02 -6.73565790e-02 -5.76234162e-02
  1.79932579e-01 -2.13772416e-01  1.20829269e-02  3.11426204e-02
 -1.35057792e-01  1.92521259e-01  9.53167528e-02 -5.71887568e-02
 -5.36101544e-03 -3.95077243e-02 -5.43797854e-04  8.11005086e-02
  1.48551419e-01 -8.32052901e-03 -1.40431076e-02  1.22252755e-01
  5.64176068e-02 -4.19582576e-02  1.02280714e-01  3.67414169e-02]