[-0.05392046  0.17421088 -0.00591064 -0.16679375  0.02894489  0.11291382
 -0.04164447 -0.11519643 -0.04973952 -0.05821966  0.00759912 -0.08648504
 -0.02990417  0.03345058 -0.00678651  0.01410234 -0.14529426  0.10484881
  0.02899834 -0.20113295  0.11501109  0.16577996 -0.02374122 -0.14666931
  0.04371259  0.01462223  0.00500762  0.01824228  0.12920903  0.1257164
 -0.01530361 -0.14389063  0.00709899 -0.0998479   0.19263503 -0.05242592
 -0.01156233 -0.08990019  0.17464311  0.03755227 -0.04728991  0.05274982
  0.10073635  0.13057037 -0.02173958  0.0529784   0.08651987 -0.03241969
 -0.15389539 -0.11151174 -0.08897938  0.0299004   0.0508088   0.04143107
 -0.11826513  0.06200172  0.08301065  0.09767858 -0.11795225 -0.06270719
 -0.00446004  0.059927    0.18421672  0.09784535  0.01056779  0.03862343
 -0.03925188  0.00994908  0.02919341  0.03510952  0.10124021 -0.03679127
  0.00829347 -0.14286795  0.02757687  0.02167098 -0.18585402 -0.15620378
 -0.05074295 -0.05559362  0.11525828  0.15007417  0.05040731  0.12708598
 -0.08142799  0.06456307 -0.03529861 -0.07528979 -0.04831118  0.0655686
  0.06635244 -0.07591929 -0.09571812 -0.01151503  0.01758928 -0.06240968
 -0.10785066  0.18831126 -0.02209646  0.06508239  0.02395589  0.04999909
  0.06182788 -0.05739333 -0.06937596  0.06391124  0.04497354  0.05417645
 -0.02919084 -0.03080209  0.15655109 -0.15683264 -0.06568992  0.02226864
 -0.0177687   0.0904     -0.09436254  0.07100111  0.02977962 -0.07794747
  0.0889633  -0.13099711  0.00693606 -0.13344173 -0.04394516  0.05778823
  0.02098713  0.06830741]