[ 0.00339735  0.23485301  0.07040707 -0.17693922  0.09799596 -0.02769713
 -0.00562713 -0.07138931 -0.06474748  0.02960295  0.04741924 -0.1037314
 -0.02300616  0.05447458  0.08467514  0.06951787  0.0041091   0.0549752
 -0.03729731 -0.0805091   0.03264352  0.223726   -0.02777709 -0.18281366
  0.01281997  0.0225499  -0.01610872  0.15241843  0.24469101  0.08437232
 -0.09032051 -0.04302815  0.02648563 -0.05390352  0.11707307 -0.06182279
  0.10086402  0.00789164  0.2205565   0.0545288  -0.04593678  0.06875817
  0.08186885 -0.02340063 -0.01324471  0.18908951  0.031033   -0.00721926
 -0.1323372  -0.09263273 -0.08961285  0.17922518 -0.10459911  0.05931398
 -0.13614522 -0.04256524  0.06396859 -0.02365428 -0.18974181  0.06983861
  0.00710201 -0.01560165  0.06158441  0.10453665 -0.04695034  0.03104772
 -0.04679089  0.0856493   0.05502541 -0.00243861  0.12195908 -0.02596109
  0.01459186 -0.0347145   0.07947492  0.01777843 -0.09514433 -0.02714163
 -0.01032582 -0.11786441  0.13996884  0.1835326   0.04921424  0.1651985
  0.04803634  0.05058211 -0.06264665 -0.00549408 -0.02398994  0.08402354
  0.08172448 -0.05090179 -0.11187316  0.0897368   0.02819951 -0.14136946
 -0.07777981  0.08482808 -0.02875632 -0.0061152  -0.03124728  0.01378048
  0.03787867  0.02831397 -0.0635989   0.07532641  0.06981346  0.09327921
  0.15139467 -0.0533271   0.11884394 -0.11547915 -0.09544168  0.15801857
 -0.00803851 -0.02013329 -0.10900854  0.02527761 -0.04176407 -0.0718606
  0.03508645  0.03274269  0.00993626  0.00914043  0.00927508 -0.01154708
  0.04217555 -0.02853797]