[ 4.18266468e-03  1.87872067e-01 -1.13424771e-01 -1.42744288e-01
  1.18889339e-01  1.92087051e-02 -1.25216274e-02 -2.31350705e-01
 -8.85050073e-02  6.58041760e-02  3.08682360e-02 -4.89854179e-02
  1.32546490e-02  1.06920987e-01  2.67355908e-02  7.65428022e-02
 -1.87688377e-02  7.19752535e-02  6.06036857e-02 -9.57463309e-02
  1.94707466e-03  1.77167192e-01  2.41086981e-03 -1.46195009e-01
  2.75083985e-02  6.29748330e-02  5.96093945e-03  6.80358782e-02
  1.83712348e-01  2.11254761e-01 -9.74912941e-02  1.13367857e-02
  4.30583116e-03 -1.25946924e-01  1.29340187e-01 -3.02444100e-02
  1.85620654e-02 -5.46775050e-02  2.31779277e-01  5.14819659e-02
 -9.30001289e-02  5.91160171e-02  7.03188777e-02  4.67580073e-02
 -4.98981774e-02  1.90540209e-01  6.03942238e-02  5.75714298e-02
 -6.04319163e-02 -1.25185639e-01 -1.29244532e-02  1.50485635e-01
  7.12248439e-04 -1.19688166e-02 -9.78831202e-02 -1.73017348e-03
  9.25851092e-02  9.32607353e-02 -1.14674069e-01  9.62320566e-02
 -9.76711605e-03  2.15445254e-02  1.61736220e-01  9.10085738e-02
 -6.35272730e-03  1.75695153e-04 -7.93876648e-02  9.48505327e-02
  4.15110476e-02 -1.52714066e-02  1.07355088e-01  2.19416264e-02
 -2.56193639e-03 -8.55387598e-02  2.48187371e-02  5.05679958e-02
 -1.02642901e-01 -1.06351264e-01 -4.99194898e-02 -5.25051653e-02
  2.02618480e-01  1.42247945e-01  2.42544059e-02  1.42561585e-01
 -3.01300772e-02  8.39214399e-03 -6.99549913e-02 -7.80472904e-02
 -4.35446985e-02  4.04554643e-02  7.32462760e-03 -6.88777911e-03
 -7.68244490e-02  7.17278123e-02  1.70737971e-02 -1.14363410e-01
 -7.08636194e-02  1.12888515e-01  5.21293357e-02 -1.94691494e-02
  5.38243651e-02  5.96714653e-02  7.66023025e-02  9.93024441e-04
 -1.15239196e-01  5.29744253e-02  3.21936160e-02  6.98685944e-02
  8.86195898e-02  4.00333218e-02  1.70866057e-01 -1.23745307e-01
 -4.20318134e-02  9.70045030e-02 -7.43554235e-02  6.05755709e-02
 -1.07809819e-01  9.09898654e-02 -5.81637099e-02 -4.21660170e-02
  4.54736538e-02 -8.47588256e-02  7.74002401e-03 -8.91271681e-02
 -8.94754902e-02  7.14413151e-02 -4.43317331e-02  1.33845033e-02]