[ 0.01088283  0.1824735  -0.04821297 -0.18112318  0.03976426  0.04025911
 -0.08215549 -0.19746916 -0.02935136  0.06324704  0.05973243 -0.10959229
  0.04019273  0.10177375  0.01040516  0.06079391 -0.00070807  0.10868448
 -0.0168356  -0.09732514  0.02225051  0.19745015 -0.03950378 -0.07506736
 -0.03528496  0.05764682  0.00720387  0.09763719  0.15785998  0.14290291
 -0.06005977 -0.04698847 -0.02372557 -0.10422017  0.15916148  0.01449984
  0.03688597 -0.0178925   0.2252018   0.05714233 -0.15866561  0.0820552
 -0.00316178  0.00514874  0.0549936   0.12786642  0.01722156  0.11391938
 -0.09558605 -0.09480634 -0.04723844  0.12344363  0.00883066  0.00240275
 -0.1473113  -0.01120384  0.059413    0.06119426 -0.11194234 -0.00717817
  0.01657339  0.07272879  0.1516521   0.10561041 -0.10188448  0.01521185
 -0.01474821  0.14392903  0.04646256 -0.01160653  0.12117593 -0.05894006
  0.01134831 -0.11324534  0.00831304  0.00197407 -0.14693071 -0.09490671
  0.00726923 -0.06509297  0.22366455  0.19012558 -0.02005153  0.06333801
 -0.02953857  0.04126326 -0.09142454 -0.06892473 -0.00857103  0.07686776
  0.03836967 -0.03223121 -0.00297988  0.12001253  0.00482816 -0.08933805
 -0.10408124  0.06511606 -0.00116823 -0.0156214   0.10217386  0.04709727
 -0.01516827 -0.02730425 -0.06410715  0.06080727  0.02821186 -0.04160888
  0.05642273  0.04660256  0.16173287 -0.09361625 -0.01593594  0.12645112
 -0.06613372  0.06871024 -0.18225072  0.08243545 -0.09199795 -0.12799662
  0.02212733 -0.1022172   0.03395154 -0.07997174 -0.06806193  0.05354553
 -0.06453022 -0.03792664]