[ 6.63270522e-03  2.24971935e-01 -6.27191504e-03 -6.93966374e-02
  3.61382477e-02  8.52940753e-02  1.25275757e-02 -1.76709756e-01
 -1.24434523e-01  8.25232938e-02  2.88270675e-02 -4.95111458e-02
 -1.92775689e-02  4.12242524e-02  1.01273783e-01  2.47843117e-02
 -5.70733361e-02 -4.95537072e-02  5.40412366e-02 -6.37610257e-02
 -8.89837742e-02  7.14695230e-02 -3.92684750e-02 -7.96388686e-02
  4.86856811e-02  3.38098705e-02 -4.86448780e-02  4.62744310e-02
  1.38289213e-01  9.10129622e-02 -5.60194068e-02  7.36787394e-02
 -4.00506668e-02 -3.14303935e-02  3.28797624e-02  5.30908443e-02
  8.39129835e-03 -4.70266715e-02  1.84592560e-01  4.26761918e-02
 -2.65534613e-02 -9.54575837e-02 -1.01668304e-02 -1.39928982e-01
  1.45586850e-02  2.91753650e-01  6.80728033e-02  4.39156555e-02
 -2.41509676e-01 -1.19943559e-01 -6.73307106e-02  2.05493689e-01
  4.68396991e-02 -3.70994508e-02 -4.91790026e-02  2.20993496e-02
  6.87610637e-03  8.60000625e-02 -1.63874671e-01  1.21771373e-01
 -3.97767909e-02  1.12977713e-01  1.27425998e-01 -5.72044291e-02
  3.11927907e-02  1.85078561e-01 -3.69551107e-02  1.24306679e-01
 -8.25658292e-02  2.05229335e-02  3.86053286e-02  3.28011326e-02
 -1.01540975e-01  2.41337735e-02  1.59093425e-01  8.63072947e-02
 -2.36030556e-02 -8.40179026e-02  1.82188433e-02 -1.73046570e-02
  6.76093549e-02  4.42918204e-02 -3.32230255e-02  2.95199193e-02
 -7.76570290e-02  5.44530898e-02 -6.98150098e-02 -9.48378742e-02
 -8.00538957e-02  1.21742494e-01  8.94833133e-02 -2.16089394e-02
  1.82968322e-02  1.81680515e-01 -3.93691361e-02 -2.72689145e-02
  1.34408753e-02 -2.42127702e-02  1.41782239e-01 -3.34747173e-02
  3.00972704e-02  2.85418937e-03 -7.62985647e-02 -6.19962998e-03
 -1.10455617e-01  1.59051493e-01  1.74750239e-02  8.69588479e-02
  2.98763085e-02 -1.21057676e-02  1.44154400e-01 -7.00117601e-03
  2.04428379e-05 -2.58915946e-02  3.97646651e-02  2.19002515e-02
 -1.84623972e-01  7.82094523e-02  6.00065328e-02  5.79570755e-02
  7.09877238e-02 -1.34604290e-01  2.31587049e-02  4.74989600e-03
  3.87265976e-03  1.58855677e-01  2.02627927e-02 -8.75949264e-02]