[ 0.00537143  0.22167437  0.01450793 -0.24491814  0.05131925  0.04861356
 -0.0475635  -0.04146286 -0.11951376  0.00319212  0.00207247 -0.12829514
 -0.00320836  0.07023884  0.09373813  0.04887541 -0.03824578 -0.04164132
  0.04060901 -0.15569222  0.03029606  0.23141547 -0.00614116 -0.15251032
  0.0497198   0.04140322  0.09587385  0.12300449  0.22192782  0.0882949
 -0.03970678 -0.15654193 -0.00883772 -0.06912918  0.08169535 -0.06435964
  0.03461142 -0.02114885  0.21646768  0.11799429 -0.08267285  0.03609218
  0.06203568  0.05829486  0.01599466  0.18200831  0.03918294  0.00471766
 -0.15338144 -0.08136681 -0.05988412  0.16073903 -0.03363567  0.02125446
 -0.15366723 -0.01318865  0.0637544   0.09813069 -0.13139936  0.01330377
 -0.0015373   0.00780896  0.11879084  0.10487688 -0.0627085   0.00935993
 -0.02744741  0.11028778  0.06139567 -0.00428647  0.08726628  0.00250294
 -0.044264   -0.08024874  0.0971426   0.02704356 -0.11359081 -0.07108772
  0.00135167  0.02270858  0.14917888  0.08803061  0.08981556  0.14764681
 -0.0152788  -0.00835456 -0.0385542  -0.04340442 -0.01933891  0.04649428
  0.03668657 -0.04193631 -0.09551374  0.1070271   0.03274468 -0.09983262
 -0.03555259  0.10757813 -0.01252778 -0.0209088  -0.0453383   0.05102135
  0.01472533  0.03925286 -0.15072224  0.04712034 -0.01344081  0.08022195
  0.08300265 -0.0939775   0.20656124 -0.0860032  -0.10213915  0.13340081
 -0.01786594  0.06586941 -0.12885648  0.06526931 -0.02366993 -0.02335643
  0.04483149 -0.04824847 -0.00288832 -0.05340082 -0.03428911 -0.00203059
 -0.00209343 -0.00117584]