[ 0.02987718  0.01698353  0.00044476 -0.01905006  0.00844886  0.00711782
  0.05261605 -0.00111792 -0.10385261  0.03307497  0.03173744 -0.07506812
  0.09081512  0.10970174  0.15174267 -0.04432402  0.05820153 -0.05613299
  0.10095176  0.10753801  0.01184147 -0.07634326  0.00770533 -0.03351996
 -0.00742394  0.04706819 -0.15844598 -0.13064717  0.07019601  0.05050649
 -0.02521199  0.07478867  0.07447867 -0.00568456  0.07508238  0.07849619
  0.08624705  0.18703128  0.02237522 -0.1551844  -0.01751409 -0.01321783
 -0.06781758 -0.1137964  -0.05689041  0.20509824  0.07913255  0.0101165
 -0.18427688 -0.14322464 -0.21563816 -0.00117273  0.16457775  0.00370658
  0.06513353  0.02007525 -0.0278245   0.02247046 -0.08938023 -0.05562131
 -0.04094939  0.04928132  0.05476001 -0.10234568  0.08655256  0.25096247
  0.02695331  0.11309684 -0.01034134 -0.16219747  0.01302122 -0.05601341
 -0.0947696  -0.08953842  0.10972536  0.05682845 -0.04468234 -0.06236666
  0.13407047  0.025279   -0.09048535  0.01462343 -0.14755812 -0.10154366
  0.04375615  0.00374713 -0.02796439  0.00795066  0.02984348  0.06040512
  0.15016678  0.02014685  0.06022872  0.07131548 -0.08449749 -0.06873152
  0.05788219  0.03250133  0.07357696 -0.05740213  0.04937094 -0.01264787
 -0.00032511 -0.11781824 -0.18771572  0.16541509  0.05809368 -0.01142549
  0.08945355 -0.03506761  0.07198162  0.00473203 -0.07557097 -0.17266232
  0.08613382  0.0453826  -0.19894674 -0.13168658 -0.03399026  0.00402984
 -0.0438108  -0.06885158  0.00142676  0.1148909   0.02060962  0.11808381
  0.08526654 -0.06996635]