[-0.05568759  0.12876773  0.05582251 -0.03394102 -0.10673906 -0.06828032
  0.01316106 -0.08116528 -0.17371754  0.06147615  0.03285906 -0.05063129
  0.04603115  0.17318442  0.11200399 -0.12090518  0.02229293 -0.06319363
  0.18399559 -0.06742843 -0.07033505  0.02405453 -0.07294476  0.00616866
  0.03889658  0.09085461  0.01596772 -0.0097944   0.04731674  0.12067559
 -0.09668356 -0.11180627  0.05225787 -0.10601196  0.03513929 -0.00109998
  0.00576361  0.06779181  0.02059085  0.08473816 -0.04899747  0.01574795
 -0.03510602  0.05178669 -0.06560183  0.25608885  0.10731554 -0.12931579
 -0.12555979 -0.21896245  0.04491025  0.07630266  0.05099276 -0.00145604
  0.02341555  0.09343792 -0.01491427  0.11026466  0.05276289  0.03721983
  0.02376805 -0.03264164 -0.02517138  0.04708381  0.08781281  0.02587155
  0.09546901 -0.00776378  0.04973847 -0.07416653  0.09364745 -0.03863682
  0.01168819 -0.10746844  0.14586134  0.09633879 -0.15155761 -0.00674303
  0.04771816  0.05863683 -0.06363067 -0.03158421 -0.01113539  0.01111916
 -0.03216565 -0.04030848  0.04233473 -0.15780145 -0.09255746 -0.0352154
 -0.12572655 -0.02114424  0.13429572 -0.03387754 -0.11815809 -0.13332732
  0.08436563 -0.02260936  0.16715556 -0.04262204 -0.09149086  0.18866186
  0.10020722 -0.00165985 -0.18629877  0.02249076  0.01060871  0.08387559
 -0.01209939 -0.08113024  0.13371518 -0.11062881 -0.10434312 -0.1029794
 -0.08751111  0.06085266 -0.13707794 -0.11525635 -0.05681881 -0.06817609
 -0.03118443 -0.09243237 -0.16087416 -0.0136812   0.07073787  0.11376267
 -0.03426133  0.02687852]