[-0.07161757  0.1919053   0.02334455 -0.00037891 -0.07580163  0.01704898
 -0.02963298 -0.11907896 -0.09058707  0.03615048  0.08479086 -0.00907485
 -0.02811267 -0.00557665  0.05155021 -0.08552538 -0.07582255 -0.05998664
  0.14311558 -0.10670478 -0.03939874  0.04488838 -0.10228126 -0.01342342
  0.10175327  0.07276238  0.0788408  -0.04663779  0.04071707  0.12441663
 -0.03824714 -0.12571253  0.04319336 -0.07259547  0.04966978  0.0047919
  0.01808818 -0.07232559  0.08323414  0.10377918  0.0359085  -0.10076137
 -0.0071615   0.10295695 -0.05481599  0.22434275  0.13655354 -0.12171128
 -0.15484495 -0.20598246  0.05391194  0.13548501  0.02275305 -0.0118757
  0.00239445  0.09824038 -0.03562011  0.03414679 -0.0397721   0.06184129
 -0.00553674 -0.0934592   0.0415451   0.03706263  0.09628919 -0.06616606
  0.07663004 -0.03154515  0.06273486  0.00491351  0.06161823 -0.014076
 -0.04181818 -0.14082897  0.17174722  0.09951287 -0.159271    0.08617534
 -0.05623131  0.11880326 -0.07014311  0.01634426  0.05751513  0.10824916
 -0.08369547  0.05762446  0.06085983 -0.14615996 -0.14457333 -0.01410587
 -0.11935069 -0.06628374  0.03256744  0.00998393 -0.15503223 -0.13743685
  0.03153753 -0.06126982  0.16449906 -0.05936041 -0.0796115   0.13578078
  0.04889647  0.00597169 -0.07895232  0.02057611  0.03661164  0.17807229
 -0.09668604 -0.0386759   0.08261392 -0.12833811 -0.11135974 -0.08426867
 -0.06402464  0.03219585 -0.17750023 -0.08809198  0.00990885 -0.01189316
  0.04609459 -0.06980842 -0.13308565 -0.00514161  0.11437462  0.11611582
  0.01152388  0.06774672]