[ 0.01752636  0.15435478  0.07698727  0.04610718 -0.06232875  0.06063762
 -0.04692734 -0.11636937 -0.16325901  0.03516551  0.09856159 -0.08358409
 -0.08652416 -0.03571865  0.06848735 -0.07463156 -0.05385948  0.10157819
  0.17220215 -0.086361    0.001146    0.07565323  0.01952124 -0.07143183
  0.06442011 -0.01523099 -0.00040483 -0.07474311  0.03604721  0.06791575
 -0.07907344 -0.18673228  0.01734271 -0.11242774  0.18230204 -0.01102948
 -0.03744738 -0.07627673  0.08880306  0.03332037 -0.09547601 -0.01576485
 -0.10234813  0.05086846 -0.09951127  0.22818293  0.0911141  -0.0812251
 -0.18494254 -0.08707166  0.06275346  0.21556923  0.02514071  0.01100739
 -0.0778423  -0.00733894  0.13804072 -0.0818182  -0.03931037  0.06731911
  0.05104263  0.00700582  0.04937077  0.02144901  0.11846858 -0.11741052
  0.03712304 -0.02433101  0.03146909  0.13573839  0.11458022 -0.00309559
 -0.00361956 -0.12176356  0.01326394  0.01682559 -0.17210104  0.02012755
 -0.00709258  0.06776606 -0.06078032  0.02750151 -0.01807815  0.05173989
 -0.02720878  0.04139889 -0.06581792 -0.13946873 -0.1239579   0.0358454
 -0.0257713   0.02956875  0.00186524  0.01498133 -0.10010738 -0.17564513
  0.05167329  0.03988132  0.06546912 -0.03856548  0.03325214  0.19917022
  0.04374977 -0.11787406  0.03681447  0.02279129  0.18035476  0.07495295
  0.04269817  0.043085    0.07684887 -0.13610759  0.01457356 -0.09692467
 -0.02132865  0.05773147 -0.11627051 -0.0543275   0.0075914  -0.05529916
 -0.02371733 -0.11909279 -0.07939991 -0.04083784  0.16128124  0.1000131
  0.16474035  0.07222475]