[-0.05349742  0.16948652  0.14159995 -0.08823812 -0.0489289   0.02919318
 -0.07836413 -0.0883607  -0.20222366  0.0752897  -0.01104855 -0.07838579
 -0.05669685 -0.02489904  0.1141776  -0.03743383 -0.13774686 -0.04629624
  0.15138412 -0.0290172  -0.05600592  0.14242396 -0.00290002  0.01706007
 -0.0008271   0.07820593  0.02610285 -0.03139313  0.1054806   0.03486834
 -0.13769379 -0.19568406 -0.01243006 -0.05190125  0.1130221   0.01833446
  0.03065696 -0.04391136  0.08248111  0.10498936 -0.0724604  -0.07020698
 -0.04297243 -0.04869566 -0.02374636  0.30694604  0.15767954 -0.0096102
 -0.20203041 -0.00924514  0.0268768   0.14880691  0.03149965  0.03575451
  0.02757182 -0.00926086  0.15542324 -0.04024975 -0.044776    0.02457661
  0.07953153  0.09086721  0.00988278  0.10053489  0.0205783  -0.05727125
  0.03211365  0.01807588  0.0767696   0.04489706  0.01752349  0.00464558
 -0.03411111 -0.00852113  0.18510938  0.04950374 -0.17409611  0.0722345
  0.11312758  0.06853771  0.07839781  0.06822109  0.0098273   0.09189001
 -0.01336506  0.01754206 -0.04789954 -0.0428445  -0.08125849  0.09695411
  0.01849344  0.08085133  0.06689047  0.0835107  -0.18311279 -0.10544515
  0.03848235  0.06022573  0.1418139  -0.10298792  0.04367746  0.11989556
 -0.01762988 -0.08905426 -0.05486529  0.02052071  0.03049567  0.06291074
 -0.01093653  0.0497688   0.1688035  -0.02639904  0.01288241 -0.09662251
 -0.08896861  0.10947598 -0.14045589 -0.04316062 -0.11831576 -0.04404027
  0.0265972  -0.07977039 -0.0292251  -0.07498847 -0.04424758  0.15393214
  0.03623464  0.01871968]