[-7.68875144e-03  1.95703916e-02  9.56092700e-02 -1.48311928e-01
  5.73223596e-03  3.73400748e-02 -2.90256515e-02 -2.09633783e-02
 -1.89679667e-01  6.21043742e-02  6.15784107e-03 -8.11708048e-02
  1.24586523e-02  9.50654149e-02  2.44061321e-01 -4.41296287e-02
 -1.07729129e-01 -1.58922777e-01  1.30259618e-01 -7.60639384e-02
 -9.14351791e-02  1.27714232e-01 -1.66460201e-02 -1.46623239e-01
  2.39978246e-02  1.39346018e-01 -1.19940061e-02 -1.67134423e-02
 -8.47008312e-04 -5.14536686e-02 -3.44886035e-02 -1.03767954e-01
 -7.00048208e-02 -3.63475978e-02  3.82518284e-02  1.11764438e-01
 -2.30664182e-02 -3.26612629e-02  1.47550061e-01  1.18880138e-01
  8.46896693e-03 -2.15556547e-02 -1.18881799e-01 -7.25267828e-02
 -1.11110760e-02  3.02428186e-01  1.74585322e-03  5.16003696e-03
 -1.30015954e-01 -1.29572198e-01 -7.89073631e-02  8.79951566e-02
  1.86724399e-04 -4.00986057e-03 -4.40543406e-02 -1.13840438e-02
  3.44300386e-03  6.20307326e-02 -9.87330973e-02  1.54442906e-01
  3.35009284e-02  5.66180944e-02 -8.37283395e-03  8.13145861e-02
  3.90729867e-02  4.25384268e-02  3.80795263e-02  2.36800537e-01
  1.62338242e-01 -1.98105210e-03  9.86472815e-02  8.17202181e-02
 -3.03687267e-02 -6.83441237e-02  1.19869776e-01  7.49224052e-02
 -1.65716529e-01 -4.32597548e-02  6.48160204e-02  1.02591455e-01
  5.17800488e-02 -3.71402949e-02  1.93879455e-02  4.85548936e-02
 -1.22149885e-01 -1.73017848e-02  1.03745311e-01 -3.20911370e-02
 -8.91913995e-02  5.63172391e-04  4.33286428e-02  7.39658624e-02
  9.07514468e-02  1.18824266e-01 -1.85005739e-01 -6.85157329e-02
  4.94622476e-02 -9.19365063e-02  9.99635831e-02 -4.84732501e-02
 -5.32216467e-02  5.36725670e-02 -5.06120473e-02 -1.19772248e-01
 -7.15798214e-02  5.28217591e-02 -4.87235561e-02  5.80713190e-02
 -8.69839266e-03  9.26837139e-03  1.44086003e-01 -5.73433638e-02
 -7.43631199e-02 -7.33727217e-02  8.15515965e-03  8.21680576e-02
 -1.69460639e-01 -1.09358551e-02 -8.52265731e-02 -3.07021681e-02
  4.10560071e-02 -8.17060620e-02 -2.42754240e-02  5.20921759e-02
  2.97006723e-02  6.48313910e-02 -1.14840157e-04  3.33121978e-02]