[-0.06567565  0.03968698  0.07099807 -0.11936041 -0.00419808  0.00290398
 -0.08421627  0.05699789 -0.17177461  0.00450696 -0.02752414 -0.10083647
 -0.03186924  0.06568004  0.14955227 -0.02024239  0.06002223 -0.07492983
  0.23146027 -0.09348842 -0.00041865  0.0449251   0.05772385 -0.14783001
  0.06438695  0.0526677   0.02002373 -0.06128728  0.04132466 -0.07385254
  0.05974664 -0.2215082   0.06624337 -0.11324818  0.08298483  0.02435649
  0.00930976  0.01083331  0.13362186  0.07638328 -0.06308773  0.09020241
 -0.07893491 -0.04970437  0.01170722  0.23156562  0.03373806 -0.12619364
 -0.15786397 -0.16884084 -0.14223154  0.02892649  0.07918388 -0.02608009
 -0.17339706  0.02368231  0.11824325  0.02963492 -0.11197174  0.0867717
  0.06243308  0.07310315 -0.0288833  -0.02014835  0.12983549 -0.01572257
  0.00525143  0.12980501  0.09189378 -0.0524741   0.1015401   0.00497275
 -0.09230823 -0.16778937  0.07564823  0.10397667 -0.14126319  0.00649398
  0.05602299  0.04267818 -0.18543524 -0.01754046  0.01687335  0.12241029
 -0.05937104  0.02107867  0.00971663 -0.04746636 -0.113114   -0.12389012
 -0.0209369   0.07486106  0.07459372  0.10448745  0.02772754 -0.07991868
  0.05943517  0.05363789 -0.09275473  0.02914182 -0.102746    0.00796876
 -0.07253575 -0.06471026 -0.03395224  0.05469452  0.10247275 -0.01897166
  0.00909939 -0.05631196  0.02502788 -0.17868026  0.01337086 -0.05415989
  0.0075302   0.08426898 -0.204652   -0.04981206 -0.04935797 -0.01942496
 -0.07237162 -0.05532607 -0.13529056 -0.02443691  0.05295293  0.06228524
 -0.04370305  0.02855695]