[ 0.07658567  0.15841635  0.0235469  -0.03303831  0.01279239  0.0703952
 -0.07880607 -0.08827937 -0.06069447  0.02989858  0.15091503 -0.02501067
 -0.09740374  0.02830044 -0.00494132 -0.00111105 -0.00755954  0.16518557
  0.07077624 -0.05940719  0.02524243  0.22052395  0.02250805 -0.06311005
  0.01690017  0.00285236  0.10895584  0.11275639  0.09736507  0.08154333
 -0.11672455 -0.15762939 -0.00276768 -0.05807855  0.11006148 -0.00460412
 -0.01008379 -0.07345496  0.13099526  0.12617861 -0.13851534  0.11268634
 -0.01950524  0.04606117 -0.09810007 -0.02962309  0.04434446 -0.04497288
 -0.01125159  0.08707118  0.12257025  0.2432614  -0.16584048  0.09773393
 -0.06759685 -0.03701652  0.11733559 -0.04144619 -0.08310594  0.04163153
 -0.01005729 -0.07576017  0.14885849  0.01271588 -0.02727773 -0.14179313
  0.03458233 -0.02750311  0.03408158  0.24874933  0.10954613  0.07450907
  0.08156157  0.04519162 -0.04726425 -0.10905322 -0.07494954  0.00916553
 -0.08065893 -0.09606677  0.11703235  0.17184599  0.07874515  0.05566576
  0.04625492 -0.01233878 -0.0847638  -0.03011535  0.04471743  0.06733748
  0.00289346 -0.03538223 -0.09584597  0.04057775  0.09059998 -0.1925277
 -0.0460626   0.07619172 -0.00972633  0.00177225 -0.0313815   0.14126191
  0.06272702 -0.05158979  0.0265438   0.05679167  0.11430368 -0.06681854
  0.08427222  0.02445292  0.08460158 -0.04712529  0.06193414  0.14007254
 -0.00532366 -0.03445595  0.09936389 -0.00995278  0.01192529 -0.09448688
  0.03969733 -0.03612842  0.08546398 -0.07386231  0.06516688 -0.00154283
  0.19860587  0.09534328]