[ 0.04693043  0.11815452  0.04734299 -0.04456569  0.07935061  0.14302173
 -0.0646462  -0.03751309 -0.05339105 -0.08480606  0.10883709 -0.01222226
 -0.09137882 -0.05304455  0.03352906 -0.01904338 -0.10252222  0.12129358
  0.02323333 -0.06822924  0.12206696  0.14767079  0.10071823 -0.11427284
  0.11289499 -0.0679462   0.1074612   0.01216082  0.06084478  0.04233339
  0.003896   -0.21646453  0.06671395  0.01073006  0.15416697 -0.0265373
 -0.00402713 -0.07182173  0.08951546 -0.02224564 -0.01720453  0.01810846
  0.07419208  0.15780714 -0.19441529 -0.05398709  0.07689756 -0.06282962
 -0.10763264  0.09020557 -0.00328143  0.08172545 -0.09659515  0.07473788
 -0.04045088  0.00109602  0.03916489  0.01066659 -0.14786844 -0.03791081
 -0.07780597 -0.0919576   0.19659917 -0.01784151  0.10032728 -0.05506499
 -0.07219995 -0.03269443 -0.04836634  0.23554122  0.0737609   0.05888313
  0.00812951 -0.08415695 -0.02298231 -0.07282846 -0.06963646 -0.04606809
 -0.06883199 -0.01466588  0.00664854  0.07110678  0.0952782   0.09281696
 -0.01768111 -0.00863788 -0.04828705  0.02150335  0.01435465  0.12190726
  0.10380381 -0.12004875 -0.18637796  0.00991887  0.04705048 -0.14647628
 -0.10406338  0.17218965 -0.05281422  0.01101229 -0.05157544  0.07688344
  0.05476419 -0.08558711  0.02953248  0.08373635  0.10888852  0.04139614
  0.07601832 -0.07538778  0.05295791 -0.04385615 -0.00676031  0.12320784
  0.08286083 -0.02239642  0.06651055  0.01371961  0.09249564  0.06733232
  0.10322998 -0.05084232  0.0215767  -0.02722461  0.10966606 -0.01668131
  0.28342876  0.10981792]