[ 0.04062993  0.09808912  0.11190438 -0.06063322  0.05390808  0.06232432
 -0.02764993 -0.0233444  -0.14968997 -0.04115605  0.08067726  0.05190785
 -0.03122125 -0.02161806  0.0097319  -0.04550606 -0.12727253  0.12756638
  0.00873973  0.00711571  0.10714903  0.18897013  0.02124937 -0.05104818
  0.04473431  0.02326023  0.07615007  0.05142644  0.06393965  0.11313988
 -0.14834335 -0.20350981  0.03241825  0.02560322  0.14006487 -0.07890043
 -0.01322867 -0.04259375  0.06657568 -0.00845775 -0.03445935  0.02800395
  0.13197359  0.17909788 -0.20102534 -0.05992914  0.12395869 -0.07358858
 -0.09778262  0.11869649  0.10426521  0.03808464 -0.14684668  0.13560498
  0.07743834 -0.03234501  0.00658667  0.00545755 -0.08951695 -0.06564816
 -0.0103598  -0.10843441  0.13826534  0.09975176  0.036541   -0.09460765
 -0.04646953 -0.07715084 -0.01664094  0.13463841  0.08719965  0.03543571
  0.09487146 -0.02875527 -0.0100973  -0.05668437 -0.08879855 -0.04854579
  0.02181001  0.00545173  0.11128349  0.07950938  0.134077    0.09397267
  0.01242643 -0.06761642 -0.00149132  0.03758174  0.08550492  0.15016995
  0.03819977 -0.1060195  -0.16219139  0.00582693 -0.07828565 -0.16300234
 -0.07627495  0.14853598 -0.00835203 -0.04911974 -0.03575118  0.17189673
  0.11815634 -0.06079888 -0.03417687  0.05235347  0.04715267  0.07807912
  0.06651498 -0.06204531  0.12378898 -0.03510366 -0.07872496  0.12581322
 -0.0091725  -0.01474997  0.09394237 -0.00693309 -0.02332651 -0.01959394
  0.06939884 -0.02883183  0.04363244 -0.08507847  0.06698213  0.00664327
  0.26136404  0.09117872]