[ 7.21365213e-02  1.72811419e-01  4.54315618e-02 -2.51719560e-02
  9.07593295e-02  1.36548832e-01 -2.23873556e-02 -1.17905527e-01
 -1.34663686e-01  1.36265531e-02  1.18923977e-01 -1.15342094e-02
 -6.26664609e-02 -1.06360696e-01  6.57164976e-02  7.09900409e-02
 -1.33680433e-01  8.92838389e-02  2.72512343e-02 -6.83496594e-02
  8.20251331e-02  1.96139619e-01  4.62609157e-03 -1.04117669e-01
  1.02734469e-01  2.51350813e-02  5.75613864e-02 -7.02590542e-03
  1.45606056e-01  1.32660836e-01 -7.54789263e-02 -4.87017147e-02
 -3.28395516e-02  1.89931504e-02  1.42908603e-01 -2.99366899e-02
 -5.98297641e-03 -1.60615265e-01  1.80431545e-01  6.80825178e-05
 -4.51045483e-03 -8.97070467e-02  1.02429017e-01  1.38654679e-01
 -1.23064213e-01  6.78351447e-02  1.37780800e-01 -1.28363527e-03
 -1.68511689e-01  3.76553903e-03  9.28648934e-02  1.43183202e-01
 -1.15745157e-01  3.36082503e-02 -1.47367250e-02 -1.94007475e-02
  1.54487612e-02 -1.70865785e-02 -1.19598530e-01  5.11343889e-02
 -3.10493074e-02 -1.04570419e-01  1.69606015e-01  3.82790193e-02
  7.02337399e-02 -6.40365258e-02 -6.64742216e-02 -4.35655564e-02
 -6.02760026e-03  1.69831097e-01  1.17663648e-02  8.90792161e-02
 -1.03302849e-02 -4.68821861e-02 -1.17310174e-02 -8.48992169e-02
 -5.10467663e-02  1.45499799e-02 -7.58005902e-02  4.56066206e-02
  1.76864803e-01  8.17155316e-02  6.66383728e-02  8.68774056e-02
 -2.41710320e-02 -1.03054382e-03 -3.70350741e-02 -3.56688835e-02
 -3.80954668e-02  1.61122948e-01  9.15773660e-02 -3.57584283e-02
 -2.50893295e-01  7.83055723e-02 -7.05685019e-02 -8.17911923e-02
 -5.97472265e-02  1.09467812e-01  5.73123470e-02 -4.12165225e-02
 -1.84250716e-03  9.03895497e-02  5.29102050e-02 -4.52790521e-02
 -7.51061598e-04  6.26480132e-02  7.84084052e-02  1.45336375e-01
  8.82232189e-02 -5.78748574e-03  8.80220905e-02 -2.90297959e-02
 -7.02191219e-02  5.02849594e-02  6.80834800e-02 -3.40251476e-02
  1.43554006e-02  2.49843560e-02  2.15602182e-02  3.33128944e-02
  1.19727798e-01 -4.53812778e-02  8.90172273e-02 -1.53458798e-02
  6.43086955e-02  2.40260977e-02  2.28276089e-01  5.76809198e-02]