[-0.06077671  0.17460063  0.16525494 -0.01380393  0.0346188  -0.052545
  0.04010073 -0.06295847 -0.03039204  0.01459468  0.04984895 -0.03261616
  0.00207783  0.10277592  0.02411293  0.02139005  0.09692247  0.11531623
 -0.07487506 -0.01289833  0.06560054  0.12075574 -0.12629811 -0.07041202
 -0.06526987  0.00334748 -0.14366584  0.08214358  0.13464725  0.10355029
 -0.119441    0.07015178  0.059323    0.00245288  0.12948447  0.06465316
  0.11998355  0.03774333 -0.03806959 -0.04014165 -0.02371843  0.09102301
  0.0838013  -0.06110461  0.03348662  0.25983152  0.10702996 -0.07653537
 -0.19074914 -0.16705361 -0.03195616  0.0947948  -0.1070215   0.03726837
  0.04375485  0.05983078 -0.06751242 -0.08401972 -0.08264129  0.07896668
  0.04611691 -0.01789566 -0.0778485  -0.00175394  0.13846064 -0.04686079
 -0.00822169  0.01224565 -0.00489969  0.11974532  0.1397137  -0.11302399
  0.04748064 -0.11712825  0.01178987  0.12314735 -0.06367527  0.13577504
 -0.02926085 -0.28557843 -0.0043373   0.20658869 -0.08342024  0.06536947
  0.00058997  0.04715454 -0.01999134 -0.03046152 -0.11004266  0.17878196
  0.03891047 -0.07407495 -0.05578327  0.0015428  -0.01116636  0.01050172
  0.01567132 -0.00696767  0.03905499  0.0622061  -0.00570193  0.10707225
  0.00081693 -0.04033562 -0.05833629  0.06197134  0.02726285  0.00792698
  0.03483348 -0.05230132 -0.04454249 -0.15133417 -0.12122467 -0.02510767
  0.05340245 -0.04071913 -0.09604535 -0.16433759 -0.07377888 -0.0550439
 -0.0175879   0.07126736  0.00622057  0.07981178  0.13026375  0.07058216
  0.09426306 -0.10301325]