[-7.63184652e-02  2.17274278e-01 -3.57628278e-02 -9.41648483e-02
 -7.88360368e-03 -2.44994741e-02  2.47308221e-02 -1.58470437e-01
  5.65320775e-02 -2.99500134e-02  4.65002060e-02 -1.32761905e-02
  2.36156136e-02  1.01123184e-01 -6.90812692e-02  2.04823576e-02
  1.91168278e-03  1.08787701e-01 -8.36253464e-02 -1.00054823e-01
  5.56428470e-02  8.51787031e-02 -9.03194919e-02 -1.51017755e-01
 -5.69654629e-02  2.50940584e-02 -8.03954676e-02  3.61269116e-02
  1.39159366e-01  1.88843027e-01 -2.91803330e-02  1.13793150e-01
  1.01211205e-01 -7.06256926e-02  1.04809053e-01 -1.11478688e-02
  5.25377393e-02  8.34966823e-02  9.22686011e-02  3.43937464e-02
 -7.32211173e-02  6.81102648e-02  5.21892980e-02  4.11137976e-02
  4.91072312e-02  1.40156522e-01  6.57067001e-02 -8.76865909e-02
 -1.89870924e-01 -2.15439081e-01 -1.26452506e-01  7.38305226e-02
  8.97298567e-03  4.98963194e-03 -1.28013596e-01  1.04908809e-01
 -5.46487980e-02  8.07993561e-02 -1.69213682e-01  6.54490069e-02
 -3.78198549e-02 -4.59289644e-03  1.18124075e-01  3.48691037e-03
  8.59514028e-02  1.53785795e-02 -2.36243382e-02  1.38167916e-02
 -6.81701824e-02 -6.98344316e-03  1.29907623e-01 -1.74262732e-01
 -3.60476715e-03 -1.13121651e-01  2.75946874e-03  8.50427374e-02
 -9.92595032e-02 -1.21636435e-01 -1.11248620e-01 -1.88183069e-01
 -1.41399549e-02  1.49722159e-01 -9.65179503e-02  7.29502589e-02
 -8.78375173e-02  6.92331865e-02 -4.67242040e-02 -1.61012143e-01
 -9.34765115e-02  7.30917528e-02  9.66150407e-03 -1.76340789e-01
 -5.62288128e-02  2.49050539e-02  1.08830333e-01  1.87523160e-02
 -8.29348341e-02  3.22375372e-02  2.32909303e-02  1.30912215e-01
 -3.08129340e-02  1.30118905e-02 -2.74678543e-02  5.94672747e-02
 -8.49625170e-02  7.98484460e-02  3.67151126e-02  6.43580854e-02
 -1.98366295e-04 -9.87465680e-02  1.02247046e-02 -1.65706307e-01
 -1.33978531e-01  3.75174843e-02  5.15181990e-03 -2.08743312e-03
 -1.40938312e-01 -4.99341786e-02  1.02819599e-01 -3.08619216e-02
  3.02729793e-02 -3.35530154e-02 -4.68022190e-02 -3.11745377e-03
  9.66437757e-02  2.91398522e-02 -2.05798373e-02 -8.03221166e-02]