[-4.33740951e-02  1.62574068e-01  3.55319083e-02 -5.42488694e-02
  7.35878050e-02 -3.47755887e-02  3.48920189e-02  4.27702116e-03
 -6.05739057e-02  8.02409127e-02  9.13571846e-03 -5.00579588e-02
 -3.54868197e-03  7.39888176e-02  8.67861286e-02  2.30811965e-02
  1.75937101e-01  4.75744680e-02  4.19138297e-02 -1.71333998e-02
 -1.51993483e-02  5.56896627e-02 -1.03491232e-01 -7.91746005e-02
 -6.20777532e-03 -2.13821139e-02 -5.70234284e-02  5.69153093e-02
  1.29152820e-01  7.51861557e-02 -5.09106927e-02  5.79750389e-02
  9.93332490e-02 -2.32615378e-02  7.68559128e-02  7.08397180e-02
  1.10033877e-01 -4.11653146e-02 -1.24278823e-02 -7.13087469e-02
 -2.37040613e-02  8.60395469e-03  7.46792555e-02 -5.07318825e-02
  4.44155224e-02  3.30639303e-01  7.78767243e-02 -3.24782319e-02
 -2.31801391e-01 -2.14569688e-01 -8.71002153e-02  8.66509005e-02
 -2.38388237e-02 -7.39465207e-02 -3.17595303e-02  8.81384611e-02
 -1.15001068e-01 -4.11626212e-02 -1.04524061e-01  1.28715619e-01
  1.58782788e-02 -1.18627271e-03 -5.62216341e-02 -7.52567425e-02
  1.44578442e-01  1.11490777e-02 -6.51111156e-02  4.73415777e-02
 -5.34951650e-02  1.41365705e-02  8.35559443e-02 -1.04969233e-01
 -7.05838278e-02 -1.95587724e-01  2.72289161e-02  1.69428214e-01
  1.24134887e-02  1.48458913e-01 -1.21884588e-02 -2.23052606e-01
 -9.50877592e-02  1.05654679e-01 -1.20386928e-01  6.89186156e-02
  1.03891059e-03  5.47612049e-02 -6.11032210e-02 -6.51277453e-02
 -8.20777342e-02  1.58130229e-01  3.15589495e-02 -2.77073234e-02
 -8.78267884e-02  7.95523003e-02  6.33771420e-02  6.76288754e-02
  5.22680953e-02 -4.98020835e-02  1.28307939e-02  2.22755466e-02
 -1.11287665e-02  4.01863120e-02 -4.25323956e-02 -6.79982379e-02
 -1.28497943e-01  1.02617987e-01  2.76873335e-02 -1.45858442e-02
  1.58494171e-02 -5.40228970e-02 -1.25956694e-02 -1.50427818e-01
 -5.83124496e-02 -6.85661584e-02  7.50592500e-02 -6.53605834e-02
 -1.53970629e-01 -1.42567784e-01 -2.86194663e-05  2.13294886e-02
 -8.81655980e-03 -3.34405736e-03 -2.75049079e-02  1.08650923e-01
  1.27946958e-01  7.01194480e-02  3.99174727e-02 -1.66784048e-01]