[-5.66690005e-02  2.46782169e-01  1.29877850e-01 -9.88561846e-03
  1.82677563e-02 -7.79321138e-03  6.52407780e-02 -1.58885956e-01
 -3.96306440e-02 -5.05372584e-02  4.62700352e-02  2.72414461e-02
 -6.23903424e-02  7.49757653e-03 -1.62231358e-04 -4.09500524e-02
 -7.49903694e-02 -7.39619415e-03 -3.93627062e-02 -6.42650127e-02
  7.51998974e-03  1.05940863e-01 -1.70467347e-01 -9.16491225e-02
  1.82691347e-02  3.32200341e-02 -1.26188636e-01  6.03386015e-02
  1.23252295e-01  1.37174979e-01 -8.15139338e-02  3.27906832e-02
 -5.57101681e-04 -2.29684152e-02  8.87190700e-02  1.59366373e-02
  6.82564303e-02 -3.61406095e-02  1.00481577e-01  5.14142737e-02
  7.06241503e-02 -4.19566222e-03  8.36843476e-02 -4.66834754e-02
  1.99880116e-02  2.65972018e-01  1.26141474e-01 -1.21742807e-01
 -2.14830846e-01 -1.78835675e-01 -7.71082342e-02  1.59047395e-01
 -3.57380435e-02  3.97197045e-02  3.31145115e-02  5.37774228e-02
 -8.76290053e-02  3.27906311e-02 -1.82765797e-01  1.15584962e-01
 -4.04269341e-03  7.88805820e-03  4.88098301e-02  1.28270015e-02
  8.76181647e-02  2.28182022e-02  3.44447158e-02 -2.93091796e-02
 -2.46879570e-02  4.14497145e-02  1.32966369e-01 -4.98155244e-02
  1.03298416e-02 -3.52546899e-03  1.42089784e-01  1.34967208e-01
 -1.05638146e-01  9.73837171e-03 -5.09980172e-02 -9.24996212e-02
 -1.56823115e-03  1.55454546e-01  1.44002121e-02  1.23205841e-01
 -5.79499602e-02  8.91392380e-02  1.46126784e-02 -9.08882990e-02
 -1.59523070e-01  1.01699620e-01  4.94965315e-02 -1.20333634e-01
 -1.32034123e-02  3.45923267e-02 -7.29094446e-02 -7.33655021e-02
  7.72942137e-03 -5.44757508e-02  1.19055666e-01  2.96775419e-02
 -8.21364895e-02  7.27277100e-02 -2.62985192e-03  2.70691086e-02
 -9.97412726e-02  1.18887551e-01  6.05179779e-02  1.84190243e-01
 -4.16835956e-02 -4.05472219e-02  7.23826364e-02 -1.59241870e-01
 -1.69730946e-01 -1.45911435e-02 -1.82704709e-03 -9.25136171e-03
 -1.48523167e-01 -5.73967434e-02  3.02640740e-02 -1.72837097e-02
  4.38502021e-02  2.25993544e-02 -4.42063808e-02  2.82025672e-02
  1.04513004e-01  1.13326482e-01  6.57131895e-02 -5.03908880e-02]