[ 1.32473093e-02  1.71358064e-01  2.64333546e-01  1.35589823e-01
  9.68020968e-03  6.97929561e-02  4.97482531e-03 -1.74115479e-01
  1.19547300e-01 -1.34211823e-01 -3.29065928e-03  1.54450787e-02
 -7.42739215e-02 -7.07795564e-03  4.09330167e-02  2.99298065e-03
  1.10472962e-02  5.80516756e-02 -1.59089476e-01 -9.54887792e-02
  6.88776150e-02  9.13606286e-02 -1.70163829e-02  1.58281773e-01
  1.44063696e-01 -1.81107193e-01 -7.40964636e-02  1.01447545e-01
  2.09019128e-02  9.39985886e-02  1.05287746e-01  5.46695739e-02
 -1.25117796e-02  1.00346953e-01  4.94965725e-02 -8.47860947e-02
  7.28216171e-02  1.68939680e-02  4.80849035e-02  1.43050682e-02
  5.51803596e-02  5.70889236e-03  1.05545893e-01 -2.05693319e-01
  7.21355379e-02 -1.06200077e-01 -8.94481223e-03 -7.73577914e-02
 -2.35699266e-02 -2.20763817e-04  1.34419560e-01  2.01367773e-02
  1.09019667e-01  7.72408908e-03 -3.11113312e-03  3.78432274e-02
 -2.61553023e-02  3.93270366e-02 -4.10024002e-02 -5.07925935e-02
 -5.95185459e-02  4.37724888e-02 -1.03832103e-01 -1.50980815e-01
  2.85366513e-02  1.51861534e-01  4.62144464e-02 -1.05926998e-01
 -2.71335512e-01  1.16932906e-01  9.61363316e-03  9.07066464e-03
 -2.56161727e-02  2.00949963e-02  7.75877833e-02  2.68749408e-02
  5.69254085e-02 -1.37936071e-01 -4.01071943e-02  3.70641463e-02
  3.85426171e-02  8.94093290e-02  8.64191651e-02  7.15198694e-03
  8.55766013e-02 -4.08286117e-02 -7.05574453e-02 -5.56992479e-02
 -1.55883119e-01  1.20728582e-01 -2.08744500e-02 -1.45426929e-01
  6.20166287e-02  7.12792724e-02 -4.02142927e-02  3.92344408e-02
 -7.89898112e-02  4.12885478e-04  6.63197339e-02  6.81041479e-02
  3.11399288e-02 -1.26700010e-02 -6.50553256e-02  1.61577851e-01
  2.27547921e-02  1.28263398e-03  6.30856380e-02 -4.46582660e-02
 -1.46185830e-02 -7.53533095e-02 -3.02167162e-02  2.19255127e-02
 -8.40516202e-03  8.48810300e-02  2.62180455e-02 -3.01404521e-02
 -1.23299196e-01  1.79577738e-01 -3.44704092e-02  6.78584948e-02
  6.56329319e-02  8.93644989e-02 -8.02643970e-02 -8.15962330e-02
  1.35657087e-01  1.00054018e-01  7.44772851e-02 -8.19051266e-02]