[ 4.49641049e-02  6.49969801e-02  1.38095871e-01  1.84046440e-02
 -8.37396681e-02  1.41783357e-01 -9.59347561e-02  5.58684655e-02
  7.97607377e-02 -4.10818383e-02  1.28197297e-01 -7.29339197e-03
 -3.88744548e-02  5.09182166e-04  9.82727110e-02 -1.55275136e-01
 -5.03293425e-03  2.95259785e-02 -5.59724867e-03 -2.24881526e-02
 -1.40076643e-03  1.12620026e-01  5.59614189e-02  1.04379170e-01
  3.04621384e-02 -1.32719263e-01  1.15323365e-01  9.05212983e-02
 -6.79218248e-02 -4.33750935e-02  7.66726136e-02 -2.65628278e-01
  9.05020162e-02  9.98781919e-02  4.18774523e-02  5.71827106e-02
  3.15897912e-02  8.97136796e-03 -7.96199888e-02  4.67448570e-02
 -3.53294909e-02 -1.23409312e-02 -9.31257829e-02 -8.78349785e-03
 -1.01328433e-01 -2.04728052e-01 -7.99058378e-02  8.68430734e-03
  2.81095877e-02  1.90108210e-01  7.59089887e-02  1.02074869e-01
 -4.75739092e-02  5.71091734e-02  1.79072898e-02  3.34547348e-02
 -7.88990110e-02 -3.39104757e-02 -6.57006577e-02 -8.66058916e-02
 -1.42136171e-01 -6.83736950e-02  4.97479290e-02 -1.32189631e-01
  2.50131037e-04 -1.54151814e-02  9.31101665e-02 -2.47322340e-02
 -1.52046725e-01  2.13179812e-01  5.93192279e-02 -2.30031442e-02
 -7.88769964e-03 -1.16296178e-02  2.08890289e-02 -6.50859177e-02
  4.08341846e-04 -5.82372919e-02  3.52546759e-02  6.95720315e-02
 -6.79268539e-02 -4.60004658e-02  1.26525566e-01 -1.70871411e-02
  6.72337338e-02 -8.29183906e-02 -1.36080245e-02 -6.11905847e-03
  9.19369906e-02  1.44594148e-01  3.83994542e-03 -1.64281130e-01
  7.10558668e-02  6.25292733e-02 -1.32187549e-02 -1.40978336e-01
 -6.57851696e-02 -4.31940258e-02 -5.51882312e-02 -3.79679305e-03
  2.63858996e-02  1.45602718e-01 -4.53390554e-02 -1.13023005e-01
  5.52823618e-02  7.44230002e-02  8.24494213e-02 -1.88163534e-01
  4.79596201e-03 -3.82359587e-02  2.13770978e-02  2.61171032e-02
  6.90935180e-02  1.04207180e-01  4.30659838e-02 -3.26747634e-02
  9.70208347e-02  1.39470752e-02  6.97200894e-02  7.88298994e-02
  8.18578079e-02 -1.00025073e-01 -2.52154656e-02  1.32533545e-02
  1.84358150e-01  8.44056159e-03  2.86977440e-01  9.60491598e-02]