[-0.04111352  0.13702215  0.11640144  0.01334293 -0.01659031  0.10173298
 -0.06782621  0.04978683  0.18324736 -0.03466643  0.12105905  0.02791332
 -0.05975294 -0.10476813  0.03223439 -0.12316879 -0.09257428  0.07067811
 -0.08250958 -0.02145579  0.07933285  0.01515639  0.00773972 -0.00139985
  0.08649076 -0.15143526  0.04457964  0.02883511 -0.06851327 -0.00272568
  0.09312087 -0.19163555  0.13976957  0.09882538  0.06835305  0.01497902
  0.09435794 -0.01033673 -0.01216456 -0.01907823  0.06366556 -0.06605823
  0.00403009 -0.00742881 -0.0858673  -0.19262709 -0.02207625 -0.05899696
 -0.01305112  0.1200043  -0.02988732  0.05807525 -0.08799681  0.07899873
  0.02470172  0.0540183  -0.08915819 -0.13426758 -0.20025234 -0.08977611
 -0.1013725  -0.14632861  0.04283406 -0.11119947  0.04629613 -0.0060199
  0.02256913  0.00655002 -0.09683149  0.15508318  0.07899405 -0.00661872
 -0.0471938  -0.07207073  0.04486247  0.00623321 -0.01724206  0.01223527
 -0.01629217 -0.00031474 -0.17670721  0.05014509  0.12047612  0.1218553
  0.01910364  0.04396021  0.0163993   0.06259761  0.11203738  0.10571168
 -0.00959668 -0.22460714  0.00797228  0.02987877 -0.04728433 -0.17322455
 -0.14608698 -0.03757731 -0.07523371  0.01501874 -0.00497149 -0.00076105
 -0.05382372 -0.07920095  0.12815267  0.09339046  0.07709958 -0.04877178
 -0.05064739 -0.03283028 -0.08241166 -0.05313719 -0.02278585  0.1002735
  0.06719128 -0.06626736  0.02139495 -0.01196241  0.10945012  0.09470747
  0.1084492   0.03293859 -0.04170871  0.0795696   0.20874782 -0.01973848
  0.26389128  0.09776293]