[-0.00987304  0.18790911  0.18631376  0.14993042  0.0196949   0.08152983
 -0.05297673 -0.08509532  0.13495243 -0.01906731  0.09809624  0.0080463
 -0.11524288 -0.08220796  0.10233145 -0.09885746 -0.02643227  0.15607639
 -0.06206132 -0.052072    0.02947081  0.06811682 -0.02766382  0.03676359
  0.18318261 -0.215055   -0.02608941  0.07490367 -0.07117414  0.06630687
  0.06656873 -0.07085647  0.06296453  0.09416715  0.10918183 -0.00805626
  0.10555352 -0.13238402 -0.00039062 -0.05233983  0.08916703 -0.0443998
  0.10239451 -0.04695286 -0.07680389 -0.15152746  0.02430037 -0.05133427
  0.01648755  0.07887885  0.13054059  0.03949848 -0.05921326  0.03261231
  0.02278656  0.04196283 -0.10849208 -0.16820076 -0.07001697 -0.05426449
 -0.05109574 -0.10227963 -0.08546773 -0.12685111  0.05602264  0.039047
  0.05033327 -0.11353374 -0.14280277  0.18979241  0.05394273  0.05868287
  0.03253849 -0.0405366  -0.01720827 -0.03573893  0.01174602 -0.00847468
 -0.05933587 -0.03445653 -0.05242046  0.12257174  0.06484054  0.0706794
  0.09964903  0.02237468 -0.07278807 -0.00979601  0.0089153   0.1531042
 -0.0333972  -0.14439709 -0.00774649 -0.02531289 -0.07750075 -0.11926091
 -0.13145244 -0.03958471 -0.00659585  0.01069286 -0.01565002  0.02344206
  0.04924865 -0.06896342  0.08815279  0.05130633  0.10573518 -0.03611313
 -0.03823423  0.06857394 -0.05666323 -0.06240733 -0.00915898  0.06568466
  0.00464954 -0.16672     0.03593402  0.02249841  0.04421581  0.00287867
  0.11816449  0.09450712 -0.03386774  0.05856614  0.23643212 -0.04035837
  0.25259688  0.03306013]