[ 0.07430594  0.0616988   0.1141836   0.08131647 -0.0244382   0.15907079
 -0.10075925 -0.00388164  0.10347629 -0.06777591  0.12520032  0.04828003
 -0.05190257 -0.05092939  0.06367572 -0.115822    0.02588757  0.0275772
 -0.0047156   0.02969421  0.03649794  0.08261539  0.04623283  0.11980481
  0.07842746 -0.15024495  0.08887406  0.04030655 -0.09646264  0.00802342
  0.10017664 -0.18821578  0.09598934  0.12487596  0.04767468  0.0692408
  0.08190287 -0.0392605  -0.03045898 -0.02165791 -0.00814872 -0.04713285
 -0.02174479 -0.052828   -0.09033106 -0.19281915 -0.02903631 -0.00620593
  0.02647643  0.19859725  0.09334727  0.07598294 -0.0269728   0.05465128
  0.0623731   0.02567375 -0.09151528 -0.06700767 -0.10449259 -0.06906943
 -0.12082449 -0.08739515  0.0428513  -0.2110709   0.0456186  -0.04107937
  0.0619285  -0.0291429  -0.17987068  0.20285746  0.03458944  0.00650057
 -0.06887599 -0.04485035  0.00063233 -0.02918391  0.07170931  0.00283457
  0.01312034  0.09217626 -0.09018425 -0.01221771  0.1193373   0.02013975
  0.08624497 -0.05735818 -0.03385941  0.01738636  0.06742203  0.15560724
  0.00376632 -0.17609979  0.03490283  0.120321   -0.03528275 -0.11730351
 -0.06948465 -0.04988885 -0.05527116 -0.01483951  0.03593677  0.09861402
 -0.08853504 -0.07692708  0.0761503   0.0838124   0.09397467 -0.15799089
 -0.03631719  0.00439385 -0.04946828  0.00419894  0.06273264  0.10976049
  0.05497551 -0.05502358  0.06743783  0.01173172  0.03333652  0.12870489
  0.08457872 -0.02586559  0.0011903   0.03105544  0.20191829  0.0172403
  0.30243018  0.06125612]