[ 0.05938238  0.17352575  0.10335048  0.05035952 -0.10834628  0.17678399
 -0.04484816  0.03426297  0.05415192  0.03765516  0.17022786 -0.0385315
 -0.01183104 -0.05747126  0.05492335 -0.12905569  0.01336027  0.12540075
 -0.07137699 -0.05054748  0.01303861  0.02928353 -0.03534063  0.09685178
  0.03802766 -0.16160966  0.02310853  0.07836816 -0.07099672 -0.00444983
  0.03844184 -0.13905677 -0.00088615  0.14614451  0.01615221  0.0248367
  0.03694626 -0.04511847 -0.0220961   0.04708133 -0.04910812 -0.06559896
 -0.03727851 -0.0297144  -0.00594069 -0.23427179 -0.01222006  0.01296808
 -0.0935661   0.15679628  0.13095449  0.05435223 -0.13760462  0.05331304
 -0.03743611  0.07051167 -0.13499197 -0.03955558 -0.02667651 -0.0847838
 -0.07362998 -0.03997989  0.05816225 -0.20917368  0.00305807  0.02788889
  0.10663787 -0.05211968 -0.19151799  0.20844449  0.02655711 -0.00130507
  0.00076169  0.04538605 -0.04911035 -0.12899621  0.06554962 -0.03007258
 -0.00412223 -0.03534079 -0.10348904  0.00196006  0.04084137 -0.0794096
 -0.0040113  -0.00463989 -0.04288036 -0.1030815   0.14788021  0.15407836
 -0.0038516  -0.20926873  0.06161677  0.01671477  0.02190501 -0.06927316
 -0.07031943 -0.06903779 -0.06958937  0.05134398 -0.01469066  0.11399757
 -0.0612865  -0.02424906  0.07242943  0.10727386  0.04380232 -0.12784657
 -0.07772448 -0.02599748 -0.0128069   0.0351765   0.05279842  0.08144978
  0.05809294 -0.11840987  0.08790457 -0.00089174  0.11581632  0.00975962
  0.07132442 -0.06677675  0.02833312  0.08503522  0.2232807  -0.04821958
  0.22067828 -0.00828488]