[ 0.11507708  0.09351223  0.02548241  0.0231687  -0.00323031  0.17455438
 -0.00546342 -0.0022902   0.02497341 -0.05508538  0.21686503 -0.0179313
  0.07323193 -0.03017447  0.03373955  0.04057698 -0.02044547  0.00147345
 -0.15579748  0.02667556  0.15116596 -0.01909843  0.05251809  0.13617346
  0.09838656 -0.10231118  0.0446934  -0.00771239  0.09872473  0.03666582
  0.08582609 -0.02523668  0.00337695  0.14140266 -0.06213721  0.01127948
 -0.03024312  0.08024322  0.06776899  0.00610061 -0.00864062 -0.09212417
 -0.03840393 -0.00194272 -0.04100451 -0.19886136 -0.01511915  0.02404291
 -0.0965244   0.05675581  0.00487691  0.0703266  -0.07043194  0.02495337
 -0.02121129  0.02559517 -0.07945602  0.10596259 -0.09265772 -0.07941052
 -0.17655228 -0.07950239  0.17713693 -0.1359695  -0.03452809  0.14178555
  0.00042732  0.04590284 -0.15881763  0.08658823 -0.03106375  0.02036632
 -0.10041018 -0.01379753  0.1038364  -0.11529479  0.07957854 -0.05670754
 -0.03332199  0.16044371 -0.00562298 -0.08039059  0.08941484 -0.09258549
 -0.04542206  0.06678162  0.00858281 -0.03583992  0.02943713  0.08197294
  0.10656688 -0.21669906 -0.08337288  0.12666427 -0.0192735  -0.0670694
 -0.13495362  0.01595649  0.00569158 -0.01001003  0.03124204 -0.0114498
 -0.06790946  0.10830627  0.02321552  0.13765153  0.01776818  0.04602959
  0.10140065 -0.21410736 -0.0380757   0.15698968 -0.03248344  0.12342411
  0.15905613  0.03049723 -0.05917273  0.08887169  0.10704141  0.18298645
  0.05125625 -0.08364489 -0.01523522  0.08288196  0.06078265  0.06601488
  0.15833494  0.03361118]