[ 0.0317575   0.10865308 -0.00617363  0.02846628  0.07660951  0.21180205
 -0.0039122  -0.09072419 -0.00466412 -0.03884096  0.16341589  0.04846772
  0.01855957 -0.04676091  0.03130634  0.08380824 -0.06917425  0.02652017
 -0.0704953  -0.04497108  0.14198327  0.00933953  0.07280902  0.08236677
  0.14817849 -0.05276798  0.03998014 -0.03951018  0.12976538  0.0723391
  0.11275449  0.02522913 -0.00792333  0.08173622 -0.02479238  0.02790847
 -0.03636714 -0.03141188  0.12197933  0.04054355  0.08361287 -0.07632373
  0.04830988  0.03099564 -0.10754345 -0.18190214  0.06565247 -0.01656039
 -0.06667241 -0.01802146  0.0306708   0.0516818  -0.06263469  0.00132903
  0.00129174  0.075112   -0.01658826  0.1554103  -0.11813099 -0.00486081
 -0.20457505 -0.07052904  0.21059905 -0.15211442  0.07632156  0.11376216
 -0.04404569 -0.010952   -0.1513619   0.15154256 -0.03517718  0.12496921
 -0.10122187  0.00257976  0.11609378 -0.05921998  0.04490137 -0.02339979
 -0.10683076  0.08386105  0.0091243  -0.00086057  0.15311566  0.02170688
 -0.09714585  0.05410846  0.04454587 -0.01358763 -0.05704064  0.03544174
  0.07826757 -0.16365254 -0.11964271  0.08897862  0.02020951 -0.06580163
 -0.13756409  0.09637652  0.01673466  0.02879692 -0.01912731 -0.04584825
 -0.03541585  0.1233849   0.03474584  0.13881713  0.02312038  0.07630867
  0.06934903 -0.16301993 -0.06128679  0.0960312  -0.01768241  0.09387633
  0.14106104  0.01905724 -0.02184854  0.10074779  0.10822224  0.21914652
  0.12488518 -0.09603332 -0.01665504 -0.00246201 -0.02382902  0.13172382
  0.09282398  0.09766158]