[ 0.00823602  0.07868864  0.035495   -0.13572516  0.07115322  0.11911549
 -0.1177088   0.03532409 -0.11158198 -0.07282197  0.04852304 -0.08081608
  0.0301268   0.13818862  0.15535733  0.05388944  0.09005991 -0.04470433
  0.05726945 -0.04744168  0.10195225  0.06218155  0.15182747  0.05340738
  0.1283526   0.00939575  0.11034077  0.00849307  0.16522081 -0.0598342
  0.16492634 -0.11196259  0.05051744  0.03813147 -0.03529157  0.0875959
  0.00716903  0.09928624  0.08408879  0.06925245 -0.02177965  0.0866038
  0.02344946  0.03142949 -0.05768169 -0.02018706  0.09560866 -0.0359764
 -0.11391551 -0.02500193 -0.10000966  0.01061709 -0.0204912  -0.00412174
 -0.05851529  0.06411298  0.04084723  0.22487634 -0.04511532 -0.09669431
 -0.14778426  0.0263448   0.12996431 -0.12008659  0.0397352   0.12370124
 -0.0066037   0.08612844 -0.04127676  0.1391512  -0.00504146  0.08062518
 -0.11683235 -0.02362547  0.13390155 -0.08528164 -0.02116351  0.01358274
 -0.00454405  0.0021241  -0.05898665  0.07125982  0.07131761 -0.03236534
 -0.02682356 -0.04042425 -0.00134081  0.02994497 -0.02041478 -0.01805124
  0.12255459 -0.05403522 -0.0514297   0.04691194  0.19380577 -0.03579396
 -0.06668668  0.21298786 -0.08581674  0.00675721 -0.16287857 -0.05558059
 -0.03448863  0.09767226 -0.13292992  0.14936732 -0.05537963 -0.07777015
  0.15286523 -0.23834404  0.01923367  0.11092128 -0.02802727  0.11057141
  0.13205418  0.02319459 -0.03911645 -0.09482493  0.0550882   0.15115121
  0.07130482 -0.01601102 -0.03434591  0.01839136 -0.10615089  0.0267454
  0.0455466   0.05581417]