[ 0.08544783  0.19003473  0.01515011 -0.12361403  0.04646848  0.05382217
 -0.01243814 -0.08929039 -0.12556043 -0.03411992  0.07607397 -0.10529581
 -0.01720332  0.07205515  0.13490541 -0.02629468 -0.01854158 -0.06447735
  0.02741668 -0.01588396 -0.08030771  0.1610823   0.02964551 -0.11529583
  0.06367474 -0.03225452  0.06958576  0.15566342  0.15970157  0.02687698
 -0.04925657 -0.08876847  0.01827047  0.00094095  0.05344897 -0.00735569
  0.03956544 -0.01814887  0.15734389  0.00468056 -0.03238337 -0.04997049
  0.02739377 -0.03107714 -0.08184792  0.19051225 -0.00651374  0.07281636
 -0.17282434  0.02468886 -0.13228795  0.1857616   0.01096381  0.02414553
 -0.12166834 -0.06405313 -0.0339876   0.06543097 -0.17009775  0.0562729
 -0.09165016  0.06588147  0.13855074  0.01157576 -0.06057509  0.18711485
 -0.02900548  0.06520218 -0.088892   -0.0308044   0.03594226 -0.04913981
 -0.03314305  0.0112707   0.14566189 -0.02561397 -0.00194578 -0.17247137
  0.04390788  0.06078411  0.1252258  -0.03455057  0.01322335  0.01956243
  0.02390198  0.01559673 -0.13344343 -0.06915192 -0.01541917  0.16627997
  0.17043328 -0.06771838 -0.06138786  0.14961869 -0.007266   -0.12281092
 -0.04442285  0.04099682  0.04451023 -0.08081441 -0.01322766  0.05006807
  0.01037578 -0.03010637 -0.12129126  0.16014938  0.08330858  0.11195787
  0.11944596 -0.07394737  0.20996848 -0.00264998 -0.01322638  0.13748844
 -0.01258569 -0.02362179 -0.08603837  0.11774833  0.0872076   0.0546914
  0.04166755 -0.14307049 -0.00194481  0.02102051  0.04906922  0.01253522
  0.1177839  -0.05469351]