[ 0.16889445  0.0659782   0.10656248  0.17199841  0.09529305  0.1496702
  0.09848914 -0.1229144   0.10442995 -0.06828132  0.06636663  0.01000748
  0.00121148  0.02564549  0.08807437 -0.00819747  0.08802393  0.06228026
 -0.13501665 -0.04200158  0.04388533  0.07765677  0.0440569   0.12805672
  0.11818685 -0.26072136 -0.07639417  0.03061279 -0.04663925  0.10810432
  0.086564    0.06727728 -0.07742004  0.1060688   0.03731375 -0.04863878
  0.08966032  0.01635154  0.03920462 -0.01709614  0.04285278  0.02968296
  0.01252475 -0.1992445  -0.07120824 -0.14846459 -0.11305455  0.00525133
  0.0938142   0.06330445  0.16200206 -0.01048852  0.03242115  0.01907355
 -0.02439607 -0.01372523 -0.03579214  0.04085004 -0.02942213  0.02557231
 -0.08418308 -0.00569026 -0.05413099 -0.28949562  0.05396368  0.08918876
  0.05586785 -0.0033547  -0.23432943  0.08372083  0.03693537  0.12010151
 -0.00630312 -0.01633223 -0.04040344  0.01977003  0.12144739 -0.11588789
 -0.03889678  0.06542751  0.05907303 -0.00406388  0.06510741 -0.03691126
  0.09839056 -0.03688096 -0.04077507 -0.04856039 -0.10920601  0.08481829
  0.00968261 -0.16447885  0.04121092  0.07634372 -0.06942492 -0.04550369
 -0.0536276  -0.09013808  0.04825808  0.09956893  0.08617835  0.02272488
 -0.03280452  0.11041101  0.02373674 -0.02171921  0.06070223 -0.08452579
 -0.00639557  0.02557907 -0.04032727  0.03196734  0.07939526  0.10694981
  0.03488751 -0.01222865 -0.08745304  0.22706275 -0.1098735   0.08637582
  0.00462627  0.02933376 -0.04955426  0.03059814  0.1799715   0.05030186
  0.03601105 -0.06810678]