[ 0.00328223  0.12562107  0.24628957  0.1571255   0.00653944  0.11983819
  0.05664042 -0.13528904  0.13795838 -0.12688965 -0.00219445  0.00370774
 -0.07193113 -0.05463877  0.08357131 -0.05480644 -0.07103553  0.02700037
 -0.1171471  -0.1236978   0.079222    0.0656923  -0.02469539  0.1394574
  0.16815346 -0.21946448 -0.14572465  0.01980648 -0.00670606  0.08116262
  0.17934696 -0.00177046 -0.06459302  0.06766821  0.08227765 -0.07149278
  0.05206286 -0.02595446  0.06524201  0.03584673  0.11738161  0.00333221
  0.04677416 -0.16476479  0.0170472  -0.18356466 -0.04510992 -0.07178562
  0.07055063 -0.00416195  0.08291648  0.00141781  0.11773065  0.00884186
 -0.00775694  0.03262721 -0.0198739   0.04620316 -0.06351376 -0.05300727
 -0.09581883  0.03860042 -0.08966582 -0.16750738  0.0208918   0.13091119
  0.10956278 -0.13296379 -0.22059281  0.05895701  0.03566121  0.0933667
 -0.00521677  0.04074103  0.06871238  0.00963143 -0.00422724 -0.15986072
 -0.00987422  0.13922583  0.0199457   0.05018839  0.13564387  0.04875859
  0.08176284 -0.02081102 -0.01035532 -0.03974867 -0.15409823  0.02549228
 -0.01058815 -0.12598178  0.10591997  0.0197183  -0.1028133  -0.06699875
 -0.08353138 -0.0284248   0.02586755  0.09314655  0.03633486 -0.01564923
 -0.03285287  0.1032443   0.04316995  0.01165181  0.10076279 -0.0223523
 -0.00861518  0.01982715 -0.03217658 -0.03046839 -0.03538654  0.04268402
  0.00658291  0.01968241 -0.08242859  0.20502421 -0.04742389  0.06920334
  0.06858721  0.0417015  -0.11319119 -0.06463702  0.09752408  0.09690126
  0.0476624   0.02027463]