[ 0.07355373  0.06685545  0.17303573  0.12820624 -0.01166193  0.10004607
 -0.03509428 -0.13615589  0.15093113 -0.11697432  0.04269509  0.04181518
 -0.0960326   0.06698424  0.01355179 -0.06921821  0.07633874 -0.01402408
 -0.09134448 -0.06599831 -0.03747308  0.08361696  0.00893484  0.16455291
  0.10134244 -0.15800178  0.04906692  0.17456727 -0.04697799 -0.01172876
  0.10955127 -0.02433144 -0.03627371  0.06792375 -0.03729413 -0.00078766
  0.0321806   0.02480792  0.00713019  0.07944273  0.03151619  0.0466055
 -0.04181065 -0.23518498  0.03781107 -0.15722461 -0.12845954 -0.03125102
  0.09657456  0.07017019  0.12350397  0.10550993  0.05878395  0.00743766
 -0.0216438  -0.00115758 -0.0555983   0.07354757 -0.05470326  0.00179461
 -0.08578597  0.04525521 -0.02914301 -0.19740088 -0.007616    0.10698047
  0.10980607 -0.01409741 -0.23834933  0.19265828  0.0345441   0.0468286
 -0.00617399  0.0750941   0.06110835  0.00563426  0.10853696 -0.11757085
 -0.04755078  0.02942187 -0.00848463  0.03839517  0.12620929 -0.04442174
  0.09604622 -0.09621032 -0.04296504 -0.01322567 -0.09664404  0.05903799
 -0.03001698 -0.13431366  0.15632568  0.12061098  0.03063388 -0.03742137
 -0.02285688 -0.12639034  0.04838856  0.05451531  0.0106451   0.01619786
 -0.11733656  0.11287414  0.0439706   0.02387787  0.05695995 -0.15889002
 -0.05033747 -0.04554033 -0.00109434  0.07036269  0.11824098  0.15099497
  0.02900187 -0.04071648 -0.06588098  0.18605222 -0.00214377  0.07055836
  0.02303189  0.02485903 -0.05413597 -0.07576245  0.15850686  0.09056793
  0.06212664 -0.03865471]