[ 2.91645024e-02  1.62646517e-01 -2.75173001e-02 -1.17525561e-02
  1.55710122e-02  7.10354224e-02 -5.43180890e-02 -6.21203855e-02
 -7.32815191e-02 -4.35459465e-02  8.88828486e-02 -2.86282301e-02
 -3.43528390e-02  8.71943403e-03  1.48873970e-01 -3.44196968e-02
 -4.39410210e-02 -2.01304212e-01  1.21386521e-01  3.33563425e-02
 -9.28865746e-02  4.23274301e-02  2.03286577e-02 -7.96888173e-02
  1.05874509e-01  4.32952940e-02  5.69636114e-02 -4.69359849e-03
  5.74687198e-02 -6.22491818e-03  2.38001533e-02  2.19577122e-02
  8.52614865e-02  6.28787130e-02 -3.64812575e-02  1.02533922e-01
  1.58990353e-01 -2.87773740e-03  1.43486083e-01  2.36242488e-02
  1.11685812e-01 -1.44859657e-01  5.11499718e-02 -8.83351192e-02
 -1.09775186e-01  1.88973874e-01  1.33968279e-01 -3.45097780e-02
 -1.45201176e-01 -3.51260277e-03 -1.37199163e-01  1.44767389e-01
  2.35324800e-02  8.13101456e-02  5.32833859e-02 -1.00619480e-04
 -3.58771197e-02 -1.64014231e-02 -1.61392018e-01  3.52963768e-02
 -1.42798245e-01 -1.81110427e-02  9.00421292e-02 -1.40031964e-01
  2.69458201e-02  1.82064921e-01  6.12200201e-02  4.59124595e-02
  1.44556845e-02 -3.81702441e-03 -4.45778742e-02  1.75220277e-02
 -1.30481601e-01  6.75061420e-02  2.98009783e-01  1.19442698e-02
  9.69072524e-03  1.45416372e-02 -1.91297606e-02  9.39101800e-02
 -3.02993264e-02  2.01612618e-02  4.65651639e-02  3.70399989e-02
  1.39233675e-02  1.22831561e-01 -3.31252776e-02 -1.71126295e-02
 -5.15836552e-02  7.87680224e-02  1.55028671e-01 -9.19705033e-02
 -2.12752372e-02  1.03704132e-01 -7.12528229e-02 -1.29908934e-01
  4.71247034e-03  2.33052410e-02  1.08215466e-01 -1.05779774e-01
 -1.24132864e-01 -4.01983485e-02  5.57346363e-03  2.13349015e-02
 -1.02955893e-01  1.86728552e-01  2.92540174e-02  1.71842501e-01
 -1.16733024e-02 -5.56389764e-02  4.46120538e-02  1.04045048e-02
 -5.38348146e-02 -1.85234584e-02  2.73407530e-02 -7.32646957e-02
 -5.71945496e-02 -8.79572928e-02  1.20845109e-01  1.11454263e-01
  1.35479406e-01 -1.60710160e-02  5.22188991e-02  1.21722288e-01
  4.44776788e-02  2.73945164e-02  1.57543167e-01  5.34849204e-02]