[-7.10375383e-02  7.36333802e-02 -5.67592680e-02 -8.04725103e-03
  3.76543961e-02 -3.61126964e-04 -2.37246975e-02 -5.65249361e-02
 -7.39664882e-02  8.79938081e-02 -2.38427147e-02  1.19046755e-02
 -3.57290767e-02 -7.06708105e-03  1.63882509e-01 -1.55517817e-01
 -1.53135965e-02 -1.78590804e-01  2.33511850e-01  8.71283561e-02
 -2.40571454e-01 -8.97570234e-03  6.73477501e-02 -9.14949179e-02
  1.11449370e-02  2.38108765e-02  2.23929081e-02 -4.96436842e-02
 -3.41580175e-02 -6.30609766e-02  9.47106257e-03 -9.39370915e-02
  1.12147272e-01 -5.60031869e-02  5.07064052e-02  1.18926495e-01
  1.50614217e-01 -1.80893913e-02 -2.14637164e-02 -2.10144906e-03
  1.03557691e-01 -9.57377180e-02 -5.99392541e-02 -6.49786890e-02
 -2.09319830e-01  2.93891966e-01  8.23079497e-02  4.97033149e-02
 -1.43374205e-02  1.42709017e-02 -1.25878513e-01  1.01829186e-01
  5.70946522e-02 -2.20992863e-02  7.58719593e-02 -4.81419172e-03
 -9.32932179e-03 -8.73653069e-02 -1.03052951e-01  1.19939834e-01
 -9.29230526e-02  2.37654075e-02  2.82109133e-04 -1.08932346e-01
  1.49448380e-01 -4.81376424e-03  5.08544073e-02  4.31150757e-02
  3.26493382e-02 -3.07744127e-02  2.08669454e-02  4.43008579e-02
 -6.58700019e-02  2.99887713e-02  1.92367852e-01  1.19341478e-01
 -5.96423447e-02  1.09129690e-01  8.76290500e-02  3.40493470e-02
 -1.32707700e-01 -5.35603017e-02 -1.12959463e-02  1.42208621e-01
  4.47507650e-02  5.18542482e-03 -9.56704188e-03  4.37407978e-02
 -3.06498874e-02  1.15027661e-02  3.83793451e-02  5.70451207e-02
  1.42259151e-01  2.22709514e-02 -9.47229117e-02 -2.06950292e-01
  8.91115367e-02 -2.53780819e-02  7.39743635e-02 -1.29746750e-01
 -3.84905972e-02  3.90442945e-02  1.28865568e-02 -1.59478962e-01
 -7.07399771e-02  8.39372277e-02  7.84045458e-02  6.29960373e-02
 -1.39753949e-02  1.63260832e-01  5.13586625e-02 -6.18796349e-02
  6.53898865e-02 -8.05034116e-02 -1.11804150e-01 -3.87133285e-02
 -5.06959781e-02 -9.25242752e-02  3.21481656e-03  8.39727223e-02
  4.40334231e-02 -5.46451658e-02 -6.37909621e-02  9.19974968e-02
  8.07151943e-03  6.11255169e-02  3.32121700e-02  5.89350350e-02]