[-3.00830435e-02 -3.84291448e-02  6.26772493e-02 -4.79949415e-02
  2.57115774e-02  6.83315331e-03  4.57578525e-02  3.18312384e-02
 -3.25848651e-03  2.30126269e-02  7.28107989e-02 -2.76695341e-02
 -4.58052084e-02  9.62039605e-02  1.96519047e-01 -1.25400633e-01
  2.92373411e-02 -5.45766763e-02  1.39095664e-01 -2.32448038e-02
 -1.06565394e-01  7.63314515e-02  5.37819378e-02 -1.04602866e-01
 -1.32165030e-02  1.18975062e-02  5.07338531e-03 -2.51256879e-02
  1.20667843e-02 -1.14003882e-01  8.67865682e-02 -2.21959651e-01
  7.43193328e-02 -1.09274879e-01  1.04407974e-01  1.27365142e-01
  1.05717650e-03  8.10807571e-02 -2.31442377e-02  6.52364567e-02
  1.68439224e-02  1.46751925e-01 -2.00615689e-01  1.48851005e-03
 -1.69557855e-01  1.23067066e-01 -8.13867450e-02 -5.36438711e-02
  2.05543470e-02 -9.24393311e-02 -1.88643679e-01  4.42730710e-02
 -3.37930359e-02 -3.41523252e-02 -6.96500391e-02  3.03356331e-02
 -6.59164041e-02  1.06162801e-01 -1.68265894e-01  1.84968740e-01
 -1.25028118e-01 -3.41202356e-02  8.57633576e-02 -9.44190249e-02
  2.12035388e-01 -2.02721599e-02  6.07313775e-02  8.25549886e-02
  6.17246144e-03  6.49219453e-02  1.91783682e-01  7.72455633e-02
  2.73202062e-02 -5.17224148e-02  1.98120754e-02  4.33854945e-02
 -1.11030959e-01 -1.78629198e-05  3.56362574e-02 -8.13526735e-02
 -1.38418704e-01 -4.61956114e-02 -1.89368818e-02  4.38167900e-02
 -3.21401171e-02 -9.56311300e-02  5.75498864e-02  5.86585095e-03
 -6.74746558e-02 -5.24006858e-02  5.81978522e-02  3.57398274e-03
  9.75860283e-02  5.05309505e-03  7.53742382e-02 -1.60571203e-01
  4.07918468e-02 -1.02413587e-01 -2.05147490e-02  8.27798918e-02
 -1.26452237e-01  3.23708542e-02 -3.93709280e-02 -2.28949308e-01
 -4.46088538e-02  1.12639815e-01  1.39223427e-01 -1.50719121e-01
  1.07042313e-01  1.11088390e-02  3.39081138e-02 -7.58385509e-02
  7.31255263e-02  1.85335567e-03  5.31224832e-02  3.18043157e-02
 -2.94820629e-02 -4.11235802e-02 -1.46994516e-02  1.84347965e-02
 -3.57928611e-02 -1.02580018e-01 -1.06942728e-01  9.13713649e-02
  1.22120053e-01  6.81656227e-02  5.47717549e-02  5.15286699e-02]