[-0.01886312  0.04018684  0.04866944  0.00771567  0.03681527  0.08895747
 -0.01623392 -0.06908782 -0.02843477 -0.06811241  0.00629038 -0.00804551
 -0.06919254  0.01821227  0.1948037  -0.1481714  -0.090816   -0.19123712
  0.09703656  0.00277021 -0.15782917 -0.01304758  0.01893878 -0.14121686
  0.09930535  0.0142067  -0.03926897 -0.02425655 -0.10864548 -0.12025195
  0.11699233 -0.02619324  0.03360565  0.03779748  0.05546551  0.16294374
  0.09899896 -0.0430142   0.05843558 -0.05607535  0.18137625 -0.10499009
 -0.01801555 -0.10592148 -0.13079149  0.19944952  0.02017057  0.00363836
 -0.08342945 -0.01572822 -0.21572302  0.04612767  0.08981056  0.01284688
  0.05681922  0.0066725  -0.12830348 -0.00233445 -0.17423265  0.06272241
 -0.12451154  0.05784289  0.03089056 -0.13830626  0.1240867   0.20307149
  0.04746187  0.10325582 -0.01492226  0.04223017  0.03651017  0.046547
 -0.06070485 -0.00136077  0.18585816  0.06746832 -0.04493842 -0.06654318
  0.03549031  0.06850845 -0.11799263 -0.04229755  0.009459    0.03420696
 -0.05556568  0.0142521   0.03042999  0.0374568  -0.07349513  0.08256757
  0.16362295 -0.04005508  0.11280275  0.04161849 -0.1162644  -0.10294227
  0.03285745 -0.06548348  0.06484611 -0.06082404 -0.09718452 -0.02837397
 -0.0465461  -0.14093153 -0.02872998  0.16416971  0.04890238  0.08851929
 -0.05677718  0.05193692  0.04754413 -0.02535041 -0.02748497 -0.05292618
  0.0445496  -0.0669499  -0.08555424 -0.03216391  0.11193284  0.09760553
  0.12341354 -0.04808732  0.00084076  0.12406486  0.12039891  0.02145371
  0.15522465  0.03518796]