[-1.55524025e-02  9.65456441e-02  2.41170097e-02  2.01336108e-02
 -3.96180265e-02 -1.63616054e-02 -4.60642278e-02 -9.30876285e-02
  2.58403029e-02 -5.57048731e-02  7.57808238e-02  1.42258368e-02
 -8.76843259e-02  2.59865262e-02  8.22096765e-02 -1.88542381e-01
 -7.67010525e-02 -1.66709676e-01  1.50613427e-01  3.39054130e-02
 -1.49495944e-01  8.27323794e-02 -2.19776314e-02 -6.15340807e-02
  1.74078364e-02  2.28151362e-02  6.49348423e-02  3.22317891e-03
 -6.78207204e-02  9.73876158e-04 -2.90037319e-02 -1.69972599e-01
  1.11702047e-01 -2.91465633e-02  4.02916372e-02  1.22129925e-01
  1.31111473e-01 -2.52744202e-02  7.58370012e-03  8.89403373e-02
  7.50208497e-02 -4.33623940e-02 -9.55905095e-02 -5.94231896e-02
 -1.36610404e-01  2.55470425e-01  4.89909202e-02 -6.45907298e-02
  5.35116252e-03  1.41972955e-02 -1.07966483e-01  2.08131552e-01
  3.17161195e-02  8.04807022e-02  8.26452449e-02  1.47785089e-04
 -1.16992705e-02 -9.63899791e-02 -1.53703630e-01  1.04120992e-01
 -6.43347576e-02 -3.72598767e-02  2.42273416e-02 -3.76491882e-02
  4.77273986e-02 -6.86473176e-02  1.32803008e-01  2.85633169e-02
  9.67069864e-02  6.02340959e-02  9.77191925e-02 -2.57752705e-02
 -2.72014141e-02  2.67081033e-03  2.12480605e-01  1.11137316e-01
 -1.12684138e-01  6.15258031e-02 -9.01288469e-04  7.50683025e-02
 -1.02669947e-01  3.14999856e-02  4.49539125e-02  1.27414167e-01
  2.96055991e-02  7.05436394e-02  1.85396113e-02 -2.39712112e-02
 -9.81063172e-02  3.03492881e-02  2.85757296e-02 -5.66681810e-02
  1.40068009e-01  2.22685002e-02 -1.38281584e-01 -2.43818060e-01
  3.79569121e-02 -1.05884001e-01  1.44924387e-01 -8.94632190e-02
 -6.28363416e-02  1.01471037e-01  2.01931857e-02 -1.21031485e-01
 -3.69479507e-02  7.51646459e-02  8.77789631e-02  8.20338801e-02
 -8.95009711e-02  8.96654055e-02  7.23328739e-02 -1.20743789e-01
 -2.13626642e-02 -4.10227701e-02 -1.03526704e-01  1.21467160e-02
 -4.48680632e-02 -1.18977696e-01  2.13297233e-02  2.06043199e-02
  6.19337484e-02 -8.33740924e-03 -6.93007484e-02  7.54400417e-02
  1.06109180e-01  6.14182949e-02  1.38196349e-01  1.14573278e-01]