[-0.04682561  0.06000368 -0.06585155 -0.04366502  0.04373464  0.01227369
 -0.00925287 -0.06448908 -0.01642676 -0.08692553  0.02832863  0.03098164
 -0.07825759 -0.00661817  0.09148551 -0.0890721  -0.08157125 -0.24190019
  0.178498    0.01016557 -0.12739608  0.01382094 -0.02045514 -0.17258398
  0.064198    0.10640836  0.04023193 -0.04329833  0.00345262 -0.0539523
  0.08119292 -0.09875873  0.07971666 -0.04465033  0.02394903  0.11621515
  0.11690968 -0.01495326  0.12099513  0.03065077  0.14217739 -0.04117708
  0.00115193 -0.01989376 -0.10298676  0.19815668  0.07840145 -0.07349004
 -0.05973493 -0.07546616 -0.29124787  0.02653049  0.05069184  0.03004527
  0.01884407  0.02487007 -0.10874433  0.07622503 -0.24960051  0.13254687
 -0.10508196 -0.00900785  0.15564768 -0.10734826  0.13197803  0.09783114
  0.05070308  0.0367106   0.07266872 -0.08049628  0.02865318  0.03915716
 -0.07567894  0.03065712  0.21206695  0.0710801  -0.04264886  0.00876216
 -0.01863069  0.03957175 -0.11545717 -0.00410374  0.02000988  0.10295055
 -0.05166763  0.04198318  0.03195718  0.01496475 -0.07670162 -0.04595858
  0.14453335 -0.04384894  0.04584215  0.05860843  0.00577222 -0.13324898
  0.0341359  -0.05650169  0.06523538 -0.01060168 -0.20554787 -0.08554811
 -0.04489091 -0.10308398 -0.1026222   0.17716427  0.09081896  0.11789437
 -0.08093794  0.02786967  0.06288924 -0.10451765 -0.02448928 -0.02752946
  0.00211626 -0.02536312 -0.07519195 -0.05014721  0.08490528  0.0571346
  0.05759803 -0.01567374 -0.02750671  0.1018215   0.0237577   0.04258785
  0.03408979  0.0512533 ]