[-0.0330462  -0.04691779  0.02110634 -0.09473058  0.06760887  0.00398617
  0.00118968  0.06911806 -0.07530283  0.03973499  0.02709017 -0.02419249
 -0.0134226   0.14919738  0.23454432 -0.09805844  0.04999409 -0.13085899
  0.16285747  0.04970041 -0.18683116  0.09881045  0.12883168 -0.17745821
 -0.0399491   0.04108043  0.02258438  0.04997001  0.01808741 -0.17131065
  0.04102016 -0.13363023  0.10800166 -0.05737586  0.02964585  0.13560522
  0.10063913  0.10873539  0.01139749  0.07779586  0.05755109  0.11919235
 -0.12838171 -0.11118314 -0.2252108   0.11753629 -0.04924201 -0.01564815
  0.05345908  0.0170515  -0.20456982  0.04768399 -0.0537138   0.05134577
 -0.0474101  -0.02837677  0.01523753  0.02285925 -0.16151743  0.16843528
 -0.15852077  0.02054342  0.03394611 -0.11795725  0.13008219  0.0764644
  0.05176542  0.12898114  0.04103946  0.0110726   0.12065371  0.08224093
  0.01968647  0.07885738  0.12805581  0.04518084 -0.06608564 -0.02802169
  0.06605431 -0.09978113 -0.08086362 -0.04661553  0.03879937  0.08077042
  0.02818734 -0.04320978  0.03120582  0.08781739 -0.00779023 -0.0480545
  0.10596257  0.02399638  0.11053202  0.04348611  0.06677464 -0.18980944
  0.03107142 -0.00362325 -0.04899093  0.02026688 -0.1440604  -0.01380742
 -0.0023396  -0.15973608 -0.04778314  0.13792527  0.09805109 -0.106809
  0.11340834  0.01931397  0.01319402 -0.03633929  0.10425805  0.0515857
 -0.01118539 -0.03065732  0.03844431 -0.03379833 -0.00860171  0.03785327
  0.01261184 -0.07944111 -0.03174106  0.07946652  0.0319062   0.01625706
  0.04549976  0.08966651]