[-0.06242895  0.19690828  0.06777261 -0.0789912  -0.13463195 -0.05660729
 -0.16339469 -0.09296679 -0.05331023  0.04908854  0.02924938 -0.14639378
  0.055103    0.08841438  0.1384241  -0.0417937  -0.02749605 -0.16073027
  0.0796129  -0.01089528 -0.07213153  0.05253255 -0.05414879  0.0176495
  0.04488161  0.07793911  0.03778674  0.02193967  0.00704672  0.05784573
 -0.00386087 -0.06305036  0.053301    0.01543009  0.00813913  0.09711197
  0.11681668  0.05536138  0.09984806  0.08751798 -0.0855946  -0.11136881
 -0.02760673 -0.07457041  0.11446347  0.26756224  0.09451856  0.03046795
 -0.10699262 -0.08943373 -0.00675649  0.13191004  0.09011891  0.0159821
  0.00907356  0.02023304 -0.00310864 -0.08146154  0.03794539 -0.07348991
  0.02901304  0.00650108 -0.0980979   0.06833126 -0.10864834  0.03479071
  0.12241543  0.12129101  0.11589055 -0.09916437  0.00768426 -0.09961077
 -0.08364955 -0.11760293  0.22918661  0.03633588 -0.13890797  0.03100467
  0.07429365  0.19787602  0.04284863  0.0146104  -0.01697138  0.0330633
 -0.02097193  0.07190312 -0.02538377 -0.09673064 -0.04090967  0.04588506
 -0.08264641 -0.02267522  0.16862394  0.09731233 -0.21643716 -0.08311563
 -0.01025867 -0.03526776  0.13629015 -0.15394399 -0.00666594  0.07635523
 -0.03217555  0.02825595 -0.08766643  0.01140202 -0.06859633  0.08438731
 -0.03476211  0.01043098  0.08440514 -0.04745821 -0.14231063 -0.03076196
 -0.11054593  0.05876755 -0.20525844 -0.10139601 -0.07735274 -0.06021637
  0.04380177  0.0066541  -0.04638008  0.06158538  0.02219524  0.02317
 -0.00271744  0.00735274]