[-0.07617678  0.18367757  0.14795889 -0.10950445 -0.08301719 -0.02068999
 -0.08106356  0.01164929 -0.0361445  -0.00737388 -0.05355245 -0.19551629
 -0.04398175  0.01926218  0.20922202 -0.13928889 -0.05979779 -0.15575966
  0.08406466 -0.05675657 -0.11955981  0.08474386 -0.03225171 -0.03787358
  0.02673789 -0.02541075 -0.03953717  0.02963889  0.0481054  -0.08119796
  0.04429857 -0.18391888  0.03228116 -0.02032141  0.07891621  0.07127442
  0.1110805   0.00074723  0.01914113  0.04653894  0.00265729 -0.05215162
 -0.07804075 -0.07946285  0.05049503  0.32361293  0.04137606  0.03304309
 -0.14024515 -0.04515886 -0.16819927  0.12190531  0.12059531 -0.02323753
 -0.0572897  -0.0028363   0.00930571 -0.08095256 -0.02218716 -0.05267075
  0.013034    0.12949169 -0.10154307  0.06782204 -0.08260221  0.08014204
  0.12683105  0.07174303  0.0920171  -0.06226055  0.04579452 -0.08640692
 -0.04310824 -0.04568616  0.20472854  0.04267732 -0.17722264  0.0016173
  0.12476     0.09146227 -0.02492402  0.04127258 -0.04472178  0.05377884
  0.067264    0.05968813 -0.04967763 -0.04613143 -0.06385051  0.0662346
  0.07976334  0.04111185  0.15128495  0.01431343 -0.13133208 -0.0994688
  0.02472569 -0.02090367  0.04479107 -0.10220303 -0.02332529  0.04930217
 -0.00474321 -0.11026293 -0.12973374  0.0518246   0.01888602  0.03352208
  0.00900592  0.05667457  0.18197271 -0.0617146  -0.08059523 -0.07794667
 -0.09120397  0.04215059 -0.17092492 -0.09168304 -0.02438408 -0.06449487
  0.031422   -0.00877696 -0.07817439  0.08114892  0.01022978 -0.00307535
  0.03032483 -0.02108717]