[-0.05594919  0.19425531  0.03741628 -0.1004082  -0.02137764  0.01958044
 -0.08817342 -0.08808581 -0.07954033  0.08321638 -0.01397245 -0.12857622
  0.04830156 -0.03619115  0.17757785 -0.00772991 -0.07141348 -0.15106846
  0.04268717  0.00761477 -0.07327906  0.0327912  -0.07487626 -0.01262947
  0.04671562  0.06918335 -0.04820248 -0.03872476  0.04387065  0.02368824
  0.01955574 -0.03069547 -0.01118161  0.0217402   0.07594376  0.0891325
  0.13133039 -0.01856712  0.11334734 -0.01605577  0.02014312 -0.15554966
  0.0407209  -0.04277559  0.07244688  0.29339752  0.12719357  0.11644644
 -0.18107843 -0.09271686 -0.08290834  0.02986302  0.08117291 -0.03024498
  0.04186322  0.00695782 -0.06720757 -0.06023634 -0.01099055 -0.07453658
  0.00790768  0.05560856 -0.04613058  0.04196984 -0.0462953   0.10475917
  0.04777983  0.12374164  0.09573355 -0.15255512 -0.01603747 -0.03716686
 -0.085271   -0.11428732  0.21292476  0.05253064 -0.13252975  0.07170398
  0.11882602  0.15782015  0.08000243  0.03936232 -0.04849067  0.05342855
 -0.03420451  0.08422118 -0.01454701 -0.02676832 -0.02243565  0.1062106
  0.03504553  0.01479933  0.07439055  0.07953326 -0.24132733 -0.04243698
 -0.0014972  -0.01684335  0.08787633 -0.16297187  0.03289121  0.00550876
 -0.03427501 -0.05721908 -0.12015054  0.06072913 -0.06438897  0.12498596
 -0.03317349  0.08494954  0.12951371 -0.01374929 -0.11917496 -0.06420556
 -0.06674287  0.03021703 -0.26196551 -0.06179546 -0.10490494 -0.0402526
  0.06857444  0.00143808  0.0093117   0.10245399 -0.03255839  0.03393497
 -0.02518735 -0.05775048]