[-4.84182611e-02  2.23990574e-01  5.19071054e-03 -1.37927040e-01
 -5.24513796e-03 -3.10839303e-02 -6.14526421e-02 -5.09932749e-02
 -6.23390153e-02  9.18169394e-02 -4.99376133e-02 -1.61142409e-01
  5.24682850e-02  9.21294540e-02  1.65982112e-01 -1.52604608e-02
  2.14286428e-02 -1.26119763e-01  2.63619609e-02 -2.63774004e-02
 -1.05618961e-01  4.89730053e-02 -3.10156848e-02 -9.62566957e-02
  1.96495820e-02 -2.35228669e-02 -4.04923186e-02  7.91595206e-02
  4.34593782e-02  4.21872996e-02 -5.40707223e-02 -1.71313081e-02
  5.74977696e-02 -1.04188109e-02  3.57279368e-02  5.48129305e-02
  1.46914676e-01 -3.33030795e-04  6.06171936e-02 -1.08424686e-02
 -4.21759337e-02 -8.61090198e-02  5.78873381e-02 -1.08592018e-01
  6.41308427e-02  3.78187895e-01  6.40790462e-02  9.28982645e-02
 -1.71229005e-01 -7.30254725e-02 -8.54589343e-02  1.07226737e-01
  6.91588074e-02 -1.86523478e-02 -2.03114748e-02 -3.61007958e-04
 -1.27243567e-02 -1.08777627e-01  2.96035229e-04 -2.90806293e-02
  2.14801226e-02  8.96737948e-02 -1.13586389e-01  3.90980206e-02
 -7.73178637e-02  1.21084958e-01  1.60178432e-04  1.89889386e-01
  6.32784218e-02 -1.26023203e-01  5.40220328e-02 -8.55463296e-02
 -7.81619400e-02 -1.39260963e-01  1.91429585e-01  1.52831778e-01
 -9.02005807e-02  3.11831012e-03  8.93971920e-02  3.03152185e-02
  4.70768511e-02  2.51780190e-02 -6.31614849e-02  9.48437303e-02
  3.78453918e-03  1.18239954e-01 -7.92260021e-02 -6.01272322e-02
 -9.84034315e-03  1.26680553e-01 -5.98448468e-03 -1.74466148e-02
  7.17976540e-02  5.93520813e-02 -1.54044196e-01 -4.45143357e-02
  6.51453109e-03  8.08180310e-03  7.18758553e-02 -1.31644383e-01
  5.30100949e-02  3.11656762e-02  1.85622573e-02 -3.81003767e-02
 -1.63536444e-01  4.31435518e-02 -9.00935605e-02  1.01619251e-01
 -1.94406509e-02  4.61779870e-02  1.33526072e-01 -7.47118518e-02
 -8.73299539e-02 -3.81030291e-02 -8.96682069e-02  1.78377405e-02
 -2.21639618e-01 -2.91841999e-02 -6.37611672e-02 -3.10911201e-02
  4.10508774e-02 -1.17274774e-02 -8.19753669e-03  1.02672398e-01
  9.97318234e-03  2.12884089e-03 -2.38066278e-02 -7.25456029e-02]