[-0.09547295  0.21638575  0.13680778 -0.10736252 -0.05844688  0.03287365
 -0.12539577 -0.07593071 -0.10993584 -0.01988625 -0.04555811 -0.13008066
  0.01636874 -0.02309594  0.16254495 -0.05622807 -0.14570439 -0.13996166
  0.05024293 -0.02167008 -0.03238979  0.04251579  0.02511589 -0.03661041
  0.06922599  0.03535169 -0.0318251  -0.02623988  0.04659361 -0.00602337
  0.03491144 -0.11416775  0.06120347  0.03588839  0.08216359  0.02661812
  0.11318953  0.04787284  0.1010953   0.00763704  0.02279136 -0.14993824
  0.05555478 -0.06094168  0.00330819  0.22975138  0.15308283  0.02863995
 -0.21636675 -0.0164542  -0.11116467  0.03875327  0.12927911  0.04465267
  0.01469865  0.00261437  0.04524494 -0.05376048 -0.04904395 -0.13218731
 -0.01626541  0.1023003  -0.03595629  0.04817242 -0.02363278  0.14925373
  0.04363519  0.05496877  0.01403924 -0.09837179 -0.0265145  -0.07611077
 -0.09008227 -0.04398711  0.27345222  0.03950311 -0.15601636 -0.05805312
  0.13751005  0.18848434  0.01433285 -0.00028542  0.01872467  0.09095496
 -0.02335036  0.06744918 -0.03637395 -0.01677798 -0.0409509   0.09854224
  0.05835095 -0.02022782  0.11464266  0.05949343 -0.21598135 -0.08884869
 -0.03975291  0.12799212  0.06217238 -0.13265026 -0.00219301  0.02796421
 -0.01494115 -0.00339923 -0.06991478  0.06972927 -0.01550306  0.15717806
  0.00641103 -0.01878469  0.1254286  -0.016869   -0.11967209 -0.04261705
 -0.07768302  0.05872941 -0.19453779 -0.02752743 -0.02491379  0.02668456
  0.0877237  -0.02951534 -0.05595695  0.00812312 -0.02821474  0.04795715
  0.04964001  0.01773051]