[-9.73170921e-02  1.88198194e-01  8.37165415e-02 -1.42655104e-01
 -2.50786636e-03 -2.90286615e-02 -7.89602250e-02 -1.02944605e-01
 -6.78699762e-02  6.94046840e-02 -3.64256948e-02 -1.16383128e-01
 -1.25965141e-02  3.22780019e-04  1.36844411e-01 -2.67005321e-02
 -1.40704021e-01 -1.06621988e-01  6.59389943e-02 -2.31972970e-02
 -9.43744406e-02  1.21665478e-01 -1.62645299e-02 -9.65204537e-02
 -2.00888123e-02  5.72091304e-02 -1.89777818e-02  2.39036549e-02
  8.08481351e-02  2.05892716e-02 -8.21495950e-02 -1.24439389e-01
  5.27283773e-02 -3.83603610e-02  1.19981013e-01  4.56420630e-02
  1.32490128e-01 -2.32404750e-02  9.53775048e-02  3.62903215e-02
 -1.23549914e-02 -8.84492993e-02  1.20147737e-02 -7.46112540e-02
  1.71207788e-03  3.33573550e-01  9.41829011e-02  8.32410976e-02
 -1.39334813e-01 -3.80090438e-02 -1.14008695e-01  9.48569551e-02
  6.15277290e-02  2.98141371e-02  1.07451845e-02 -1.65617280e-02
  7.59701058e-02 -1.15019388e-01 -1.01104140e-01  1.54687352e-02
  3.82679068e-02  8.75646174e-02 -2.85764765e-02  1.26489848e-01
 -3.27378586e-02  4.80174460e-02  7.98004959e-03  1.01270646e-01
  1.14845298e-01 -8.30514953e-02  2.81198155e-02 -5.96410744e-02
 -3.87799442e-02 -5.36274612e-02  2.17199087e-01  9.94703919e-02
 -1.66724741e-01  2.23561432e-02  1.12473488e-01  4.20067944e-02
  1.11935511e-01  6.84653297e-02 -1.41327465e-02  1.60849795e-01
  4.92664578e-04  8.46177787e-02 -5.05626798e-02  8.15422926e-03
 -4.75201607e-02  1.15692429e-01  5.79786263e-02  4.69360687e-02
  8.21538642e-02  7.25563318e-02 -2.01710030e-01 -1.13190845e-01
 -3.89892124e-02  4.14816774e-02  1.06237791e-01 -1.12633854e-01
  7.01185688e-02  2.56933868e-02  9.99746146e-04 -1.25983402e-01
 -5.33284768e-02  3.50752994e-02  8.56223237e-03  8.75331089e-02
 -6.65176800e-03  1.06201008e-01  1.51965514e-01 -8.03188160e-02
 -4.16793674e-02 -4.25844043e-02 -1.21690594e-01  7.38361627e-02
 -1.72718301e-01  3.81279946e-03 -1.12908408e-01 -6.04050532e-02
  5.87302931e-02 -3.95088941e-02 -1.89212020e-02  1.33499634e-02
 -6.54639751e-02  7.92024210e-02 -8.89025815e-03  6.34018984e-03]