[ 0.02707756  0.00339865  0.06224369 -0.06843608  0.00594755  0.04677088
  0.04507181  0.08585843  0.02853024 -0.11923316 -0.07992286  0.00080666
  0.07149931 -0.1470865   0.00037201  0.00211482 -0.21030258 -0.17637791
 -0.16860132  0.17626385  0.03080327  0.04246229  0.01749408 -0.04592489
 -0.15802108 -0.09038703 -0.13308407 -0.00305957 -0.02131434  0.01504051
 -0.01918176 -0.08285699 -0.03954552  0.07973016  0.0422865   0.01317214
  0.05880203  0.04550561 -0.0918423  -0.00706131 -0.02881297 -0.09236176
  0.05507424 -0.0390178   0.03803012 -0.04442684  0.01205507  0.09927928
  0.0139761   0.30428171 -0.10473194 -0.12642358 -0.05740009  0.10197697
  0.12147277 -0.10196509 -0.10761391 -0.0491205  -0.12495068 -0.01761689
 -0.02404649  0.06326833  0.03597746 -0.0219886  -0.00867722 -0.08384712
  0.01618155 -0.08141344 -0.10527343 -0.16696504 -0.02133758 -0.0015577
  0.02300223  0.12497342  0.01859605  0.02350741  0.08857489 -0.0778669
  0.14655964  0.14216664  0.19510901 -0.1756894  -0.03381048  0.09800102
  0.00901459  0.0208653  -0.05753736  0.08187483  0.10580067  0.1516145
  0.10924432 -0.09908018 -0.03978854  0.08257113 -0.13849603  0.03103288
 -0.0245005  -0.00976174 -0.04244812  0.04510789  0.05950258 -0.00061694
 -0.13032949 -0.08415596 -0.02247829  0.06865297 -0.01969157  0.06830872
 -0.00193497  0.10314323  0.00416808  0.02936502 -0.05307389  0.06098769
 -0.09617667  0.12049409  0.10897143  0.20167007 -0.11720365  0.08909727
 -0.05904457  0.01555283  0.11512763  0.05272824 -0.02775144 -0.0191666
  0.04937626 -0.05907147]