[-0.03100714  0.0541787  -0.02502109 -0.0847185   0.01557016  0.04746291
 -0.01810081  0.00059584 -0.01201299 -0.08365483 -0.03012596  0.18676613
 -0.01909003 -0.13803823 -0.20110844 -0.05453607 -0.14046918 -0.06396808
 -0.13758221  0.0944128   0.03462139  0.00814288  0.01229446  0.07236937
 -0.07107664  0.09761692  0.09671137 -0.04019505 -0.05511595  0.00238364
 -0.07028871 -0.16637048 -0.04065337  0.05116923 -0.07354495 -0.07100749
 -0.11624602  0.16112764 -0.09903821  0.11406268 -0.01286775  0.01725595
 -0.03775677  0.12972997 -0.02555639 -0.02842977  0.08992566 -0.06091504
 -0.10484358  0.16026624  0.05492849 -0.0289998  -0.14160949  0.02062348
  0.1209861  -0.02655834 -0.09610783  0.19643624 -0.08529353 -0.08152802
  0.00444033 -0.04594953  0.22274211  0.04917715  0.06381505 -0.21784765
 -0.03225672  0.06626149 -0.06428231  0.09340844  0.08028074  0.04840948
  0.04760978  0.09342895  0.02377368  0.05114504 -0.06267973  0.01461032
  0.01935066  0.04864804 -0.07993793  0.03112227  0.08718518  0.03297606
 -0.15935698 -0.14205427  0.12491933  0.0857063   0.09934719 -0.02045034
 -0.08372848 -0.1596588   0.01218716  0.02653261  0.0268511  -0.03494146
  0.05312429 -0.07225607 -0.00322271 -0.02874883 -0.08818329  0.05584764
 -0.12357271  0.09441951 -0.11569756 -0.0108875  -0.14772302  0.06046728
 -0.099389   -0.10629914  0.16667962  0.14376415 -0.05054626  0.13961335
 -0.01623044  0.06143432 -0.11580177 -0.00278217  0.01707003  0.08559926
 -0.04729617  0.10210341 -0.01947086 -0.06869811  0.02918979  0.06326917
 -0.01867579 -0.08022661]