[-3.29499207e-02 -2.66596712e-02  7.77835958e-03 -9.60750952e-02
 -2.78779361e-02 -5.99578507e-02 -1.16960369e-02  1.10407270e-01
  5.32673635e-02 -5.38885407e-02 -1.23411402e-01  2.82827262e-02
  3.03552207e-02 -1.17090978e-01 -6.78340048e-02  6.73143147e-03
 -1.93546429e-01 -1.42494187e-01 -1.20170027e-01  1.71325773e-01
  1.43271005e-02  3.08243949e-02  1.98732316e-02 -6.92806095e-02
 -1.87407285e-01  1.37861688e-02  7.43793207e-04 -1.02799479e-02
 -1.00671589e-01  1.52252987e-02 -1.35924429e-01 -1.32211164e-01
  5.22985086e-02  4.80319671e-02  5.52677624e-02 -5.96329523e-03
  6.30437359e-02  1.02453277e-01 -1.96131781e-01 -6.81518614e-02
 -8.82326886e-02 -7.22424388e-02  7.22582489e-02  5.94588034e-02
  4.19110358e-02  4.77751605e-02  4.61511090e-02  6.25091046e-02
 -2.08111517e-02  2.75068045e-01 -3.36033888e-02 -1.39914364e-01
 -5.91474026e-02  1.01316400e-01  2.17042238e-01 -8.00650418e-02
 -1.02351606e-01 -1.14818320e-01 -6.18457273e-02 -8.80323797e-02
  6.49037063e-02 -4.33756635e-02  1.44638903e-02  9.77013335e-02
  4.00428437e-02 -1.76890820e-01 -7.54830390e-02  4.27023275e-04
 -9.72091453e-04 -1.02713637e-01 -1.10551780e-02 -8.26717392e-02
  4.34821621e-02 -5.58167696e-03 -2.63496898e-02  7.04859048e-02
  3.99059840e-02  1.72026027e-02  1.26258895e-01  2.98928916e-02
  1.44096270e-01 -1.06286712e-01 -7.90381432e-02  6.76735044e-02
 -1.20509742e-02 -5.88440448e-02 -4.45445403e-02  1.29351288e-01
  1.89113945e-01  1.89397886e-01 -3.92702362e-03 -7.32376203e-02
 -8.26510265e-02  2.10054964e-02 -1.23561382e-01  1.05246425e-01
  2.31260043e-02 -3.16462144e-02  1.66601986e-02 -2.24388316e-02
  8.02929699e-02  3.26509364e-02 -9.02710184e-02 -1.63412541e-01
 -5.39929681e-02 -4.08330522e-02 -9.81805325e-02 -5.67912357e-05
 -7.67612010e-02  7.60742128e-02  4.62534279e-02  4.52930480e-02
 -3.50659080e-02  1.50373597e-02 -6.47505671e-02  8.35829973e-02
  8.10102969e-02  6.03368878e-02 -1.22611076e-01  5.73738618e-03
 -5.25049046e-02  8.94985273e-02  1.57232761e-01  2.81413421e-02
  3.98012660e-02 -3.62914465e-02  1.02035142e-01 -9.09740105e-02]