[-1.07348133e-02  2.58975662e-02 -1.17210578e-02 -8.93846825e-02
 -5.06605953e-02 -8.54875147e-02 -1.23324776e-02  4.52449825e-03
 -1.93649381e-02 -1.20117269e-01 -1.22139409e-01  1.88189950e-02
  8.17004666e-02 -4.88056391e-02 -9.27149430e-02 -1.40693653e-02
 -1.39275253e-01 -2.05565140e-01 -1.11204788e-01  1.82359427e-01
 -5.80117665e-03 -1.32102612e-03 -1.24678211e-02 -2.39314828e-02
 -9.64108184e-02  6.68345764e-02 -8.87243170e-03  5.18666469e-02
 -3.14310901e-02  6.63199946e-02 -7.33815506e-02 -4.98587228e-02
 -7.63024297e-03  4.96059321e-02 -1.87934767e-02 -6.49213344e-02
  3.79007235e-02  1.80177912e-01 -5.74400313e-02 -3.23951840e-02
 -7.93781951e-02 -7.05748275e-02  1.28027424e-01  4.07480896e-02
  8.35363343e-02 -2.28271969e-02  6.96707368e-02  6.14995211e-02
  1.33839780e-02  2.30592266e-01 -4.29884717e-02 -1.21076614e-01
  1.76833030e-02  1.01396561e-01  1.66363984e-01 -1.13006562e-01
 -1.17859945e-01  2.65618376e-02 -2.41524279e-02 -1.72550157e-01
  3.20860781e-02  2.25376934e-04  5.71229607e-02  1.00910120e-01
 -8.83776844e-02 -1.78666450e-02  1.29629644e-02 -4.98716496e-02
 -4.87432480e-02 -2.51485527e-01 -5.10233827e-02 -6.99997768e-02
  4.19733822e-02  1.21097364e-01  6.10847175e-02 -1.67400431e-04
  6.13805838e-02 -1.30913883e-01  1.44832373e-01  1.75248876e-01
  1.78521007e-01 -1.25412717e-01 -1.60024166e-02  8.88346788e-03
  1.10273203e-02 -8.92995819e-02 -5.78586906e-02  8.91176537e-02
  1.98234767e-01  6.56781569e-02 -5.59720537e-03 -8.06550384e-02
  2.48790812e-02  4.47237194e-02 -1.11920536e-01  4.09409888e-02
  2.49721650e-02  2.53875237e-02  3.19530740e-02 -7.19589069e-02
 -2.04300117e-02  2.63144951e-02 -5.74726202e-02  5.68432622e-02
 -1.56475946e-01  1.02709502e-03 -1.09574191e-01  1.15327060e-01
 -1.39950272e-02  9.98367555e-03  1.14275962e-01  9.79095995e-02
 -1.41051456e-01  1.16061591e-01 -1.24428391e-01  7.17663318e-02
  3.12126335e-02  1.26700461e-01 -8.25575963e-02 -1.12849846e-03
 -8.24467838e-02  8.53034332e-02  1.16406515e-01 -3.19793187e-02
 -6.88307509e-02 -5.69063015e-02 -8.10725987e-03 -1.04045771e-01]