[-3.13795321e-02  2.31551416e-02  6.69180555e-03 -8.35251883e-02
  9.67316255e-02 -7.72017688e-02  3.29865478e-02  1.46530643e-02
  2.86774617e-03 -1.47063956e-01 -1.38469383e-01  2.71410458e-02
  7.06127957e-02 -7.77405053e-02 -5.31796068e-02  7.53888162e-03
 -1.22676857e-01 -9.85777006e-02 -1.26807034e-01  1.69224218e-01
  1.00615300e-01 -1.04536989e-03 -2.21886337e-02  1.03948843e-02
 -8.40110425e-03 -3.62485722e-02 -6.49046674e-02 -1.96357304e-03
  1.85577665e-02  1.24293149e-01 -3.91245857e-02 -3.96741033e-02
  1.69042982e-02  4.85904664e-02  6.27195984e-02 -8.86303037e-02
  7.66941532e-02  7.76095837e-02 -5.57005629e-02 -1.33791134e-01
  4.07029130e-02 -4.34329361e-02  2.37232611e-01  8.86272714e-02
  1.73894726e-02  5.21553913e-03  1.21508516e-01  5.18390872e-02
 -7.85760349e-04  1.35298908e-01 -1.03959665e-01 -2.15164870e-01
  4.85844538e-02  5.38946874e-02  1.71900824e-01 -6.12399317e-02
 -1.35286570e-01  1.78738162e-02 -6.68910667e-02 -1.78788066e-01
  3.82178687e-02  1.32567971e-03  1.84499621e-02  9.75484475e-02
 -4.67645898e-02 -2.52377504e-04 -5.96615784e-02 -6.98311180e-02
 -5.02413735e-02 -2.80022085e-01 -2.77889576e-02 -4.23969850e-02
  1.00587187e-02 -2.90361214e-02  4.72900793e-02  7.63822868e-02
  3.84497158e-02 -5.78602925e-02  1.33695096e-01  1.19932756e-01
  1.40413418e-01 -9.77518689e-03 -2.12996621e-02  8.79317522e-02
  3.61029655e-02 -1.25729879e-02 -4.48145159e-02  1.31954253e-01
  1.19562805e-01  9.00506452e-02  5.17444089e-02 -7.49873370e-02
 -7.85218477e-02 -1.05730267e-02 -1.39239833e-01  2.92022713e-02
 -5.41715063e-02  9.18507576e-02 -2.54863291e-03 -8.11420605e-02
  7.12109217e-03 -5.36474213e-02  1.67482626e-02  3.64188924e-02
 -1.77437246e-01  1.71728060e-02 -1.02830134e-01  1.58590242e-01
 -1.86266601e-02  3.27228457e-02  9.86194536e-02  1.63406786e-02
 -1.94585919e-01  8.64384770e-02 -1.27940983e-01  6.44822419e-02
 -4.13289368e-02  8.99438933e-02 -1.37791783e-01  3.64581868e-02
 -5.24465144e-02  1.41972542e-01  4.25981469e-02  5.63586457e-03
 -1.16527736e-01 -3.50871459e-02 -4.85068932e-02 -1.26007155e-01]