[-1.69057753e-02  1.73185378e-01  4.00111638e-02  3.19702551e-02
 -2.91369036e-02  8.27126279e-02 -2.70500015e-02 -2.08643302e-01
  3.13243791e-02 -1.37013108e-01  7.99346417e-02 -2.92471587e-03
 -6.22432046e-02  1.63359586e-02 -8.45813751e-03 -2.99848281e-02
 -9.54927802e-02 -1.44499727e-02 -3.16190235e-02 -1.08047977e-01
  1.26441522e-02  4.95736860e-02 -1.02612838e-01 -9.85683277e-02
  9.15952623e-02  2.17728759e-03 -5.18906303e-02  9.30846017e-03
  2.17323774e-03  9.31559727e-02  4.64356691e-02  5.28641380e-02
  2.60902476e-02 -1.57021862e-02  7.61222467e-02  4.31313477e-02
  1.24746822e-02 -5.87778166e-02  1.42440110e-01  8.04047380e-03
  5.92486002e-02 -5.09698279e-02  3.48640420e-02 -4.17546332e-02
  4.15174887e-02  1.36447966e-01  5.99572994e-02 -1.03398435e-01
 -2.13647351e-01 -1.76477477e-01 -1.20266043e-01  8.38458389e-02
  1.18524335e-01  1.14299664e-02 -7.21088722e-02  7.39365667e-02
 -9.37542245e-02  6.41517192e-02 -1.63620800e-01  5.09888977e-02
 -5.95731810e-02  5.87433949e-02  1.09174028e-01 -4.36766818e-02
  5.96378632e-02  1.62057608e-01  4.07657288e-02  1.96537767e-02
 -7.47526363e-02  2.07698215e-02  8.65990967e-02 -9.91759971e-02
 -3.57313678e-02 -1.01941615e-01  1.26257047e-01  7.85572082e-02
 -9.64564458e-02 -1.74099728e-01 -1.17764160e-01  3.72411124e-02
 -1.95506644e-02  7.42560253e-02 -1.01497350e-02  9.92708188e-03
 -1.21396951e-01  1.35922819e-01 -2.16796622e-02 -1.61189064e-01
 -1.91766307e-01  9.03102532e-02  7.72505403e-02 -1.60630628e-01
 -3.48651619e-03  8.94106999e-02 -6.07614927e-02 -2.26692786e-03
 -6.41582906e-02 -4.75284941e-02  1.02147743e-01  4.33443338e-02
 -4.39807139e-02 -5.57788461e-03 -4.35884483e-02  1.08567290e-02
 -3.62968259e-02  1.39664486e-01  8.69001821e-02  1.45072371e-01
 -1.12153232e-01 -7.14739487e-02  4.93775718e-02 -1.22718647e-01
 -9.58502367e-02 -2.98117250e-02  3.29407342e-02 -1.37470355e-02
 -2.22983748e-01  3.82378586e-02  1.46099180e-01 -1.70663407e-04
  8.18265155e-02 -7.22777918e-02 -4.42922041e-02 -6.93519367e-03
  1.77800298e-01  9.64077041e-02  8.43930244e-02 -2.41076089e-02]