[ 0.0221766   0.24967137  0.03358336 -0.02540711  0.05157874  0.21040593
 -0.05578574 -0.14337775  0.01424144 -0.07228667  0.05219759 -0.01290992
 -0.0956611  -0.06950014  0.03962135  0.00161869 -0.05081131 -0.05115293
 -0.00712812 -0.13260494  0.02236254  0.12405606 -0.0990233   0.00625277
  0.15044205 -0.07866925  0.04933488  0.08329454  0.08030018  0.08638621
  0.0966517  -0.07953504 -0.05447498  0.01611554  0.05684632  0.04890475
  0.04217285 -0.21714123  0.17540061  0.06134291  0.0526915  -0.08299094
  0.10403748 -0.05375411  0.06858118  0.07739506  0.06243626 -0.00393064
 -0.16736351 -0.05460604 -0.00359265  0.12876886  0.02702013 -0.03176404
 -0.05865043  0.06029535 -0.11698029  0.09177698 -0.17216653  0.03596728
 -0.07910944  0.05645343  0.13588445 -0.13883638  0.0158629   0.07752278
  0.01379015  0.00528309 -0.13718154  0.1123585   0.04445299  0.0445915
 -0.102529   -0.09358601  0.12447923  0.06993507  0.0041667  -0.01644091
 -0.06849854  0.0587069   0.0493092   0.09861935  0.10190801  0.10316536
 -0.05052955  0.08636767 -0.05211968 -0.08146503 -0.1093897   0.14534162
  0.05264012 -0.15406494 -0.06288548  0.17552945 -0.01105495 -0.01709596
 -0.03935255 -0.04717823  0.02905856  0.01220903 -0.02994739 -0.00052904
 -0.11008141  0.02594636 -0.07380504  0.15373172  0.03538422  0.05239579
 -0.13290708 -0.02098497  0.08869782 -0.07081887 -0.00906457  0.07459927
  0.04991082 -0.01550672 -0.17383969  0.13193588  0.0669902   0.08824512
  0.11087449 -0.07776573  0.0197749  -0.03349484  0.09956207  0.10883042
  0.07424621 -0.04941811]