[ 0.06119823  0.17186359  0.02466745 -0.06889833  0.00176018  0.12790693
 -0.01897591 -0.09275777  0.05322365 -0.05157762  0.13970491 -0.0484479
 -0.04953846  0.01839437  0.02465474 -0.06796782 -0.00447078  0.00963203
 -0.0380055  -0.13811198  0.03457544  0.13196057 -0.11116588 -0.12139755
  0.07043554 -0.04056251  0.05071733  0.10130884  0.03843405  0.06180448
  0.03448927 -0.12172286  0.00242879 -0.00938832  0.1108516   0.02958348
  0.04256148 -0.07404494  0.17787185  0.02961267 -0.02149636  0.00061618
 -0.03152955 -0.02140597  0.03371328  0.09274057 -0.07331224 -0.02138862
 -0.14983994 -0.12318994 -0.07971268  0.19191046 -0.02150684  0.01768014
 -0.12928863  0.02784503 -0.11156642  0.02985356 -0.24377155  0.06761729
 -0.03823525 -0.03541353  0.13345073 -0.05879902  0.01618165  0.03456011
  0.02859272  0.13718493 -0.03855689  0.09777758  0.15229154 -0.06591041
 -0.05003378 -0.19191405  0.0303231   0.06394264 -0.06310657 -0.07305341
 -0.07043661  0.00629367 -0.03433678  0.06441881  0.06904764  0.06884297
 -0.07474561  0.05680343  0.00110843 -0.09558763 -0.05946364  0.11471992
  0.04521825 -0.20177831 -0.01926087  0.16215588 -0.03192986 -0.11235823
 -0.04691591 -0.13796975 -0.00330579  0.039485    0.00436543  0.07589644
 -0.09890963 -0.03649717  0.00338153  0.11275314  0.09374622  0.03389665
 -0.06703527 -0.06598706  0.07216517 -0.14377487 -0.06421028  0.1177174
  0.08040426 -0.00435206 -0.2001051   0.06837802  0.07949692 -0.00593668
  0.04804279 -0.09406587 -0.02429549  0.0374869   0.25813711  0.02943071
  0.13236225 -0.03061242]