[ 0.03919495  0.16963479  0.05255462 -0.0124782   0.05692767  0.26114729
 -0.04740257 -0.12836988  0.05848269 -0.09464581  0.04616145 -0.02668239
 -0.0758523  -0.0230721   0.05152228  0.01127085 -0.03817264 -0.05261681
 -0.07356102 -0.16505419  0.04759267  0.12702115 -0.08261757 -0.00449758
  0.14409882 -0.10460204 -0.02358438  0.0801907   0.01259211  0.02667268
  0.18175609 -0.06075106 -0.13681336  0.01651231  0.04941798  0.09261668
  0.00142913 -0.19358632  0.17376232  0.096213    0.06061234 -0.00292009
  0.03228729 -0.10188767  0.09448513 -0.00986598 -0.02129022  0.01210615
 -0.07201886 -0.05680361  0.00662911  0.09469926  0.01037662 -0.03086086
 -0.08728861  0.04185798 -0.10800315  0.12253638 -0.12827747  0.03210253
 -0.09016176  0.09269551  0.09139035 -0.18226662  0.00456626  0.06919879
  0.06322779  0.09468593 -0.10304455  0.15243566  0.1183422   0.12443372
 -0.04804309 -0.09635048  0.0616698   0.06279822 -0.03087889 -0.05672842
 -0.09070027  0.07051495  0.06562212  0.10192965  0.13337836  0.07560345
 -0.09011971  0.07521302  0.01372779 -0.06555509 -0.14105332  0.06695554
  0.03101937 -0.15310156  0.00516698  0.15588468 -0.02260634 -0.01543241
 -0.03533702 -0.09509332 -0.0394392   0.07320296 -0.01943413 -0.00553542
 -0.13957839  0.02965061 -0.03335879  0.12495822  0.00191493 -0.01134589
 -0.13258655  0.01156662  0.04117732 -0.06211435  0.00328346  0.10403256
  0.06835662  0.01675107 -0.19359212  0.18434443  0.00552708  0.06242678
  0.0882     -0.06198892  0.02513077 -0.03128015  0.11055827  0.09101307
  0.0234992  -0.01419498]