[ 0.1070771  -0.05094022 -0.01155899  0.02189264  0.08862275  0.06621838
  0.14496019  0.0704843  -0.01202027 -0.14634852  0.08069608  0.10784088
  0.04147435 -0.13471909 -0.0562739  -0.03158566 -0.11944436 -0.05690621
 -0.20415138  0.1390485   0.07342483 -0.03803981  0.00136868  0.16100514
 -0.02912969 -0.15070105 -0.00165934 -0.03799053  0.00040005  0.0291358
 -0.05383245 -0.04147482 -0.06929943  0.14982729 -0.13751355 -0.0315318
 -0.10683579 -0.07982442 -0.15353557  0.04843348  0.13006297 -0.10664859
  0.00033367  0.07913859 -0.07094201 -0.03945306 -0.00179234  0.03386825
 -0.07303097  0.1510375  -0.04583323 -0.11002726 -0.11328415 -0.02548171
  0.04539123  0.00119199 -0.17501755  0.15308776 -0.08578653  0.13023506
 -0.05305612  0.05045508  0.11091851 -0.00631519 -0.02106975 -0.04655563
 -0.05986379 -0.07711323 -0.13490492 -0.03426113 -0.05076184  0.02820096
 -0.00205108  0.07911742  0.05734677  0.03065705  0.11537737  0.00951065
 -0.01865383  0.09191861  0.01503324 -0.14645664 -0.00802856 -0.02946837
 -0.1087025   0.14041834  0.06597733 -0.05188154 -0.10135771  0.08692792
  0.15141538 -0.15255922 -0.13170628  0.01219064 -0.06700178  0.04330489
 -0.09582587 -0.12101847  0.07379396  0.00843697 -0.00927929 -0.03633047
 -0.01740099  0.05806916 -0.04650962  0.05611302 -0.07662737  0.20969875
 -0.07931507 -0.09681668  0.06619736  0.09411667 -0.01032893  0.00961492
 -0.02787936  0.0748997   0.01366742  0.1317105   0.04961473  0.21687862
 -0.03630453 -0.00321956 -0.11307948  0.12799135 -0.04957044  0.0499701
 -0.0616668  -0.08037342]