[ 1.10293835e-01 -1.59328222e-01  4.44546491e-02  1.83883719e-02
  1.41211048e-01  1.39047829e-02  1.48138329e-01  1.72822118e-01
  1.35076558e-02 -1.88073680e-01  2.34044697e-02  1.07261539e-01
  1.31506696e-02 -1.27868146e-01  4.93224300e-02 -7.69938380e-02
 -7.54064992e-02 -3.71284969e-02 -1.67026460e-01  1.02280036e-01
  5.31712696e-02  7.67949522e-02 -1.25847105e-02  1.13050789e-01
 -4.83843684e-03 -1.67215571e-01  9.24708694e-03 -2.62104739e-02
 -5.79885840e-02 -1.58004407e-02 -3.53961848e-02 -4.28902954e-02
 -2.54142489e-02  1.60932496e-01 -9.41741019e-02 -6.07460141e-02
 -4.10842039e-02 -1.59228235e-01 -1.76699221e-01  1.57124437e-02
  2.40353972e-01 -5.03391698e-02  3.47755030e-02  1.16553791e-01
 -1.38711303e-01 -5.61756305e-02 -5.37892766e-02 -1.10808760e-03
  3.21006998e-02  1.33749783e-01 -4.48364392e-02 -1.84457168e-01
 -8.19938928e-02 -9.37295984e-03  2.80714370e-02 -1.95667502e-02
 -1.73154727e-01  4.26602513e-02 -7.42242783e-02  1.45882413e-01
 -3.31675038e-02 -2.66189943e-03 -4.83446717e-02  5.99793941e-02
 -5.70809878e-02 -8.68816450e-02 -3.51304337e-02 -9.38772112e-02
 -3.27366963e-02 -7.97209442e-02 -3.33610997e-02  4.77198185e-03
  4.46253866e-02  1.81188644e-03  5.59835089e-03  5.04330471e-02
  5.50207235e-02  6.40549872e-04 -2.60333605e-02  8.45535994e-02
  3.80110592e-02 -8.93430114e-02  3.09914071e-02  7.38210045e-03
  5.01238537e-05  1.23178326e-01  1.12458169e-01 -1.12300180e-02
 -1.50719255e-01  8.25561583e-02  1.49212509e-01 -8.32862556e-02
 -2.00707793e-01 -3.77822220e-02 -1.21030726e-01  4.56510112e-02
 -9.82184410e-02 -1.44852594e-01  1.56227248e-02 -1.44958328e-02
 -3.31354588e-02 -5.81221804e-02  8.37432146e-02  1.80613808e-03
 -5.39723039e-02 -2.77244672e-02 -7.27106705e-02  1.78663656e-01
 -9.58085507e-02 -3.51039916e-02  7.63230547e-02  1.14770997e-02
 -6.02441989e-02 -2.04909667e-02 -7.35837892e-02  7.18010869e-03
  4.67449799e-02  5.25261611e-02 -1.04656825e-02  1.51453137e-01
  1.40593629e-02  7.09058046e-02 -1.19640291e-01  1.47396654e-01
 -3.35847214e-03 -6.76533505e-02 -2.74589267e-02 -4.71291579e-02]