[ 0.00357018  0.22139211  0.11495166 -0.05659172  0.02892052  0.1727843
  0.02041112 -0.00537371 -0.01826373 -0.00638641  0.09121208 -0.07639098
 -0.0951967   0.00861146  0.13693425 -0.04670664 -0.02240449  0.07349185
  0.00855754 -0.18582271  0.05908184  0.13755251 -0.08264865 -0.01023817
  0.10371012 -0.07480461  0.00515419  0.04927886  0.14623289  0.04444231
  0.0558579  -0.06943885 -0.01036764  0.02791305  0.07893351  0.06433731
  0.01371421 -0.12282508  0.06443813  0.06323665  0.0410104  -0.00291261
  0.00703866  0.0130449  -0.01177254  0.08456977  0.06552052 -0.07455929
 -0.22347057 -0.13185348 -0.04574804  0.15408218 -0.05005195 -0.03183391
 -0.06042351  0.13586797 -0.08203533  0.10781594 -0.14986348  0.03604841
 -0.09453043 -0.00527884  0.11793217 -0.1180797   0.08363418  0.08394561
  0.02175118 -0.01925345 -0.09555014  0.23932421  0.0736875   0.02542693
 -0.05811491 -0.07737388  0.06617655  0.00426954 -0.05656609  0.02318038
 -0.07626829 -0.1436027  -0.05156616  0.15833813  0.02367319  0.01467501
 -0.03570228  0.04460642 -0.00765581 -0.09191756 -0.08325429  0.15836495
  0.12181836 -0.12090354 -0.12125058  0.03482417  0.09296282 -0.00196826
 -0.03126586 -0.01403297  0.03060575  0.09232922 -0.06765398  0.03592304
 -0.03703823 -0.03744165 -0.10264037  0.15998639  0.03226113 -0.0516231
 -0.00599094 -0.12356112  0.07500818 -0.05234661 -0.05067077 -0.03050208
  0.1677117  -0.02238002 -0.05312736 -0.08226307  0.14325972  0.05351139
  0.14760366 -0.08897594 -0.00350328  0.04423681  0.12147941  0.08336566
  0.16777097 -0.01966944]