[-0.00465829  0.18293847  0.1260186  -0.05674175 -0.00477545  0.04533054
  0.10615247  0.01937677 -0.17862269  0.0485242   0.03618353 -0.09589483
  0.0322852   0.03029746  0.11910323 -0.02235794 -0.11210462 -0.06196219
 -0.04982468 -0.00102005 -0.00283196 -0.05363322 -0.02489705 -0.07462252
  0.04060014  0.05305057 -0.14652319  0.06065486  0.18196182 -0.05476275
 -0.03985489  0.05745296 -0.10230711  0.04831679 -0.0256325  -0.00784511
  0.01423405  0.14185691  0.10004597 -0.00724034  0.09215903 -0.06806049
  0.07829131 -0.03801183 -0.08184677  0.04267755  0.102285   -0.00846116
 -0.18830289 -0.04692287 -0.10096437  0.08227655 -0.12852304  0.08986989
  0.06945155 -0.02631639 -0.02818379  0.09811201 -0.04624135 -0.08744624
 -0.07655956  0.03943006  0.08642726 -0.00574012  0.00057096  0.29216814
  0.02306449 -0.00978322 -0.02965959 -0.00149101  0.0021633   0.09162533
  0.04876453  0.23184565  0.20013925 -0.10585846 -0.02467489 -0.0364876
  0.09393033 -0.04917879  0.0277584   0.01487208  0.05502979 -0.04556864
 -0.02013461  0.01071301  0.029421    0.06252611  0.09413195  0.05443339
  0.17639582 -0.06718507  0.00584146 -0.06249874 -0.05076191 -0.12491149
  0.0191799   0.10930037  0.04300345 -0.01583945 -0.12187946  0.02787887
  0.0668606   0.08682113 -0.10902286  0.17943563 -0.01384707  0.20002392
  0.18329789 -0.15429963  0.07832052  0.12277329 -0.13455342  0.03830144
  0.10292237 -0.05989581  0.02284504 -0.03330601  0.09339358 -0.0010387
  0.06038639 -0.01951832  0.05523321  0.0791883  -0.05751807  0.02147225
  0.08338304  0.01566456]