[-0.05384566  0.01829778 -0.06533881 -0.14542457  0.0634542   0.01396496
 -0.05176939  0.01442996 -0.06072695  0.13397756  0.04860977  0.07429001
  0.01648484  0.15180996  0.11339727  0.00721678  0.04316655 -0.03975058
  0.16817273  0.0116614  -0.09727339  0.1188096   0.10110632 -0.06351889
 -0.06470642  0.13722531  0.20422386  0.03199268  0.02621377 -0.00280327
 -0.08498427 -0.08785894  0.17907614  0.02528561  0.00804987  0.11242858
  0.17760052  0.08505756  0.01138015  0.09304674 -0.00804879  0.03159079
  0.03885241 -0.01815924 -0.20516837  0.07418553  0.08463816 -0.0180538
  0.01631445  0.05586768  0.00442629  0.0289954  -0.14863276  0.11722936
  0.13855478  0.07188491  0.06058562  0.01695744 -0.13978936  0.10738832
 -0.12617089 -0.15121813  0.09399402 -0.12195627  0.17321652 -0.06536505
 -0.07198934  0.10506633  0.05362957  0.1648623   0.02287657  0.054994
 -0.069058    0.00703061  0.13410987  0.06193105  0.01296374  0.16327175
  0.00259987 -0.21403177 -0.03926307  0.05241974  0.09150264  0.12357035
 -0.05557797 -0.06734515  0.04551975  0.10405568  0.08636141  0.06362402
 -0.01165467 -0.05531916  0.00226857  0.02071732  0.0919627  -0.09470514
 -0.00632568  0.08935463  0.05798785 -0.01026049 -0.07375648  0.02532733
  0.00079452 -0.06121278 -0.00335364  0.0404956  -0.06421151 -0.13632415
 -0.01793011 -0.05022734 -0.0560796  -0.00143385  0.1058825   0.05523264
  0.03116794 -0.02460626  0.14474805 -0.142158   -0.03610188  0.08884158
  0.13860264 -0.04211756  0.07545043  0.03240078 -0.04077625  0.05768771
  0.07741236  0.11615229]