[-0.08147585  0.08435595  0.0915763  -0.16230354  0.00050123 -0.05182588
 -0.04608495 -0.06259862  0.0353588   0.0725935   0.08451312 -0.01395466
 -0.00247906  0.19875866  0.12312688 -0.05068855 -0.02372599  0.02300274
  0.05267222 -0.07507346 -0.05896096  0.24731554 -0.09355835 -0.04705471
 -0.05470674  0.0781485   0.14019254  0.1620985   0.0543144   0.09902161
 -0.12415499 -0.15173294  0.15365849 -0.02867921  0.08827356  0.10805583
  0.1298538  -0.04283405  0.01878341  0.10557225 -0.01602617  0.0376997
  0.04928472 -0.00170686 -0.06183999  0.15395902 -0.00167482 -0.01466434
  0.0043059  -0.09936883 -0.00316096  0.08868625 -0.08097525  0.08878853
  0.05913402  0.10019938 -0.05402879 -0.03471546 -0.15473692  0.12417433
 -0.05258373 -0.10367557 -0.01151565  0.09496524  0.02629935 -0.03525067
 -0.00672428  0.07211068  0.07727619  0.0765838   0.134821   -0.09968288
  0.01858778 -0.16015908  0.14553137  0.13246468 -0.10577187  0.05747977
 -0.0165009  -0.17565256  0.1181595   0.12377427  0.07595577  0.16177103
 -0.02342875  0.02092067  0.03754206  0.00053207 -0.03971993  0.18057543
 -0.04748226 -0.09157394  0.01802428  0.06079217 -0.08297753 -0.08798485
 -0.09997012 -0.05421209  0.13054171  0.00148611  0.02098315  0.09928495
  0.03781178 -0.14611609 -0.02135634  0.03755147 -0.03033685 -0.10774624
 -0.05958159 -0.02368972  0.05496533 -0.15272763 -0.02497745  0.04792044
 -0.06594928  0.0230233  -0.0008762  -0.05200339 -0.1050667  -0.0469067
  0.11941852 -0.09555737 -0.01673356 -0.00522558  0.05135413  0.10121113
  0.06472499  0.07434184]