[ 0.09542497  0.19321148 -0.05881666 -0.02433924 -0.00797676  0.02799998
  0.04324485 -0.00716936 -0.11227736  0.22032411  0.17175601 -0.04400907
 -0.00535677  0.0332242   0.15116724 -0.05305363  0.08026039  0.01639354
  0.13126521 -0.06736588 -0.12467968  0.14359313 -0.05291056 -0.04750882
  0.07080355 -0.01865425  0.1841986   0.10845811  0.11722976  0.13567132
 -0.1535252  -0.03397424  0.04781653 -0.00315878 -0.02302335 -0.04893833
  0.05349022 -0.11104267  0.0888664   0.0968724  -0.0459633  -0.10929213
 -0.02339277  0.03987534 -0.12148655  0.1356959  -0.00362965  0.01134489
 -0.06602769 -0.07353513  0.20400093  0.29357427 -0.13468525 -0.01014372
 -0.06471182  0.01932599 -0.03254839 -0.07651609 -0.03807998  0.15057598
 -0.06056362 -0.19772592  0.02023785 -0.02922276 -0.00754652 -0.04569669
  0.0125904   0.02488849  0.0077928   0.07487624  0.01292703  0.02881438
 -0.0410381  -0.06404575  0.04512575 -0.00491806  0.03533242  0.08343013
 -0.05855669  0.00708628  0.04903729 -0.03802404  0.05520661  0.0571775
  0.07726741 -0.0251283  -0.03690685 -0.11497661  0.04617868  0.11263292
 -0.09422506 -0.03988669 -0.11123756  0.10722983 -0.06369548 -0.15515567
  0.04145692 -0.11683488  0.1400007  -0.09193876  0.0122878   0.16374934
  0.09344152 -0.00254281 -0.08331262  0.011436    0.0344261   0.05203707
  0.04694078 -0.02443941  0.10338356 -0.01800362 -0.00757082  0.03479092
 -0.01584181 -0.10795168  0.00179514 -0.03590023  0.04219697 -0.00117811
  0.063601   -0.10514233  0.00057995  0.06903089  0.17820007 -0.0068624
  0.13218847  0.00597693]