[-5.61890863e-02  1.40127763e-01 -2.10358948e-02 -1.35412484e-01
  4.80507426e-02  5.00470959e-02 -2.92490218e-02  2.71564722e-02
 -6.15850370e-03  1.60755962e-01  9.60080996e-02 -3.75510007e-02
 -4.19845395e-02 -1.04564922e-02  1.50491044e-01 -4.21054438e-02
 -9.03316736e-02  5.39829768e-03  8.01093131e-02 -1.10489815e-01
 -1.02349237e-01  2.07210302e-01 -5.68145402e-02 -1.71419188e-01
  2.36797165e-02  4.69164960e-02  1.51860774e-01  9.20214951e-02
  6.65936992e-02  2.76762843e-02 -8.97049457e-02 -1.00879967e-01
  6.58965409e-02 -1.96781512e-02  5.50520159e-02  2.61569880e-02
  1.33149222e-01 -1.68942228e-01  9.35326368e-02  1.11161649e-01
  9.42220166e-02 -7.96441585e-02  5.09441532e-02  8.14212263e-02
 -1.52279809e-01  7.76171684e-02  3.43107656e-02  1.77252591e-02
  1.12240622e-02 -5.56594692e-02  5.59723563e-02  1.41205460e-01
 -1.69907600e-01  6.99009374e-02 -1.82043947e-02  3.59819829e-02
 -1.12223402e-02 -1.56689182e-01 -1.15348488e-01  9.70044807e-02
 -6.85431734e-02 -1.73831448e-01  5.41845476e-03  7.26224557e-02
 -3.57176323e-05 -6.19143732e-02  1.40232323e-02  5.56246489e-02
  1.78825662e-01  8.76435488e-02  5.62519394e-02  5.30135371e-02
  3.15769725e-02 -7.31981024e-02  1.01003900e-01  2.95682140e-02
 -1.12707876e-01  1.26253352e-01 -8.16015154e-02 -1.02373712e-01
  1.02451272e-01  1.10919096e-01  1.24337934e-01  2.13037789e-01
  3.14193889e-02  7.31815770e-02  6.48461506e-02  4.87072095e-02
  3.89365554e-02  8.72174501e-02 -3.27225477e-02 -3.31017636e-02
 -1.18119769e-01  1.23039186e-02 -1.04569368e-01 -1.75399542e-01
 -6.15445785e-02 -3.28696296e-02  5.22127450e-02 -4.77810539e-02
 -2.65022796e-02  4.85989153e-02  1.17319375e-01 -1.16409115e-01
  9.81536414e-03  6.20871596e-03 -1.24470759e-02  4.88316007e-02
 -4.78924736e-02  6.64061159e-02  5.22897951e-02 -9.64106321e-02
 -3.48130725e-02  3.60128954e-02 -5.16993217e-02 -1.05214931e-01
  3.16748023e-02 -5.87171912e-02 -5.94076281e-03 -7.70951286e-02
  1.67708203e-01 -3.47290859e-02  5.81924021e-02  5.06470464e-02
  6.83978498e-02 -4.60263826e-02  9.11811963e-02  1.41557992e-01]