[-0.03851377  0.13221312 -0.05438504 -0.04401997  0.01012632  0.00178306
 -0.05685508 -0.07948337  0.01437723  0.11696678  0.12052368  0.01880646
 -0.07782058  0.05203253  0.01570285  0.04594446 -0.04042165  0.00724555
  0.14539404 -0.06124979 -0.03861868  0.18837038 -0.07539415 -0.05151419
 -0.00052996  0.07901181  0.19292311  0.0689385   0.07894634  0.14106989
 -0.16666403 -0.09380287  0.09908392 -0.04096178  0.03493768  0.07973023
  0.11382893 -0.16170782  0.05455796  0.13324125 -0.04277979 -0.03383318
  0.06070874  0.01897933 -0.03895683  0.14427477  0.10503493 -0.0497954
  0.01493607 -0.05027409  0.11050013  0.18153147 -0.12664069  0.07925665
  0.08092571  0.08153475  0.04113485 -0.12244283 -0.10320496  0.15579681
 -0.00027897 -0.16614474  0.05505094  0.02369518  0.04938208 -0.15745506
 -0.0025164  -0.00986538  0.15124831  0.16258368  0.02302943  0.02800639
 -0.0242164  -0.07412207  0.09732898  0.06421527 -0.0189948   0.21496291
 -0.12744986 -0.15652314  0.12143604  0.15631135  0.05785904  0.1621972
  0.0057217   0.08137931 -0.0168881  -0.00307318 -0.02284004  0.10946907
 -0.07127891 -0.02241861 -0.11959331  0.06855211 -0.01751914 -0.07649824
 -0.03278686 -0.03376931  0.16965459 -0.0096997   0.00651761  0.06015465
  0.05503058 -0.11120097  0.00240636  0.01791076  0.00837656 -0.04432976
 -0.11164971  0.05698361  0.00154736 -0.11267233  0.04775839 -0.01986961
 -0.03235096 -0.02137604  0.07394379 -0.07856858 -0.05897668 -0.04971863
  0.09867214 -0.01694141  0.09337142 -0.01028069  0.02319587  0.0936314
  0.09794051  0.10656182]