[-0.10634209  0.13401507  0.05460755 -0.10658859 -0.01848876 -0.05175983
 -0.02713637 -0.06736759  0.03409505  0.09160657  0.06555665 -0.0153291
 -0.0354114   0.10011885  0.08188096 -0.02973723 -0.10189065 -0.01914763
  0.06956929 -0.05784865 -0.06653783  0.19037907 -0.11091708 -0.0255276
 -0.0412172   0.0682143   0.1239507   0.09934567  0.05389638  0.1190009
 -0.1634272  -0.17457256  0.12699297 -0.03856179  0.08335865  0.08772495
  0.13720995 -0.08321112 -0.03017571  0.09096511  0.00226478 -0.02054167
  0.07919849  0.04163625 -0.05451339  0.20618042  0.08808193 -0.02050668
 -0.01940842 -0.07382111  0.02911201  0.07628288 -0.08740104  0.07751058
  0.14004757  0.10250179 -0.05312829 -0.08398002 -0.08840831  0.09072434
 -0.01755631 -0.12186041 -0.00885654  0.10941006  0.04467661 -0.07420538
 -0.00402012  0.01095511  0.12516546  0.06540579  0.09215642 -0.05135799
  0.02816379 -0.12752491  0.17270184  0.1353775  -0.11073368  0.1541141
 -0.02372306 -0.14817415  0.13067174  0.11968337  0.0409893   0.17180443
 -0.0175666   0.06601642  0.02484562  0.00206505 -0.03356543  0.17049138
 -0.06196998 -0.06439219 -0.02189007 -0.00802256 -0.12443029 -0.0828298
 -0.0587931  -0.04873087  0.18814203 -0.03048239  0.02007711  0.09457696
  0.08452669 -0.18082595 -0.06159884  0.01406681 -0.04121857 -0.02869746
 -0.10765     0.03802254  0.07501859 -0.13105786 -0.02309562 -0.03378603
 -0.08511063  0.0278162   0.00563402 -0.0691072  -0.11938949 -0.07309683
  0.10818008 -0.04342713  0.0135142   0.01850781  0.01670922  0.11405947
  0.06760696  0.08299257]