[-0.06673557  0.11652977  0.06660313 -0.05785567  0.09245207 -0.04295579
 -0.01939364 -0.06076594 -0.02551612  0.09950873  0.05482868  0.02605295
 -0.00701018  0.14510089  0.12608808 -0.0223427   0.03820138 -0.00347397
  0.04938646  0.0351029  -0.05665739  0.10111556 -0.08757513 -0.07293445
  0.01664891  0.02133559  0.01558729  0.13359508  0.00741345  0.09056355
 -0.14558841 -0.04564823  0.14333503 -0.00673864  0.06354024  0.1057185
  0.18064527 -0.06890761  0.00082563 -0.03832339  0.06502823 -0.00196525
  0.1541387  -0.10572766 -0.08973792  0.23389873  0.07606848 -0.02310797
 -0.04528941 -0.08143618  0.00655408  0.05468928 -0.09648728  0.08458405
  0.16668536  0.06082186 -0.09127907 -0.13412276 -0.12565313  0.09655992
 -0.01327663 -0.07568926 -0.09962823 -0.00331645  0.08486615  0.05270097
 -0.05948769  0.10999614  0.04881456  0.0264496   0.13128075 -0.0148778
  0.0070817  -0.1645892   0.1747627   0.21864793 -0.02854241  0.13203187
  0.02074893 -0.18260844  0.02303192  0.1234843   0.05337057  0.18709853
  0.00062521  0.09176032  0.01367603  0.06821811 -0.00436049  0.18968663
 -0.04903634 -0.07851738 -0.00100524  0.06200259 -0.15113144 -0.11040879
 -0.03541952 -0.04158119  0.09287523 -0.06521811  0.02505911  0.05781032
  0.07119    -0.14976855 -0.05658051  0.09925664 -0.02758485  0.00219781
 -0.0739394   0.01435119 -0.00682536 -0.14290313 -0.0237623   0.00806583
 -0.03596209 -0.05710169 -0.07002866 -0.0670454  -0.12678052 -0.01241245
  0.07996623 -0.00082162  0.01260642  0.05949932  0.08903164  0.1142915
  0.11110075  0.02601291]