[-9.38905254e-02  7.06114769e-02  3.30917425e-02 -1.38289347e-01
 -5.64362220e-02 -1.06791519e-01 -4.11438979e-02  1.51586644e-02
  7.10730255e-02  1.42966151e-01  8.44525173e-02 -2.52928864e-02
  3.78111713e-02  2.13615075e-01  1.15067989e-01 -6.15410320e-02
  1.69211552e-02  1.75354760e-02  7.40404651e-02 -3.26731801e-02
 -9.31203589e-02  2.02427655e-01 -9.81496498e-02 -6.10831007e-03
 -9.76589173e-02  8.23106170e-02  1.45441934e-01  1.51456326e-01
  4.51440252e-02  1.04267277e-01 -1.55140087e-01 -1.14407882e-01
  1.89391404e-01 -2.08733529e-02  3.59310657e-02  9.44383889e-02
  1.84028506e-01  1.89028680e-02 -3.63120437e-02  1.12152517e-01
 -4.74233106e-02  4.12305556e-02  3.74179594e-02 -3.55971931e-03
 -5.94547242e-02  7.58742914e-02  7.64675718e-03 -1.69263445e-02
  8.06849152e-02 -7.48259053e-02  4.42445762e-02  7.08327070e-02
 -1.02156058e-01  1.16200939e-01  9.00000408e-02  1.09088674e-01
 -4.33218777e-02 -1.01269089e-01 -6.23518862e-02  6.12110384e-02
 -5.33685721e-02 -1.63418904e-01 -6.37938455e-02  7.74857029e-02
 -3.48331816e-02 -4.64693047e-02  4.89736684e-02  3.29346173e-02
  1.28945932e-01  1.18115079e-02  9.19284075e-02 -1.13901444e-01
  4.00274135e-02 -1.06713317e-01  1.40956670e-01  8.28164294e-02
 -8.52989331e-02  1.07855529e-01 -2.77815736e-04 -1.97073519e-01
  1.02812566e-01  1.18870504e-01  5.26703671e-02  1.24034502e-01
  5.72767258e-02  2.87835337e-02  3.15015875e-02  1.41614079e-02
  5.61770312e-02  1.35815203e-01 -1.04761377e-01 -8.57001171e-02
  4.26287055e-02  5.21083176e-03 -6.24406673e-02 -1.06038764e-01
 -8.40028152e-02 -5.93801178e-02  1.31398499e-01 -1.01505741e-02
  1.24409879e-02  9.80162248e-02  8.69695097e-02 -1.21246390e-01
 -4.86916117e-02 -5.83831097e-05 -5.28024249e-02 -1.54410288e-01
 -5.55158705e-02  4.52308962e-03  1.34147713e-02 -1.24063171e-01
 -1.90808233e-02  2.01632567e-02 -9.86680835e-02 -1.65347848e-02
  7.85737857e-02 -1.30475625e-01 -1.07223548e-01 -1.16883703e-01
  1.09021127e-01 -6.04072362e-02  1.23040639e-02  2.48897355e-02
  2.62052584e-02  4.24749181e-02  3.92808877e-02  9.17726383e-02]