[ 0.00218475  0.00529989  0.02807643 -0.17755681  0.10906896  0.01547924
 -0.00470714 -0.0699873  -0.08362686 -0.04810167  0.01341691 -0.07830356
  0.02305796  0.23424938  0.14582512  0.02470219  0.03509873  0.05842134
  0.0529241  -0.11871822  0.05120629  0.20318322  0.01235261 -0.17888662
  0.02299401  0.07503942 -0.04228294  0.07115289  0.08294726  0.0426627
  0.00843541 -0.1096038   0.01967946 -0.1123059   0.16604263  0.04333673
  0.02964944  0.03847351  0.15855874  0.01604908 -0.0406016   0.24930969
  0.04414191  0.05807285 -0.08374825  0.06411816 -0.01518598 -0.04264044
 -0.0118147  -0.136941   -0.1500884  -0.07178827 -0.01166793  0.05274008
 -0.09086607  0.01412111  0.01032758  0.17170167 -0.10694118  0.02889893
 -0.03052373  0.02863889  0.09244706  0.05598166  0.05432418  0.08965518
 -0.02764948  0.13677768  0.08907353 -0.03671644  0.20861916  0.02384381
  0.09085431 -0.14709844 -0.02496777  0.03231806 -0.17128383 -0.17214555
 -0.00231893 -0.13306603  0.13188818  0.13931198  0.02866827  0.05855485
 -0.03649665 -0.04736856  0.01822788 -0.01663557 -0.05507745 -0.01031174
  0.07585768 -0.02464777 -0.03180695 -0.02036365  0.0742229  -0.0791959
 -0.07533585  0.10956934 -0.07464109  0.09292047 -0.08494341  0.02424327
  0.08545546 -0.11304561 -0.14266725  0.08294392  0.02889455 -0.08080671
  0.08694487 -0.03461702  0.1303893  -0.1518774  -0.04908113  0.09899171
  0.00660301  0.05245694 -0.06986033  0.01974684 -0.11026309 -0.124144
  0.03085476 -0.06100824  0.00391141 -0.03199076 -0.02717617  0.0034081
 -0.01032183  0.05410814]