[-0.00664099  0.09082852 -0.05312718 -0.08451341  0.02958736 -0.08273137
 -0.0135901  -0.19971602  0.01968863 -0.0812144   0.05401399 -0.05439147
  0.07435907  0.242686    0.04909756  0.08213167  0.09455602 -0.02093441
  0.02686741 -0.047097    0.06029426  0.16377363 -0.0693734  -0.09848879
 -0.01009918  0.0938262  -0.08198597  0.0481605   0.15199974  0.22064783
  0.01349266  0.08158919  0.08292951 -0.11775468  0.08363948  0.06486575
  0.07892796  0.10025033  0.15847342  0.04811845 -0.10866428  0.1833404
  0.04791708  0.00238785  0.06246815  0.13354187  0.04948664 -0.0516489
  0.00868376 -0.22172344 -0.13724233  0.00385025  0.06778026  0.01326396
 -0.06399077  0.05120943 -0.05214363  0.15007441 -0.10181899  0.06891029
 -0.04425805 -0.01746841  0.07910763  0.03203944  0.0015437   0.06336913
  0.04194444  0.05858798  0.05066702 -0.15624316  0.14111505 -0.08968157
  0.00731373 -0.11467014  0.03737777  0.05077475 -0.09081844 -0.14995496
 -0.06717676 -0.04855002  0.1658313   0.14091727 -0.06284317  0.0265391
  0.00520343  0.01409967 -0.03953303 -0.13364395 -0.12698098 -0.02370181
  0.00355209 -0.06459876 -0.01792328  0.05864368  0.07392827 -0.02096771
 -0.07600472  0.04419895  0.03388578  0.08915384 -0.0726273   0.00109927
  0.04446523  0.01722826 -0.20928094  0.09331603  0.03076175 -0.02004918
  0.08264101 -0.03810131  0.0640396  -0.18271637 -0.14865848  0.05115354
 -0.04576176  0.07395079 -0.10707013 -0.01685114 -0.0988663  -0.08244727
 -0.01535461  0.00339266 -0.02294075  0.00231088 -0.0410993   0.04436802
 -0.06035934 -0.0114462 ]