[-0.04067905  0.12925807  0.00444161 -0.11526264  0.05319434 -0.01014168
 -0.03833106 -0.16699478 -0.03424028 -0.1103367   0.02875413 -0.07709523
  0.06174735  0.16459198  0.00990668  0.09710921 -0.01109111  0.01081557
 -0.01942386 -0.07889232  0.17671235  0.06060584  0.00361981 -0.1542697
  0.0682891   0.08178382 -0.08444311 -0.01496441  0.13539667  0.14628153
  0.04490427  0.01202713  0.05956763 -0.07868011  0.13350332  0.0032761
  0.04749355  0.16394882  0.19305742 -0.03387799 -0.07702046  0.13906424
  0.1133506   0.05086043  0.03046738  0.08041831  0.10488801 -0.07872321
 -0.1353177  -0.20898405 -0.17556241 -0.05593173  0.05335596  0.04422548
 -0.05997337  0.03657196  0.00102164  0.1532449  -0.11904787 -0.08793046
 -0.01273821 -0.00944883  0.13041513  0.02625967  0.08424564  0.12602973
 -0.03265196  0.10690324  0.0419581  -0.09033373  0.1201141  -0.04724904
 -0.00401971 -0.16573489  0.04334715  0.02456454 -0.13722873 -0.15278102
 -0.03318423 -0.01846647  0.06047994  0.13374902 -0.02030977  0.03678838
 -0.08911979  0.00274987 -0.01837938 -0.04840328 -0.06401616 -0.02725279
  0.05091559 -0.10481303 -0.03674925  0.01674285  0.0407545  -0.04778933
 -0.08579767  0.17577696 -0.02394127  0.0689972  -0.08452987 -0.03385142
  0.01651302  0.04463153 -0.13728631  0.09295877  0.01858018  0.08312879
  0.09325168 -0.13299622  0.03933108 -0.12390835 -0.18025023  0.08426078
  0.0493005   0.07318942 -0.19398873 -0.0011812  -0.0523974  -0.05315545
 -0.00499812  0.0355153  -0.02120241 -0.01677483 -0.01668864  0.03273987
 -0.01411341  0.00186175]