[-0.02210936  0.08097787 -0.04034686 -0.11991226 -0.00040455  0.05118612
 -0.00821234 -0.11752758 -0.07335186 -0.00209765  0.02781347 -0.10949709
  0.04071976  0.15938248  0.02511491  0.05977399 -0.06784079  0.05549286
  0.05567726 -0.11637627  0.09784027  0.08079348 -0.12187298 -0.07736481
  0.00677285  0.11455178 -0.06096293  0.00409824  0.11153931  0.14008021
 -0.04751665 -0.03229581 -0.05699804 -0.10692011  0.15331182  0.07159701
 -0.01859849 -0.03786849  0.11269355 -0.0576622  -0.10594638  0.09088203
  0.09885604  0.12576699  0.07824621  0.06849751  0.11041874  0.01450546
 -0.1457262  -0.1823436  -0.11782215 -0.09284743  0.0426168   0.00805071
  0.02021559  0.08827686 -0.07995967  0.17918579 -0.0089748  -0.09298934
  0.02930418  0.05950435  0.17958605  0.08637679  0.01519229  0.16736251
 -0.01511023  0.02537193  0.08873111 -0.06272035  0.07627489 -0.02942492
  0.05576355 -0.14567256 -0.03124109 -0.03245888 -0.10808583 -0.10503913
  0.00434794 -0.12823723  0.20142446  0.1460719  -0.09803582 -0.06307805
 -0.09017265  0.01233639 -0.03986371 -0.07801668  0.03060195  0.09152412
  0.10738561 -0.02834041 -0.08133147 -0.0342566   0.02962529  0.06251963
 -0.05386911  0.10046557  0.04462395  0.07774883  0.00492589  0.03298537
  0.0659349  -0.1618479  -0.20064238  0.13116959 -0.02296045 -0.05526967
 -0.02814012 -0.01314581  0.15735368 -0.0959372  -0.07883474 -0.05552366
  0.04273416  0.06750122 -0.05787506 -0.01233913 -0.05075417 -0.18750727
  0.0317395  -0.11497616  0.11178794 -0.04672132 -0.09768331  0.08095533
  0.00335646 -0.01652765]