[ 0.05769423  0.1648954   0.05921159 -0.06354336  0.03936888 -0.04666064
  0.10049569 -0.08016464 -0.19072565 -0.01468296  0.05393291 -0.0356379
  0.06079827  0.19847904  0.04211519  0.00144268  0.10455461  0.04524931
  0.0242863  -0.03008176  0.09865799  0.06979001 -0.08489257  0.02369303
  0.06289823  0.06438664 -0.05513159  0.1001927   0.22779249  0.18744017
 -0.11443255  0.02938545 -0.03040943 -0.03292508  0.02757812 -0.08004484
  0.00126252  0.13735051  0.11471009 -0.01521518 -0.06031205  0.13321622
  0.13014801  0.06041294 -0.03877725  0.08830351  0.11443026 -0.09332792
 -0.14190577 -0.17089985  0.01721605  0.07552679 -0.06212491  0.03620427
  0.04387007  0.0294195  -0.04985259  0.22828236 -0.01140359 -0.06486187
  0.00131478 -0.03770204  0.09498762  0.02794209  0.01050904  0.13141195
  0.00174198 -0.03705949 -0.04716108 -0.0492118   0.08690111 -0.00318734
  0.04833442  0.00459593  0.0487538  -0.02025841 -0.01963823 -0.0637532
  0.04868805 -0.07126052  0.05973077  0.11555123  0.02655218 -0.0540403
  0.03840509 -0.11543637 -0.01391964 -0.06396088  0.02042731  0.03786093
  0.02950925 -0.08668521 -0.05279209 -0.01657695  0.05635801 -0.10001679
  0.03967272  0.1007769   0.05254498 -0.00624839 -0.10884493  0.13346547
  0.11431362  0.14370723 -0.27448073  0.10121337 -0.01039695  0.0827757
  0.16285314 -0.19952855  0.15490222 -0.01863001 -0.18611905  0.10251898
  0.0396782   0.00361817 -0.05454369 -0.08336737 -0.03954541 -0.05003907
 -0.0360473   0.01181245 -0.03148698 -0.01805394 -0.02682132  0.0558606
  0.02908805 -0.07514095]