[ 0.08011531  0.14050727  0.08800126 -0.04934989  0.13631903  0.07959362
  0.02062251 -0.04162162 -0.16917756  0.06955557 -0.00030287 -0.06161355
 -0.01273835  0.12150476  0.14356379  0.06612639  0.15656421  0.10413197
  0.06015787 -0.02885634  0.03448315  0.19929548 -0.05202038 -0.08829677
  0.01204259 -0.03376724 -0.10560261  0.09876253  0.15338358  0.10264391
 -0.13791546  0.05103604 -0.0324135  -0.03232029  0.14508101  0.02936362
  0.1061408  -0.10133214  0.12614313 -0.04682976 -0.06641607  0.10196982
  0.07583556 -0.16258945 -0.02539526  0.24235649  0.05831342 -0.00213428
 -0.15568732 -0.0779787   0.04427077  0.13076329 -0.04107465  0.03867382
 -0.02537117 -0.01985179  0.07484959 -0.05466821 -0.09855709  0.09828526
  0.062511    0.08089647 -0.04408517 -0.08001094  0.05861923  0.04993189
 -0.04379322  0.08366004 -0.03069299  0.06980706  0.12304847  0.03913104
 -0.00246799 -0.12099624 -0.01111109  0.11787161 -0.01371753  0.03458514
  0.0433866  -0.18218116  0.129392    0.1783537  -0.00841284  0.06762069
  0.08764043  0.03442092 -0.0960061  -0.01308583 -0.06939706  0.17943905
  0.05406477  0.02054168 -0.10165525  0.14479442 -0.02799341 -0.03598857
  0.04162157  0.05222651 -0.02006352  0.0300424   0.08788853  0.08648493
  0.00484255 -0.07125849 -0.1134364   0.10811354  0.05368648 -0.07349205
  0.04167809  0.03136323  0.0565106  -0.11568317  0.0256997   0.00164701
  0.04162643 -0.02239459 -0.12179355  0.00406698 -0.14076149 -0.05154841
 -0.01185897 -0.05369448  0.09760001 -0.02701661  0.09068413  0.10673585
  0.08873385 -0.09849007]