[-5.83646744e-02  1.23569041e-01 -3.16967512e-03 -8.62150714e-02
  2.89639942e-02 -4.98157740e-02  7.07849953e-03 -1.95617735e-01
 -4.25641239e-02  1.44007690e-02  4.35635448e-02 -1.01503164e-01
  7.92307481e-02  1.35757878e-01  3.93160954e-02  1.03946209e-01
 -2.71197259e-02  5.49729839e-02  8.89276713e-03 -5.13315536e-02
  1.12282418e-01  6.39518723e-02 -6.56810626e-02 -1.03191808e-01
  1.47474343e-02  1.39181256e-01 -1.59991726e-01 -3.37900668e-02
  2.07082123e-01  1.73532918e-01 -6.11103838e-04  8.29424337e-02
  2.81053502e-03 -1.28470212e-01  1.59591690e-01  1.35931605e-02
  2.63889916e-02  1.33534864e-01  1.90182418e-01 -4.98320088e-02
 -8.80611166e-02  1.12093143e-01  5.70065230e-02  5.88972494e-02
  4.22418192e-02  7.80380294e-02  1.00314215e-01  2.06422922e-03
 -7.80890957e-02 -2.60677129e-01 -1.45032138e-01 -3.63241769e-02
  5.35974279e-02 -9.23246425e-03 -3.48804779e-02  3.66283841e-02
 -9.90785775e-04  1.32245049e-01 -5.78827299e-02 -5.99971749e-02
 -5.21436613e-03  6.10123214e-04  1.24721192e-01  1.06313676e-01
  3.78501154e-02  1.51733086e-01  1.35027891e-04  3.43450792e-02
  8.24115202e-02 -1.60806865e-01  8.86451975e-02 -3.51388231e-02
  4.55869511e-02 -9.22657177e-02  2.09415685e-02 -4.62921634e-02
 -1.50723442e-01 -1.16702698e-01  9.13191494e-03 -5.04195392e-02
  1.72176570e-01  1.59944594e-01 -7.12994784e-02  3.42022348e-03
 -2.16878187e-02 -1.88952796e-02 -2.45525576e-02 -4.80342656e-02
 -2.42423024e-02 -1.92982554e-02  6.02974445e-02  4.78746742e-03
 -2.49050818e-02 -4.10469342e-03 -8.42861272e-03 -5.47574796e-02
 -7.69345462e-02  1.31512940e-01  2.29095705e-02  5.08633479e-02
 -1.27854999e-02 -8.76852032e-03  6.59845173e-02 -3.38951200e-02
 -1.51309669e-01  9.50215682e-02  5.99617697e-02  2.86462121e-02
  1.66847318e-01 -1.81901548e-02  8.29799771e-02 -1.01875685e-01
 -1.62759647e-01  1.18441153e-02  8.25414341e-03  7.23585114e-02
 -1.48662388e-01 -8.88619944e-03 -1.12545460e-01 -1.49686232e-01
 -1.37139987e-02 -1.25931567e-02  9.46312491e-03 -3.00433021e-02
 -1.14223316e-01  8.21776837e-02 -5.45386821e-02 -3.97816580e-03]