[ 0.02942058  0.02327535 -0.15212879 -0.046694   -0.01196388  0.00668149
  0.00924092 -0.05606787  0.040583    0.04975411  0.16135459  0.08088329
  0.00456649  0.14747629  0.04065762 -0.11615767 -0.00594622 -0.02196716
  0.12919803 -0.01449503 -0.11119     0.15201934 -0.07600228 -0.0102615
 -0.01540495  0.04542949  0.22028862  0.05443392 -0.05036307  0.16273305
 -0.1067199  -0.14727114  0.11225421 -0.07937559 -0.00932133  0.09484416
 -0.0016299  -0.09322573 -0.04431711  0.13066882 -0.02368395  0.03165313
 -0.07054938  0.15128361 -0.15913862  0.07814796 -0.01345125 -0.04264215
  0.05755614 -0.04814171  0.03883243  0.10111448 -0.07286355  0.01024822
  0.03689154  0.10275955 -0.17560199  0.09066499 -0.07869033  0.16269101
 -0.12169555 -0.18424794  0.15351292 -0.01211249  0.03825334 -0.12228747
  0.05552348  0.03752348  0.04917036  0.04466794  0.13277777 -0.00623368
  0.03344796 -0.15345576  0.0341264   0.08485869 -0.05897161  0.00690648
 -0.10135801 -0.01661396  0.03855675 -0.0129944   0.01478414  0.03414749
 -0.05726875 -0.01648957  0.05439935 -0.12082083  0.00087506  0.05875446
 -0.09941266 -0.1174171  -0.03913519  0.02355932 -0.01369637 -0.12371148
 -0.01702859 -0.17855014  0.16427806 -0.03446207 -0.04121806  0.13080329
  0.08724341 -0.16570786 -0.16104633  0.06318792 -0.02327753 -0.06828889
 -0.12770732  0.01975998  0.13903312 -0.10813236  0.01575124 -0.00417419
 -0.07847159 -0.00071821  0.03667785 -0.05392767  0.02886242 -0.00934419
  0.06605785 -0.14524697 -0.03700142  0.05016801  0.1089185   0.06197365
  0.06803866  0.08252847]