[ 1.29452161e-02  1.26010299e-01 -1.21771604e-01 -7.50468969e-02
 -2.06998885e-02 -5.29194959e-02  4.45228582e-03 -8.54427144e-02
 -6.86220378e-02  7.16446340e-02  1.06640138e-01  1.87889952e-02
  1.11757163e-02  1.84539989e-01  9.58364680e-02 -4.14985092e-03
  8.07940438e-02 -9.87097472e-02  1.83921784e-01 -2.62611192e-02
 -1.27149373e-01  1.36109933e-01 -1.09973744e-01 -5.95582798e-02
 -1.97504740e-02  1.27917305e-01  1.39078334e-01  6.55723810e-02
  8.99913236e-02  1.64502978e-01 -1.38301387e-01  6.13702573e-02
  1.28105074e-01 -2.41332501e-02 -4.64947522e-02  1.04363427e-01
  1.61942914e-01 -4.91233580e-02  1.03168219e-01  1.11392729e-01
 -3.01974099e-02 -3.53931002e-02  7.44384825e-02 -2.71797702e-02
 -2.60323398e-02  2.37780988e-01  1.15141451e-01 -8.00037086e-02
 -8.19899291e-02 -1.48792773e-01 -2.75832675e-02  1.14905246e-01
 -2.76587866e-02  6.78787902e-02  4.49601598e-02  1.18388511e-01
 -8.22885260e-02  5.31027205e-02 -1.18819647e-01  1.92909181e-01
 -6.01229928e-02 -1.00438438e-01  8.13815370e-02 -7.51564428e-02
  4.16344255e-02  5.36752492e-02  3.57532762e-02  3.42979515e-03
  6.85069486e-02 -3.80776189e-02  4.85611163e-05 -7.48615786e-02
 -8.52786452e-02 -3.69638763e-02  1.79623902e-01  7.75043443e-02
  3.86324264e-02  6.49504066e-02 -8.52984861e-02 -1.31649628e-01
  5.24438806e-02  7.30578974e-02 -4.08917628e-02  3.66666093e-02
 -9.38814972e-03  8.34099725e-02 -3.15317400e-02 -1.42156169e-01
 -6.31351769e-02  9.67145786e-02  4.15105140e-03 -9.58940312e-02
 -4.81507331e-02  8.65654945e-02  5.04473932e-02 -7.22126476e-03
  8.21507163e-03 -6.38233796e-02  2.06804976e-01  7.78543018e-03
 -1.16732344e-01  3.41012590e-02  4.39917743e-02  2.88261147e-03
 -1.67411536e-01  1.15007818e-01 -2.38739159e-02  1.79572906e-02
 -1.17264196e-01 -5.42180426e-02  4.64210622e-02 -1.18785977e-01
 -1.96289141e-02 -6.10775687e-02 -2.94315387e-02 -4.87909652e-02
  2.93203518e-02 -1.48731723e-01  4.33305129e-02 -1.64512265e-02
  1.00853212e-01 -7.53985643e-02  4.80108857e-02  7.75202662e-02
  3.49879153e-02  6.24566115e-02  2.11256426e-02  1.14016945e-03]