[-0.01563521  0.1402605  -0.0982189  -0.10337882 -0.01554012 -0.01764947
 -0.05784274 -0.09872038 -0.00372159  0.09911161  0.12598455  0.00771586
  0.04988964  0.21774675  0.05875121 -0.00741391  0.06338776 -0.04448783
  0.07614402  0.01037025 -0.10453945  0.1677098  -0.10631819 -0.03114345
 -0.06723019  0.05202927  0.15057205  0.16900669  0.05233241  0.17249723
 -0.16361138  0.0047465   0.14472726 -0.00744126 -0.02779165  0.1534619
  0.13968967 -0.08266532  0.02177308  0.10192025 -0.07473011 -0.03506371
  0.0712359  -0.04852553 -0.01585756  0.18980837  0.05957415  0.02495918
 -0.04477159 -0.06348632  0.02446202  0.14403228 -0.07907163  0.07650901
  0.06423961  0.1105016  -0.12519082 -0.0253222  -0.11461256  0.15580976
 -0.08138821 -0.07068188  0.06106904 -0.04046601 -0.01410755  0.01789046
  0.0077871   0.06424926  0.01663908  0.02477342  0.06258982 -0.10430763
 -0.04562911 -0.11061785  0.15859009  0.13168818  0.04208943  0.05738209
 -0.06075133 -0.15365319  0.13138658  0.05716617 -0.01261476  0.07687134
 -0.04245407  0.11031057 -0.04272497 -0.09562533 -0.00646207  0.20182824
 -0.03622967 -0.14861502 -0.02152804  0.13466768 -0.0160147  -0.02893617
 -0.06086368 -0.09010778  0.17572901 -0.01840555  0.01723209  0.08745335
  0.02068203 -0.06854735 -0.10716385  0.12462289 -0.06086502 -0.04809664
 -0.12266456 -0.02484269  0.03081797 -0.11920201  0.00568383  0.02894302
 -0.0689664  -0.02685067  0.02969234 -0.0450109  -0.00329204  0.00502182
  0.09292166 -0.13377424  0.05754325  0.05599608  0.05156325  0.09744808
  0.05301693  0.00180987]