[-1.87697411e-02  1.40089080e-01 -1.36817470e-01 -9.01028812e-02
  3.03817987e-02 -3.25516760e-02 -4.23581861e-02 -1.95352286e-01
 -1.15491245e-02  6.93558976e-02  1.13076374e-01  4.29630131e-02
 -1.04772244e-02  1.28956705e-01  3.34070176e-02  5.27512878e-02
  1.08340643e-02  1.98330972e-02  1.34550735e-01 -4.55423854e-02
 -7.72212371e-02  2.00020969e-01 -5.54059520e-02 -9.11819190e-02
 -2.42237020e-02  1.38412908e-01  1.71927735e-01  4.30027470e-02
  1.10366158e-01  2.21581891e-01 -1.32749423e-01  5.86455166e-02
  1.58744052e-01 -6.01513349e-02  5.62143773e-02  6.72538131e-02
  1.41155869e-01 -6.49375916e-02  1.47199780e-01  9.01616290e-02
 -4.94386367e-02 -3.68988030e-02  8.82951319e-02  4.90151271e-02
 -7.67306387e-02  1.97919533e-01  1.14040382e-01 -3.12857591e-02
 -5.79447038e-02 -1.33704558e-01  1.38299335e-02  1.23448566e-01
 -2.56661605e-02  5.85441403e-02  1.25444848e-02  9.62434113e-02
 -7.41327927e-03  2.08597817e-02 -1.62807107e-01  1.90968886e-01
 -7.78872296e-02 -1.37933388e-01  1.45123079e-01  6.54315751e-04
  7.59456530e-02 -5.10334186e-02 -4.74598408e-02  2.08247337e-04
  5.30527234e-02  2.93563027e-02  2.41701771e-02 -8.26105624e-02
 -6.99936897e-02 -9.66306329e-02  1.17728375e-01  6.51662052e-02
 -1.94496382e-02  4.30452973e-02 -1.34472802e-01 -1.35148630e-01
  1.34652555e-01  1.24122292e-01 -1.43175377e-02  1.16942152e-01
 -3.95143442e-02  6.80232272e-02 -4.58955429e-02 -1.11710392e-01
 -8.75048861e-02  1.17010571e-01 -2.56780181e-02 -8.60065222e-02
 -1.08990602e-01  8.97277966e-02  4.04266529e-02 -2.46605221e-02
 -7.21791908e-02  1.70749929e-02  1.86136425e-01 -1.63600384e-03
 -2.81877611e-02  3.55418585e-02  4.83678021e-02 -1.47974361e-02
 -6.19788021e-02  5.63044436e-02  1.28709571e-02  1.92161147e-02
 -6.24627508e-02 -9.73232090e-03  3.24675702e-02 -1.40145466e-01
 -7.27954879e-03  5.37825283e-03 -5.52485660e-02 -2.38712076e-02
  1.32405674e-02 -7.55391270e-02  1.23405717e-02  5.66101586e-03
  1.35350361e-01 -8.83587226e-02  4.44162488e-02 -4.79055475e-03
  1.27219707e-02  7.40394294e-02  3.70811671e-02  4.35578749e-02]