[ 0.01868609  0.12269385  0.0933537  -0.04886636  0.0471465  -0.05401326
  0.06733928  0.02332795 -0.11777803  0.13630189  0.0219057  -0.10735279
  0.04433621  0.1343233   0.23361365 -0.02853911  0.18840045  0.00819945
  0.08095878  0.08445428 -0.09500886  0.03538012  0.01238781  0.04106252
 -0.02608034 -0.03071276 -0.08832303  0.03594501  0.18937561  0.00497356
 -0.03866467  0.05051849  0.06708364 -0.0060945   0.05680675  0.06235173
  0.12084171  0.15499017 -0.01568479 -0.07378991 -0.063566    0.0261444
 -0.05833759 -0.13623907 -0.05897984  0.28118852  0.03969351  0.06531655
 -0.17069298 -0.10096888 -0.10449457  0.11704258  0.02456729 -0.07267202
 -0.00505101  0.0141485  -0.03324683  0.01694016 -0.05602888  0.05266995
 -0.07106192  0.04291346 -0.03791306 -0.10025886  0.07511494  0.15382724
  0.00342989  0.05529062 -0.10402912 -0.03580543  0.03234172 -0.04689917
 -0.06935456 -0.00464335  0.08801895  0.02182055  0.02402418  0.07414641
  0.15438278 -0.12399818 -0.0483462   0.0386381  -0.15221617 -0.06537271
  0.13186145 -0.07450374 -0.10799633 -0.00039539  0.0134173   0.14036942
  0.11919186  0.0504811   0.04219539  0.08402895  0.04056278 -0.05139265
  0.06915742  0.00269675  0.04559537 -0.06680426  0.01430492  0.03502569
 -0.01884564 -0.05979108 -0.17522588  0.12880996  0.06014523 -0.10023574
  0.23769665 -0.051799    0.06746289  0.05082317 -0.00746858 -0.03822833
  0.0506503  -0.04199283 -0.10547645 -0.14087272 -0.04194671  0.03674437
 -0.03622862 -0.03116409 -0.04354796  0.13636887  0.01808676  0.07710175
  0.05790368 -0.16313115]