[ 1.57094806e-01  1.04490504e-01 -7.53704831e-02 -1.24441339e-02
 -3.31191458e-02  1.93160430e-01 -1.18001655e-01 -1.01647057e-01
  5.14037616e-04 -8.52987841e-02  9.26392153e-02 -2.14258544e-02
  4.12006825e-02  9.13277566e-02  7.52056986e-02 -6.89196885e-02
  8.73682275e-02 -5.42639345e-02  4.48659882e-02 -3.92083637e-03
 -2.45587789e-02  1.25677750e-01  4.59033288e-02  1.20963290e-01
  6.79247603e-02 -1.21650718e-01  1.59024999e-01  5.62689006e-02
 -9.89472196e-02  1.23575442e-01  5.04368655e-02 -1.21991113e-01
  6.87322766e-02  1.01178825e-01  1.87527556e-02  9.40849781e-02
  9.12960619e-02 -8.29832628e-02  1.86193436e-02  4.11643041e-03
 -9.65417922e-02 -7.17993379e-02  4.05132622e-02 -1.26025211e-02
 -4.76708040e-02 -8.33070313e-04  1.90509334e-02  8.18712786e-02
 -6.24744669e-02  1.63706511e-01  9.59209725e-02  6.22036643e-02
  9.20436531e-02  4.42096703e-02  2.60020383e-02  3.27632949e-02
 -9.96841863e-02  5.47543541e-02 -1.02729630e-02 -7.65264183e-02
 -1.31162703e-01  2.49439683e-02  1.02250054e-01 -2.22571000e-01
 -5.11834510e-02  3.58172543e-02  4.57541272e-02  6.05075806e-02
 -1.78634465e-01  8.68940502e-02  1.86724979e-02 -6.13006242e-02
 -1.22107267e-01 -1.53745964e-01  6.07451610e-02  3.91723141e-02
  6.39527664e-02 -1.10852920e-01  8.44275486e-03  1.69053212e-01
  5.83766922e-02 -6.12472594e-02  4.07882556e-02 -5.05486839e-02
 -7.44638019e-05  1.75073054e-02 -1.03508048e-01 -1.45922795e-01
  4.92481980e-03  2.06123978e-01  9.77569725e-03 -2.05458000e-01
  2.08683908e-02  1.42407641e-01 -4.46229726e-02 -3.11112870e-02
 -5.02443872e-02 -3.21110408e-03  3.69558148e-02 -7.79248625e-02
  7.71457031e-02  1.37334943e-01 -4.16732691e-02 -1.37223192e-02
 -1.14192672e-01  8.17859247e-02 -4.56792228e-02 -8.02059397e-02
 -1.35883793e-01 -5.27859526e-03  1.04790770e-01 -6.44111028e-03
  5.81739396e-02  8.04908201e-02 -3.20112705e-02  2.29342282e-02
 -3.56239378e-02  5.82985915e-02  2.76839472e-02  1.29628465e-01
  9.89773571e-02 -1.52313188e-01  4.65807095e-02  1.83467772e-02
  1.19693108e-01  1.49147548e-02  1.80384070e-01 -9.38777812e-03]