[ 0.1000622   0.17573883  0.03378952 -0.05871149 -0.02497684  0.23695941
 -0.07914626 -0.03575653 -0.08453652 -0.07119313  0.05554654 -0.07136893
 -0.01577449  0.02140632  0.09743831 -0.0749994  -0.01850334 -0.08431642
  0.03303032 -0.02562852 -0.01875303  0.08908368  0.07027098  0.00861897
  0.06166134 -0.13848411  0.06343953  0.071944   -0.00355808 -0.01304152
  0.04940274 -0.21572503 -0.02782011  0.05665138  0.04660624  0.08305779
  0.02454693 -0.04136831  0.0519099   0.04848658 -0.08178721 -0.04860995
 -0.03830582 -0.09189122 -0.05256405  0.07055051  0.01698035  0.0562584
 -0.18217309  0.16444533 -0.01716655  0.12970409  0.00283292  0.03947288
 -0.03898489 -0.01587815 -0.03803962  0.0786147  -0.11318168 -0.03081601
 -0.10041825  0.12424221  0.1549553  -0.21989164  0.03266295  0.07894367
  0.03067942  0.09228661 -0.18351582  0.16243915  0.06796092  0.03928418
 -0.08799905 -0.02268916  0.10210754  0.02283902  0.02451789 -0.09514152
  0.06765261  0.09973476 -0.01263575 -0.07833731  0.05208134 -0.01196578
 -0.05283723  0.01085623 -0.10054096 -0.06389256  0.0146282   0.17410825
  0.09980718 -0.16144703  0.04069861  0.15910813 -0.01208823 -0.09525206
  0.00699162  0.00965201 -0.02044358 -0.01951269  0.01286039  0.10427254
 -0.12867136 -0.05098444 -0.07961962  0.1710396   0.02476873 -0.03681392
 -0.05126911 -0.0446325   0.11990248  0.0299541   0.10006049  0.09778407
  0.04360095  0.03546003 -0.06993859  0.13227803  0.06458169  0.14033501
  0.02927447 -0.1719356   0.03522485  0.00852527  0.12831987  0.0710531
  0.18007082 -0.03158285]