[ 0.10322189  0.203391    0.00809741 -0.07946644 -0.0505837   0.15570246
 -0.12293836 -0.10102049 -0.04594451 -0.08210114  0.08261859 -0.07830347
  0.01143467  0.06608094  0.07712296 -0.05659334  0.01258322 -0.09385532
  0.01135041 -0.00728273 -0.0328079   0.15532316  0.01427503  0.0534268
  0.04517693 -0.09118753  0.13807641  0.13581185  0.03223916  0.07750166
  0.01652215 -0.18807758  0.03035726  0.05802162  0.03915787  0.08472902
  0.05249563 -0.05127443  0.04813028  0.05182861 -0.11878382 -0.06876761
  0.01531602 -0.01935652 -0.00274709  0.1068483   0.02918731  0.08924945
 -0.15119317  0.1401124   0.01285848  0.15947516  0.02819408  0.02932981
 -0.02268519 -0.01003523 -0.10126899  0.06101454 -0.07424746 -0.04683969
 -0.11238164  0.06767768  0.13707763 -0.11106386 -0.06600603  0.04763552
  0.042276    0.05717592 -0.16784059  0.09532728  0.04895615 -0.07240314
 -0.08784407 -0.08109405  0.12531084  0.01479956  0.02414646 -0.09732839
  0.04704165  0.14920889  0.10793597 -0.05983831  0.03636879 -0.01554627
 -0.00929109  0.01137299 -0.1304556  -0.11902095  0.00355869  0.22904065
  0.05639422 -0.17213209  0.00821226  0.17387925 -0.03726359 -0.06828501
 -0.03218972  0.0029655   0.03934914 -0.08209991  0.03268418  0.13997678
 -0.07292353 -0.030498   -0.13603042  0.13625473 -0.00715793 -0.01301436
 -0.03106373 -0.04933333  0.166669    0.01333626  0.01764346  0.12570947
 -0.02589436  0.03436001 -0.07242806  0.10149367  0.04446311  0.10952008
  0.05385269 -0.16231494  0.03516177  0.00888877  0.10811591  0.04079787
  0.18280813 -0.04162941]