[ 0.10494168  0.15015645  0.0404942  -0.04709089  0.01003786  0.15608475
 -0.10318753 -0.1772723  -0.01910103 -0.04316778  0.06397964 -0.0474061
 -0.01991885  0.07852224  0.07211789 -0.05121875  0.03455823  0.01342741
  0.02142832 -0.0616512  -0.02926675  0.19949836 -0.0055082   0.08352222
  0.05795442 -0.08533869  0.13712527  0.11843442  0.00558282  0.11732884
 -0.02358836 -0.14823975  0.02291866  0.03577891  0.11459028  0.05643019
  0.05943573 -0.11484336  0.05246313 -0.02387818 -0.09776977 -0.0557848
  0.03415933 -0.03199441 -0.02105435  0.12794098  0.0055561   0.11147167
 -0.14241464  0.05544544  0.07610659  0.11222638  0.10019146 -0.00468297
 -0.00483184  0.01853419 -0.07205789  0.04847597 -0.07009348 -0.01878959
 -0.0467774   0.07542267  0.09576483 -0.07896058 -0.01162631  0.05672772
 -0.00669668  0.0662306  -0.15736648  0.13494307  0.04141881 -0.07406198
 -0.07478976 -0.17518263  0.05082784  0.05484425  0.00180804 -0.09379716
  0.03450645  0.06132036  0.14417575  0.02745386  0.01541419 -0.02084323
  0.01245138 -0.03357121 -0.12877567 -0.09900353 -0.05788486  0.28268248
  0.05465761 -0.12173304 -0.00073769  0.17096582 -0.07734331 -0.02372923
 -0.05025691 -0.0177922   0.09784569 -0.07137231  0.14473914  0.14288174
 -0.04829194 -0.09504344 -0.0897396   0.07056393  0.01576345 -0.09002523
 -0.07422318  0.01056257  0.18495221 -0.02053403  0.07904695  0.07673942
 -0.01927613  0.02280973 -0.1407804   0.11681567 -0.03192095  0.05300864
  0.08160032 -0.16478501  0.01339386 -0.05030361  0.12014433  0.09761847
  0.14304401 -0.07736424]