[ 0.19609973  0.04925686  0.02154928 -0.00618393  0.04865036  0.24203283
  0.0291098  -0.01739854 -0.01114352 -0.08585589  0.08570045  0.03832453
  0.00203536  0.03238735  0.04463308 -0.06724913  0.08425682  0.01810089
 -0.03439577 -0.07550418  0.05404681  0.21808496 -0.05871223  0.11600829
  0.02734204 -0.14149989  0.09044436  0.05249421 -0.06856087  0.12416395
 -0.038909   -0.14904882 -0.04453471  0.10422512  0.05400243  0.00647945
  0.05843803 -0.15495038  0.00284873  0.02206101 -0.03185637  0.01512098
  0.04654098 -0.02422473 -0.04552172 -0.02054325 -0.03576239  0.00241457
 -0.07514771  0.10354143  0.16180936  0.00853854 -0.00953203  0.0512685
  0.04133607  0.03694905 -0.10189389  0.09788575 -0.05266832  0.01569422
 -0.03640205  0.01160325  0.0717584  -0.21256848  0.01275067 -0.05098631
  0.02134725  0.05400214 -0.14706999  0.13147752  0.08212995  0.00858729
 -0.04410927 -0.17988454 -0.03789527  0.09986839  0.05334624 -0.04620939
 -0.01043729  0.03707958  0.08275517  0.01311327  0.09980374 -0.01397756
  0.00589561 -0.01601718 -0.00265186 -0.10615543 -0.06025096  0.22865401
  0.00972022 -0.20976558 -0.08089184  0.14268406 -0.07572149  0.01128878
 -0.00582177 -0.11429321  0.01514027  0.04715621  0.10192315  0.16823901
 -0.04996246 -0.03219381 -0.11078654  0.02469977 -0.03764806 -0.11834574
 -0.20662242 -0.00674004  0.13144523 -0.05952307  0.06828865  0.06106246
  0.02405862  0.04375494 -0.08017872  0.10256892 -0.09289182  0.0634674
  0.05603913 -0.11796891  0.0515777  -0.01032664  0.19984671  0.05811053
  0.13246368 -0.06569366]