[-0.03256648  0.05639138  0.07299653 -0.12799503  0.11531885  0.18009132
 -0.06099912  0.00458955  0.00339267  0.03382257  0.0686328   0.01922814
 -0.06468591 -0.0006772   0.19849935 -0.05040882 -0.09949914 -0.04356912
  0.02317755 -0.07131539 -0.06648998  0.17623615  0.03390193 -0.1026099
  0.05314931 -0.00961422  0.10460231  0.08248686 -0.00492661 -0.10363117
  0.07906967 -0.15652834  0.0171396   0.06249493  0.06695888  0.16103701
  0.07275829 -0.15669394  0.05897475  0.07455695  0.13083303 -0.03120102
  0.00703986 -0.00502911 -0.16279019  0.01067434 -0.00042085  0.06415706
 -0.02892454  0.07625938 -0.06813819  0.03088358 -0.15803333  0.02743335
  0.01481631  0.03889422 -0.11034154  0.02587439 -0.21772905  0.11578532
 -0.1479582  -0.03345819  0.10730124 -0.09787045  0.11585235  0.01652798
 -0.01972086  0.12045824 -0.00843172  0.23837647  0.0800117   0.1459561
 -0.01477889 -0.02628396  0.08045993  0.02353263 -0.0443304   0.059012
 -0.02183418 -0.11029156  0.03268627  0.06438623  0.12318668  0.13312036
 -0.09093878 -0.01294062  0.07632028  0.10441676 -0.0012855   0.14335103
  0.1279255  -0.07957796 -0.05177721  0.08249195 -0.01408041 -0.09502752
 -0.08387224 -0.03591051 -0.03048471  0.00892039 -0.07279383 -0.02992211
 -0.06763262 -0.17724651  0.04088677  0.13184848 -0.02151467 -0.08078782
 -0.04535098  0.02242975  0.02354415 -0.00374005  0.06266646  0.09511092
  0.08237246 -0.07067027  0.04516713  0.02386102  0.02705608  0.10585991
  0.18226638 -0.07143827  0.06160787  0.07756025  0.05204397  0.02233499
  0.14956678  0.08617506]