[ 0.02320605  0.14648438  0.0714736  -0.10387177  0.07324639  0.12239241
 -0.02547309 -0.12442804 -0.10937583  0.0115418   0.06588189  0.00950738
 -0.04097196  0.08548366  0.16758838  0.03577809 -0.02839717 -0.05355569
  0.03351394 -0.07547535 -0.08009756  0.25600159 -0.03557217  0.00992562
  0.0093468   0.03920057  0.10324601  0.10852491  0.10334597  0.06283446
 -0.04795631 -0.0212421  -0.02492391  0.05580679  0.0356641   0.15748583
  0.05301535 -0.16430251  0.05859054  0.13648355  0.01057331 -0.03367563
  0.06401585 -0.01879467 -0.04696236  0.22211792  0.09993695  0.04848906
 -0.14891359  0.00380106  0.03670803  0.09379092 -0.09937239 -0.00703753
  0.03719564  0.06495059 -0.11261474  0.13175511 -0.11782578  0.19384223
 -0.10565035  0.02507962  0.10660353 -0.08319265  0.09662227 -0.00370358
 -0.02102651  0.02593048 -0.07774726  0.21562482  0.02919136  0.06032171
 -0.04080814 -0.00178237  0.11397813  0.03649606  0.00532058  0.05439559
 -0.04660932 -0.10608025  0.19952276  0.07038425  0.00566976  0.03114685
 -0.09734965 -0.01530745 -0.0197547  -0.08312048 -0.14131275  0.23289758
  0.11232066 -0.05614929 -0.0984868   0.11106332  0.02510453  0.07626957
 -0.02065622 -0.02783033  0.1394632   0.0094305  -0.05863133  0.05381757
 -0.05509687 -0.05573172 -0.10106207  0.11314601 -0.067964   -0.02866684
 -0.04715756 -0.03027503  0.10975415  0.01005419  0.02808359  0.02505725
  0.03328807 -0.00379024  0.02764541  0.00659925 -0.00771542  0.10872909
  0.15056755 -0.10619389  0.08110685  0.04627212  0.00657663  0.10092988
  0.08139051 -0.04432553]