[ 0.08973734  0.09476852  0.07483344 -0.06552362  0.07909029  0.21124887
 -0.01555383 -0.06054653  0.03205378 -0.07618117  0.10386498 -0.04909504
 -0.04599953  0.08601435  0.15530176  0.01369917  0.02777823  0.0279892
 -0.10326698 -0.12970324  0.05022921  0.19853027  0.02485234  0.06019296
  0.0535089  -0.08146858  0.02303088  0.04660136  0.0631143  -0.01909006
  0.13243182 -0.04133303 -0.08020314  0.06577458  0.05566562  0.16007233
 -0.02639841 -0.04874108  0.03014237  0.10933556 -0.00790308  0.10475027
 -0.08333495  0.00060424 -0.02172341  0.03696807 -0.020207    0.04048704
 -0.09504709  0.01501901 -0.02216709  0.07533316 -0.08633819 -0.05318705
 -0.05506698  0.06170159 -0.09637886  0.21315593 -0.09036908  0.05640291
 -0.1533739   0.03917902  0.14573251 -0.16574652  0.05725     0.01341852
  0.02678632  0.11237237 -0.10448697  0.30966309  0.11367161  0.10660112
 -0.02206747 -0.0357814  -0.01841692 -0.05848104 -0.04631183 -0.02769716
 -0.08624485 -0.07992715  0.08193848  0.11560854 -0.00698176 -0.09486035
 -0.09239741 -0.04363446  0.00905901 -0.08477405 -0.11658383  0.12690997
  0.14920275 -0.11067341 -0.07333954  0.03091337  0.14704338  0.05569506
 -0.06002879 -0.0366471  -0.01238215  0.08927853 -0.06165617  0.0109421
 -0.09361821 -0.02736389 -0.0962048   0.10527316 -0.06444463 -0.14662029
  0.04156499 -0.07606769  0.0801682   0.08346689  0.01411682  0.07952555
  0.15927111  0.02392059 -0.02716964 -0.00924942  0.05267578  0.11105797
  0.1304042  -0.05110578  0.05398064  0.09933805  0.05931393  0.02293883
  0.11120496 -0.0295819 ]