[ 0.01631041  0.13033965  0.02259566 -0.1431033   0.05265984  0.13247851
 -0.02608877 -0.06455155  0.07205511  0.03916117  0.14569031 -0.02310652
 -0.04725629  0.08643299  0.12808257  0.00552466 -0.01550502  0.05035587
 -0.0634749  -0.15109214 -0.05404211  0.27706107 -0.01874902 -0.01974284
 -0.02080069 -0.02762092  0.14861837  0.13592033  0.07943855  0.0236189
  0.00755919 -0.11100373 -0.00487215  0.01678117  0.03853981  0.12891617
  0.02169149 -0.11685976  0.05211376  0.22991483 -0.01810646  0.07311114
 -0.06174567  0.04211743 -0.0599574   0.0337119  -0.03930817  0.04041967
 -0.01014314  0.0095847   0.02854451  0.12498964 -0.18511772  0.00235551
 -0.10095285  0.07498689 -0.085041    0.10964072 -0.14102519  0.17928076
 -0.1468543  -0.05627758  0.13604854 -0.06109969  0.02743402 -0.08653551
  0.01742584  0.0935349  -0.01832571  0.26729694  0.13153251  0.07070684
  0.02537967 -0.03943858  0.02546246 -0.01316362 -0.06984809  0.02814041
 -0.13175111 -0.165612    0.14673023  0.12578091  0.04854422  0.0530536
 -0.09325898  0.00715875  0.03069458 -0.08047678 -0.08406404  0.12347944
  0.03888603 -0.12057588 -0.0827227   0.0453504   0.11332447 -0.01864055
 -0.10419718 -0.09198488  0.04031943  0.08633558 -0.06111963  0.02588911
 -0.04101019 -0.0606861  -0.01479361  0.06004655 -0.05100127 -0.12550355
 -0.02569838 -0.02760982  0.08287679  0.00239855  0.06301043  0.12372645
  0.03040252 -0.00592215  0.03039073  0.03390752  0.02244056  0.04056516
  0.14217314 -0.09060177  0.04262643  0.06975245  0.06159047  0.01278478
  0.04091787  0.02827408]