[ 7.23076165e-02 -6.34843260e-02  3.52754891e-02 -3.11910361e-02
  2.00014189e-01  1.63157925e-01  2.31899768e-02 -6.46325201e-02
 -9.21545401e-02 -9.66321863e-03  2.75744144e-02  8.97723213e-02
 -2.34019980e-02  8.90474394e-02  2.77613580e-01 -2.99202185e-02
  5.78940250e-02 -1.10284239e-01  1.30664811e-01 -5.42077748e-03
 -5.93115836e-02  1.94547445e-01  4.32261862e-02  1.31551307e-02
  9.99734774e-02  1.75438114e-02  9.79871303e-03 -3.75988781e-02
  2.36669630e-02  1.37352329e-02  1.03170425e-01  2.36721608e-04
 -2.93316673e-02  3.76808830e-02  2.92619970e-02  1.64294422e-01
  2.72204485e-02 -1.28894672e-01  6.84032664e-02  5.51799759e-02
  1.26596749e-01  4.73594554e-02 -6.55826554e-02 -6.31006658e-02
 -1.69163078e-01  1.25023007e-01  6.65111002e-04  1.46622481e-02
  3.69190797e-02 -2.86631007e-02 -1.21300584e-02  2.17079688e-02
 -8.20364151e-03 -6.50777295e-02  5.25766723e-02  3.98506261e-02
 -9.71373394e-02  1.77087426e-01 -1.61844715e-01  2.20866203e-01
 -1.30808219e-01 -5.13038645e-03  6.13902695e-02 -1.82049781e-01
  1.68090090e-01 -5.63866366e-03  1.71897355e-02  1.21362463e-01
 -3.81882638e-02  1.45671085e-01  7.73886293e-02  2.11124301e-01
 -8.43102634e-02 -4.59578782e-02  2.13840213e-02  8.99295136e-02
 -2.75568152e-03  3.91462818e-03 -1.61039457e-02  3.33384685e-02
  5.09133935e-02  3.83309051e-02  7.15560764e-02  5.08885644e-02
  3.64327477e-03 -1.31855115e-01  9.73923057e-02  1.61794461e-02
 -1.48173362e-01  5.50027564e-02  1.05668344e-01  2.89934017e-02
 -4.48257104e-02  1.55601725e-01 -1.74390413e-02 -3.19835767e-02
  2.06056312e-02 -9.90184397e-02  4.16929536e-02  5.40353544e-03
 -5.58195077e-02 -1.02567598e-02 -6.13100678e-02 -1.13389261e-01
 -1.32057384e-01  1.07794128e-01 -2.62686405e-02 -1.16826013e-01
  1.50398519e-02  5.49117476e-02  7.03333169e-02  3.95084440e-04
  1.41214775e-02 -7.29846943e-04  7.43334442e-02  1.71881970e-02
 -2.92742960e-02 -2.32627764e-02 -9.49285552e-02  1.81714132e-01
  1.09876029e-01 -3.49444933e-02  8.55842698e-03  6.73125312e-02
  4.36580600e-03  1.05165049e-01  7.15582371e-02  2.18212623e-02]