[ 1.03659453e-02  1.41877845e-01  7.06762448e-02 -1.21530116e-01
  1.26852006e-01  1.91488639e-01  6.86478708e-03 -3.60777341e-02
 -1.65019445e-02  1.68497711e-02  8.87119696e-02  3.02926567e-03
 -6.45552799e-02 -1.93069018e-02  1.57996967e-01 -1.67859644e-02
 -9.74338204e-02  5.67292571e-02 -4.57623377e-02 -1.37321949e-01
 -6.88758737e-04  2.35748008e-01  1.09808698e-05 -7.51824602e-02
  6.37202188e-02 -3.99372019e-02  7.99384192e-02  1.00701295e-01
  9.48638916e-02  4.58142301e-03  4.35380675e-02 -9.15193260e-02
 -4.62464355e-02  6.59069344e-02  8.90697986e-02  7.06278682e-02
  2.68654060e-02 -1.68428093e-01  8.78587216e-02  1.05472043e-01
  9.78647247e-02 -3.42790387e-03  6.46228492e-02  8.93123001e-02
 -1.50099754e-01 -2.91574262e-02  3.10938507e-02  5.13697155e-02
 -5.31318411e-02  4.85742316e-02  2.01924555e-02  6.42829463e-02
 -2.00803190e-01  1.20187066e-02 -2.48060208e-02  4.74854782e-02
 -9.85516235e-02  9.74243358e-02 -1.66102409e-01  9.24602374e-02
 -1.43687323e-01 -6.12358674e-02  1.53692141e-01 -6.34741709e-02
  7.87327439e-02 -1.89245269e-02 -2.41352562e-02  1.62297785e-02
 -5.28723300e-02  2.76100099e-01  7.01862425e-02  1.52736545e-01
  2.70498190e-02  1.59875583e-02  1.36723584e-02 -6.14477843e-02
 -4.31951061e-02  1.80913601e-02 -8.05402771e-02 -1.31226107e-01
  1.28935710e-01  1.18081257e-01  1.12187333e-01  9.69500914e-02
 -6.25387579e-02 -4.28396128e-02  4.52212356e-02  2.32747085e-02
 -1.73092820e-02  1.62332520e-01  1.26292363e-01 -1.01195082e-01
 -1.53873548e-01  1.07166516e-02  4.96101715e-02 -6.26444146e-02
 -9.75812823e-02  2.30585411e-02 -1.48543222e-02  5.31398915e-02
 -8.60128105e-02  2.11176164e-02  4.64180205e-03 -7.12108240e-02
 -1.80759877e-02  9.43790451e-02 -2.93412544e-02 -2.39161197e-02
  1.63140688e-02 -1.29121812e-02  8.29603001e-02  1.17243547e-02
 -9.58150998e-03  1.26682922e-01  7.93003514e-02 -6.88692182e-02
  9.51196328e-02  2.90848911e-02  5.64665310e-02  8.34957883e-02
  1.99297473e-01 -5.69373108e-02  7.42422044e-02  5.37608527e-02
  3.10438629e-02 -1.99831910e-02  1.34854496e-01  5.52657694e-02]