[ 1.22410140e-03  7.40866065e-02  3.79004106e-02 -1.60218760e-01
  4.26290445e-02  1.73817635e-01 -6.00705184e-02 -3.82930785e-02
 -4.65634763e-02  1.14643974e-02  4.12072539e-02 -8.09727609e-03
 -2.32801680e-02  1.50691107e-01  1.60119608e-01 -3.71131524e-02
  1.98230334e-03  4.29172907e-03  4.34638523e-02 -9.98698771e-02
 -9.44226906e-02  2.48798057e-01  6.29441291e-02  2.14374028e-02
 -5.74654751e-02 -7.53488624e-03  1.49548799e-01  1.26387835e-01
  2.93355640e-02 -2.81916074e-02  5.65778185e-03 -1.33686483e-01
  2.44028270e-02  4.63809371e-02  5.73164076e-02  1.64447784e-01
  5.92906177e-02 -7.53908381e-02 -5.58487978e-03  1.59427419e-01
 -3.28861661e-02  6.37672395e-02 -1.05288159e-02 -2.96120495e-02
 -1.15236357e-01  5.25523685e-02  2.29669455e-02  7.36568123e-02
 -6.18528016e-02  1.15370207e-01 -5.30279009e-03  3.26161683e-02
 -8.34635869e-02  4.01695259e-02  3.13781085e-03  8.54023844e-02
 -2.68643685e-02  1.59147531e-01 -1.06090084e-01  9.77608413e-02
 -1.62127972e-01  7.07896128e-02  1.41355753e-01 -1.51841044e-01
  7.45846331e-02  1.84148513e-02  2.00689794e-03  6.53968081e-02
 -1.04667068e-01  2.61445224e-01  6.49044290e-02  4.81745638e-02
 -2.05812324e-02  2.57743355e-02  6.63957521e-02  8.50565359e-03
 -2.18420643e-02 -2.88882758e-02 -6.51552016e-03 -1.80393130e-01
  1.15600243e-01  6.36962131e-02  3.67682092e-02  2.18760478e-03
 -9.24218446e-02 -5.10977134e-02 -2.27542464e-02 -3.74547988e-02
 -2.84702946e-02  1.88083544e-01  1.12759158e-01 -9.05524343e-02
  4.36918996e-03  4.96910028e-02  1.31864205e-01  2.26044003e-02
 -5.64126074e-02  4.29457538e-02  2.04579197e-02  5.88450208e-02
 -3.46097313e-02  5.56460395e-02 -6.51689544e-02 -9.46677029e-02
 -6.11687042e-02  1.07167549e-01 -7.70079195e-02 -2.08489001e-01
 -6.02848120e-02 -2.38750726e-02  9.88470614e-02  3.76651809e-02
  1.43553793e-01  7.66919851e-02  2.26881653e-02  1.22940643e-02
  1.09323874e-01  1.56946182e-02  2.98864488e-02  9.50202569e-02
  1.65449545e-01 -1.77001759e-01  8.52565914e-02 -2.57635402e-04
 -2.50547975e-02  6.63392097e-02  6.83111325e-02  1.52170332e-02]