[ 0.09287614  0.06715593  0.06310297 -0.12149021  0.11512929  0.19776584
  0.01832758 -0.0327678   0.02120824 -0.03862458  0.1136144  -0.01678219
 -0.04087871  0.0451727   0.13162225 -0.03969853 -0.02516805  0.06401708
 -0.08995913 -0.12237605  0.03888604  0.22805768  0.00425175 -0.04991025
  0.02402753 -0.07771464  0.05572461  0.10902628  0.02854061 -0.01168863
  0.05128585 -0.15356097 -0.06008485  0.07346775  0.11182744  0.09644677
 -0.00733425 -0.11679829  0.06026281  0.06851137  0.01275877  0.07946552
 -0.01743342  0.06179326 -0.10345703 -0.02633759 -0.07089774  0.07387054
 -0.04499014  0.08039847 -0.01976085  0.04762914 -0.17036738  0.00717565
 -0.04887011  0.02096437 -0.12995313  0.14919776 -0.17971075  0.0936515
 -0.11088774 -0.01527902  0.17561062 -0.09163466  0.05928231 -0.03502632
 -0.02435274  0.10954672 -0.0750984   0.27614179  0.14516908  0.10323579
  0.03187987 -0.05881876 -0.07476054 -0.03978972 -0.03139372 -0.04890362
 -0.0484374  -0.11451907  0.10255657  0.08357147  0.07280477  0.01756094
 -0.09095503 -0.07203293  0.03262732 -0.02089297 -0.01434049  0.17472698
  0.14444904 -0.14119893 -0.09892677  0.03390713  0.07953417 -0.04525966
 -0.09031179 -0.05148723 -0.05656336  0.08352602 -0.02881191  0.06189176
 -0.04665017 -0.12043268 -0.02090787  0.094502   -0.01976517 -0.11493471
  0.00812444 -0.01897523  0.11363432 -0.00450148  0.02767649  0.15518507
  0.11383902 -0.00043354  0.04841169  0.06138303  0.0210201   0.06961349
  0.12941426 -0.08334639  0.05862556  0.08142727  0.09269059 -0.022788
  0.1499586   0.00802823]