[ 2.08299048e-02  3.79582494e-02 -3.56348865e-02 -1.92045644e-01
  1.10810906e-01  1.45466805e-01 -5.40777221e-02 -8.29373747e-02
  2.80918218e-02  2.04881169e-02  1.17128134e-01  1.06104068e-03
  9.98437684e-03  9.38331038e-02  1.51358753e-01  3.65993381e-02
 -7.67444745e-02 -2.37313025e-02 -3.13441381e-02 -8.93983841e-02
 -4.12042961e-02  2.62276500e-01  1.32005522e-02 -1.11792244e-01
 -8.85117520e-03  5.06451167e-02  1.47019371e-01  8.85568708e-02
  3.63707580e-02  1.86080318e-02  3.54868174e-02 -9.01261121e-02
  8.53134878e-03  1.51015101e-02  6.15202077e-02  1.68449134e-01
  1.52033968e-02 -1.37935594e-01  1.02166049e-01  1.36223778e-01
  1.42246354e-02  7.43111130e-03 -3.34862024e-02  8.29124972e-02
 -1.01556815e-01  5.96229918e-02 -4.45410684e-02  1.06227152e-01
 -5.74861420e-03  1.89606529e-02 -4.62163910e-02  5.24081029e-02
 -1.51178837e-01  1.22481897e-05 -5.88345826e-02  3.52172107e-02
 -1.27022922e-01  1.08029105e-01 -1.92272782e-01  1.82555839e-01
 -1.44648999e-01 -6.69226274e-02  1.77677184e-01 -9.36616026e-03
  4.61458638e-02 -6.40417337e-02 -4.21084017e-02  1.81648701e-01
  3.20708044e-02  1.79350078e-01  1.15453944e-01  8.41186941e-02
 -8.37216061e-03 -1.12196095e-01  1.53817888e-02  1.60157364e-02
 -6.84976205e-02 -1.47557473e-02 -9.37055275e-02 -6.10945709e-02
  1.95055127e-01  4.67252173e-02  6.12576865e-02  9.29376930e-02
 -1.46823376e-01 -1.81482472e-02  7.27902353e-02 -1.49787152e-02
 -5.80545068e-02  1.32334396e-01  8.05518031e-02 -8.71941149e-02
 -1.10497296e-01  1.09811135e-01  1.22502604e-02 -1.92689449e-02
 -1.21490747e-01 -6.56525195e-02  2.82768756e-02  2.28616726e-02
 -2.42485702e-02  4.50159656e-04 -5.62662035e-02 -1.39828950e-01
 -9.83817596e-03  7.82530382e-02 -7.62635544e-02 -7.03611523e-02
 -1.87186282e-02  1.16364136e-02  8.26953724e-02 -2.39340942e-02
  1.72055885e-02  1.24998927e-01  3.49025838e-02  1.27060004e-02
  1.03612412e-02  7.27382377e-02 -1.93084348e-02  8.50318223e-02
  1.63470864e-01 -1.14376500e-01  6.92527816e-02  7.66769126e-02
  1.42665729e-02  9.44507029e-03  6.33731335e-02  6.46222159e-02]