[ 0.06911615  0.27688038  0.09409519 -0.04314536 -0.08177862  0.08593035
  0.0146537   0.02205037 -0.09812748  0.14432785  0.10580798 -0.15612376
 -0.00922365  0.03854917  0.10726299 -0.0003168   0.02423997 -0.02756979
 -0.02577781 -0.08096499 -0.05852065  0.12444419 -0.04643999  0.01632488
 -0.02296411 -0.09504697  0.04559401  0.11608706  0.143314    0.03026223
 -0.15743479 -0.09199158 -0.08847905  0.00875571 -0.0176235   0.01724221
  0.03749972 -0.00918517 -0.00566808  0.15398599 -0.14198938 -0.05473099
 -0.11292963 -0.10063668  0.05009249  0.25607213  0.02168717  0.02715052
 -0.20798419 -0.00256949  0.14074434  0.30750576 -0.14820345  0.02177104
 -0.05629744 -0.02764183  0.03617036 -0.07757591  0.02824718  0.03915703
  0.0256306   0.0041886  -0.01778411 -0.05949259 -0.03436895 -0.03086963
  0.0770997   0.10462919  0.00165551  0.17696778  0.06370735  0.03101926
 -0.00645511 -0.01160148  0.08935621  0.01068875 -0.01148215  0.13245407
  0.01512806 -0.05316096  0.08805843  0.01896759 -0.02667006 -0.03171797
  0.02162254  0.04541612 -0.08400515 -0.10460965 -0.00861578  0.16999255
 -0.02913158 -0.06497937 -0.03512479  0.09888357 -0.07930709 -0.07298667
  0.09004331 -0.10541856  0.13230304 -0.02202158  0.06022999  0.15132652
 -0.04060823  0.00501783 -0.09242307  0.0299036  -0.02628808  0.01061157
  0.02482726 -0.05395407  0.11675747  0.06337996  0.02315431  0.00563682
  0.02869871  0.00944607 -0.13355485  0.00034038 -0.03562735 -0.05322102
 -0.03902043 -0.05861713  0.06278234  0.08720583  0.17293893  0.05754029
  0.08679315 -0.08982532]