[ 3.01738409e-03  2.33838245e-01  1.50494158e-01 -6.40637130e-02
 -4.40513752e-02  3.61594595e-02  6.75160438e-02  6.32268861e-02
 -3.09936628e-02  1.27255112e-01  4.68160771e-02 -1.49253517e-01
 -2.89203469e-02  5.30017279e-02  9.08222720e-02  2.07117330e-02
 -3.34400013e-02 -2.86945421e-02 -5.89473881e-02 -1.20801538e-01
  1.53419171e-02  1.37936875e-01 -4.74540889e-02 -1.13146137e-02
 -5.48955649e-02 -5.80599308e-02 -6.50323555e-02  7.95769393e-02
  1.90951467e-01  2.36467905e-02 -1.24010496e-01 -7.29308575e-02
 -1.14670545e-01 -2.99300943e-02  1.46908674e-03  1.64660588e-02
  1.13880336e-02  6.71061724e-02 -2.73420457e-02  2.08959356e-01
 -1.13901824e-01  7.27513358e-02 -1.46936521e-01 -9.81079489e-02
  6.25119731e-02  2.24785358e-01  8.45210347e-03 -4.06267717e-02
 -8.39420781e-02 -4.62860875e-02  1.01099148e-01  3.09648395e-01
 -2.01073557e-01  2.80240942e-02 -2.01110486e-02 -1.90544333e-02
  1.14254765e-01 -5.87419420e-02  2.55303346e-02  4.35518771e-02
  5.23498990e-02 -2.78141573e-02 -5.85358702e-02  9.19639226e-03
 -2.48733778e-02 -1.27635688e-01  1.05836749e-01  1.07523091e-01
  1.17998503e-01  2.18465984e-01  1.31408244e-01  1.19852252e-01
  4.58197445e-02  5.77920936e-02  5.69123812e-02  2.15119701e-02
 -1.03994958e-01  1.70517996e-01 -1.38443755e-03 -1.16788492e-01
  9.09634978e-02  1.27774313e-01  1.68560464e-02  3.78940254e-02
  5.06301410e-02 -2.63190130e-04  7.68478261e-03 -2.55434904e-02
 -2.01884862e-02  4.56846170e-02 -4.36613373e-02 -2.53724027e-03
 -1.55068729e-02 -8.90852418e-03 -3.56249176e-02 -1.11951113e-01
  9.98346061e-02 -7.81437308e-02  1.01604640e-01  5.23972809e-02
  1.84436981e-02  1.18743137e-01 -7.23042944e-03  1.00603560e-02
 -1.01694703e-01 -2.62504946e-02 -5.30031882e-02 -2.25274935e-02
  1.03715375e-01 -2.47282572e-02  8.28821063e-02  3.27338278e-02
 -5.54299653e-02 -1.31513346e-02  5.39301522e-02  7.72077814e-02
 -5.96376583e-02 -7.17210844e-02 -1.04719579e-01 -8.71343762e-02
 -3.93367372e-02  6.96470290e-02  5.38521782e-02  7.87492245e-02
  6.43123090e-02  5.17395139e-02  3.53260413e-02 -7.17619061e-03]