[-0.038737    0.19996966  0.08780697 -0.12787507 -0.13698763  0.06342086
 -0.03454647  0.09420407 -0.03356133  0.09406044  0.03083196 -0.1264255
 -0.03804308  0.06108261  0.1141991  -0.05448545 -0.03480919 -0.17675081
  0.04355466 -0.12543565 -0.09467243  0.09178511 -0.06640869  0.04448155
 -0.02738623  0.00885387  0.09514066  0.05529866  0.08840229 -0.06743684
 -0.01413052 -0.17388657 -0.07200785 -0.01131407 -0.09179949  0.09132963
  0.00227539  0.03349335 -0.01096669  0.28956074 -0.09510239 -0.01361932
 -0.19664706 -0.08593387  0.13205658  0.23675476  0.00733476 -0.04750242
 -0.12714949 -0.05197474  0.02486718  0.25098577 -0.09162655 -0.01870985
 -0.05786056  0.05614538  0.02016683  0.06850959  0.0073836   0.0505125
 -0.00517288  0.01831963 -0.00792351 -0.03857905 -0.04047453 -0.08509922
  0.14500892  0.12755145  0.08528562  0.15201263  0.07508286  0.05516458
 -0.05327502  0.01866985  0.17032602  0.02998259 -0.09420183  0.1534896
  0.00932231  0.00335891 -0.04400122  0.01915353  0.023067    0.00933824
 -0.06000815  0.01455139  0.04517341 -0.09156807 -0.03429808 -0.00778259
 -0.0755059  -0.04432682  0.10026176  0.06988177  0.00387843 -0.03671277
  0.103915   -0.16465411  0.10560729  0.01601641 -0.07721087  0.07655177
 -0.1295711   0.0301764  -0.12601633  0.02441469 -0.10144316 -0.0619675
 -0.06068369 -0.08859712  0.11380097  0.05675875 -0.01149036 -0.03052322
  0.02144826  0.08634534 -0.12281972 -0.0859319  -0.00193175 -0.02035252
  0.00408101 -0.02325182 -0.00836404  0.06819934  0.06888182  0.06835194
 -0.03130937 -0.01931108]