[ 0.02027234  0.19703881 -0.01484349 -0.10914154  0.01122456  0.08860618
 -0.01199542 -0.00499772 -0.06647144  0.13385339  0.14042777 -0.02784917
  0.00048766  0.03880225  0.04818703  0.10272815 -0.00230866  0.00141982
 -0.00276995 -0.10524807  0.03390135  0.17012006  0.0014644   0.03954484
 -0.00619353  0.03348305  0.16520438  0.01260852  0.16473     0.08982958
 -0.09868516 -0.0986521  -0.02990874 -0.01516586 -0.04660273  0.03191067
 -0.0274161   0.00473303  0.03789624  0.26514554 -0.12377381  0.02471736
 -0.08404899  0.06446216 -0.00309651  0.15346999  0.08464807 -0.05538654
 -0.13018765 -0.06096547  0.16604219  0.19894664 -0.21500336 -0.00554955
 -0.04118216  0.06328672  0.04402174  0.10276487 -0.02233431  0.11855984
 -0.04293462 -0.13633136  0.12175419 -0.03495119  0.06429344 -0.20153753
 -0.00585705  0.11210836  0.06094357  0.23877671  0.08184655  0.1245589
 -0.0401278  -0.05252089  0.06995894  0.01552074 -0.06317791  0.20162079
 -0.11304856 -0.07263754  0.07588713  0.0848074   0.04226077  0.04771693
 -0.11078344  0.00311828  0.04756799 -0.08494888 -0.05413178  0.02845546
 -0.10072928 -0.07636564 -0.13369277  0.06459501  0.06883805 -0.02169455
  0.01633477 -0.0449223   0.112851    0.03347772 -0.05760893  0.07161736
 -0.04698611  0.07164067 -0.09111996 -0.00427097 -0.10310743 -0.01912681
  0.02269229 -0.13709921  0.06068715  0.06909008  0.00956144  0.04687979
  0.0655523   0.06530458 -0.07969166 -0.05648288 -0.05053095  0.04529204
  0.03334906 -0.01245529  0.02775246  0.04793468  0.03878568  0.08892783
 -0.00302661  0.01215579]