[ 0.07600064  0.12431619  0.03492066 -0.15945172 -0.01452872  0.0951795
 -0.01731127  0.03479199 -0.12767799  0.13131844  0.11010146 -0.11781955
  0.03686685  0.18312912  0.18498091  0.08802478  0.05464193 -0.03857297
  0.00547595 -0.11702477 -0.04832443  0.22005449  0.02599262 -0.0366975
 -0.06005514  0.01552208  0.10644996  0.11532009  0.13902043  0.00563611
 -0.10840635 -0.02003716 -0.0602877   0.01598954 -0.05226867  0.11192008
 -0.00296727 -0.00235998  0.05530002  0.23963067 -0.15508176  0.04575826
 -0.12363886 -0.08614191  0.02366112  0.20848019 -0.02071701  0.02490863
 -0.12316553 -0.02474321  0.10109382  0.22040649 -0.18661429  0.02134676
 -0.09740105  0.01899331  0.05342458  0.06827206 -0.01340333  0.1717326
 -0.0408222  -0.00510266  0.02858687 -0.05353426 -0.00506664 -0.04222593
  0.01790645  0.19683319  0.04420131  0.22524597  0.08362574  0.0748006
 -0.03758379 -0.00368815  0.06223772 -0.00419835 -0.02032113  0.05367367
 -0.04682391 -0.10906055  0.16014038  0.01239039 -0.01039785 -0.03728239
 -0.08073036  0.00565083 -0.004638   -0.11406778 -0.05792243  0.10530715
  0.00418309 -0.02812734 -0.06597345  0.11178545  0.06263988  0.03175817
  0.02281023 -0.05084893  0.0945662   0.04860197 -0.01327801  0.07951918
 -0.0543737   0.0109239  -0.07918331  0.03324867 -0.11394857 -0.09095502
  0.06161085 -0.11658552  0.06559902  0.05837204  0.04559819  0.02459465
  0.08246451  0.05421868 -0.00189483 -0.01396951 -0.02620127  0.02526272
  0.04996113 -0.10270828  0.09249062  0.07838038  0.0577922   0.03670533
  0.0331936  -0.01282514]