[ 3.45983282e-02  1.08413272e-01  3.24942544e-02 -1.24501795e-01
 -4.01993990e-02 -3.23396735e-02  2.01695524e-02  5.24591245e-02
 -7.37311915e-02  2.16176674e-01  1.08163290e-01 -1.26595184e-01
  6.40070513e-02  1.85054183e-01  1.82211876e-01  4.32741679e-02
  1.21501289e-01 -1.50617082e-02  4.75153588e-02 -6.76322430e-02
 -8.00692216e-02  1.41511425e-01  4.27613333e-02  1.63372532e-02
 -7.85250664e-02  2.41948199e-02  1.18528068e-01  7.10147992e-02
  1.49706021e-01  1.89028904e-02 -1.22248359e-01 -4.12195548e-02
  5.96936187e-03 -2.35974137e-02 -4.25624512e-02  6.09024502e-02
  4.53312360e-02  1.47438765e-01  1.89992059e-02  2.19209880e-01
 -1.75969854e-01  5.97235672e-02 -1.92576051e-01 -8.16306546e-02
 -1.12377983e-02  2.28954539e-01 -5.03755473e-02  2.10407246e-02
 -4.62920032e-02 -9.31855291e-02  1.10021614e-01  2.53131717e-01
 -1.57504052e-01 -5.69045078e-03 -8.18001553e-02  1.32684447e-02
  1.11139320e-01  9.36977752e-03  1.15106069e-02  1.53264582e-01
 -2.24726126e-02 -1.00907594e-01 -4.01875526e-02 -2.34464034e-02
  8.62455182e-03 -1.06965803e-01  3.69213223e-02  1.95999637e-01
  8.66399109e-02  1.54408917e-01  8.76237378e-02  4.82628457e-02
 -4.00164947e-02 -2.53539830e-02  6.56010434e-02  4.76693548e-03
 -4.37360741e-02  1.59706399e-01  5.58458082e-03 -1.07363693e-01
  4.24124338e-02  1.15707517e-02 -2.65008733e-02 -1.68896671e-02
 -5.03676478e-03 -4.46115099e-02  4.27228911e-03 -6.53234050e-02
 -1.44270845e-02  1.80521067e-02 -8.21197778e-02  1.02743460e-02
  3.58762629e-02  6.57362416e-02  3.80167812e-02 -6.99025095e-02
  5.32002971e-02 -8.02759230e-02  1.29944265e-01 -1.31595880e-04
  1.13888653e-02  1.05461404e-01 -3.28134410e-02  4.35895808e-02
 -4.93820012e-02 -4.93960716e-02 -6.69456124e-02 -1.23280235e-01
  1.50418088e-01 -9.72215384e-02  2.04250235e-02  6.58698678e-02
  3.59431431e-02  3.16239297e-02  3.52241211e-02  5.76252379e-02
 -5.23464046e-02 -9.86576006e-02 -9.77223217e-02 -1.11777186e-02
 -1.39637096e-02 -3.62889580e-02 -1.46212252e-02  1.05403751e-01
  5.12855425e-02  3.56512405e-02 -3.74833010e-02 -1.81339961e-02]