[ 0.03199388  0.0889992   0.02608383 -0.11308058  0.05414468  0.04406399
 -0.05842203 -0.10966792  0.07400392 -0.08483357  0.0849121  -0.05568893
 -0.03518658  0.02969653  0.02991221  0.03451815 -0.05062832 -0.09359692
 -0.02066345 -0.08634958  0.07705618  0.18871728 -0.09343705 -0.11782438
  0.03910739  0.06622998  0.02714104  0.03057277  0.07899199  0.07651524
  0.02486654 -0.10593703 -0.00695797 -0.05871487  0.10479218  0.06625126
  0.05461995 -0.02881871  0.21105611  0.06919483 -0.01838813  0.05062472
 -0.06117671 -0.04603222  0.09458335  0.19221818 -0.04739092 -0.01259034
 -0.06036836 -0.14741737 -0.14097206  0.16948906  0.02288215  0.01991498
 -0.07302649 -0.02924509 -0.01098571  0.00486763 -0.23671389  0.08213135
  0.01730943 -0.03666795  0.09777001  0.06612392 -0.03754745 -0.05563455
  0.04061629  0.21349579  0.15379843  0.00799889  0.15038027 -0.01967803
 -0.06067228 -0.19957246  0.08096214  0.09893446 -0.14136292  0.00138495
 -0.06569967  0.08598708  0.08790489  0.14107706  0.06894578  0.12683526
 -0.04555918  0.0736029   0.04661711 -0.00546994 -0.12419322  0.01814464
  0.04675174 -0.06895597 -0.03379827  0.19203371 -0.09862617 -0.10670448
 -0.04595021 -0.11617694  0.04036269 -0.0095779   0.02825742 -0.00706452
 -0.09446173 -0.05231889 -0.03082159  0.05222589  0.04722749  0.04535072
 -0.02398126  0.0015004   0.08305531 -0.14122908 -0.12050942  0.0741807
  0.04016175  0.10339711 -0.26869792  0.04356692 -0.09764621 -0.04238731
  0.00912367  0.02551933  0.00269917  0.02564286  0.08067591  0.06448229
  0.03593339  0.01406564]