[-0.00176934  0.07292324  0.02162311 -0.02407609 -0.03056541  0.12963092
 -0.13238475 -0.16727722  0.03048237 -0.10470428  0.12927838 -0.070893
 -0.06848006 -0.02401407  0.02999847  0.01991969 -0.11669137 -0.00238342
  0.04334547 -0.12826855  0.06955127  0.14913568  0.00270077 -0.1128454
  0.04765293  0.04590436  0.00847831 -0.08012124  0.02084598  0.01832543
  0.10628265 -0.12328334 -0.01724743 -0.09178148  0.13610011  0.11841631
 -0.05231071 -0.07254326  0.19534901  0.12962422 -0.0445675   0.03938334
 -0.17022292 -0.0010066   0.03492021  0.09804418  0.00162687 -0.04003672
 -0.07985951 -0.12739585 -0.11287236  0.15652156  0.07005183  0.00139293
 -0.17217383  0.00581269  0.07556707  0.01503794 -0.16378966  0.09103353
 -0.03991162  0.03201515  0.15438004  0.01005843  0.03479629 -0.0709466
  0.09175852  0.1122395   0.10031977  0.12242331  0.13090383  0.01341354
 -0.03419761 -0.13744004  0.04177126 -0.01337608 -0.21284148 -0.07546216
 -0.12420926  0.12912241  0.03626839  0.09744668  0.0256313   0.04602328
 -0.12272384  0.10829318  0.01989807 -0.10881413 -0.20487325 -0.04749962
  0.05925159 -0.02149618  0.00795921  0.1171655  -0.04185914 -0.10002904
 -0.06536252 -0.02655309  0.01015199  0.04550057 -0.00057715  0.01547771
 -0.08521634 -0.08231936  0.0808828   0.07428443  0.13255918  0.01199057
 -0.01607989  0.03252976  0.02597656 -0.12478656 -0.02306448 -0.0197714
  0.0365767   0.11296615 -0.1995644   0.03618102  0.01483232 -0.03373745
  0.0372276  -0.08896729 -0.02822383 -0.02969867  0.09032979  0.0903717
  0.06320884  0.10202943]