[ 0.06714768  0.12822343 -0.06621558 -0.02341221  0.03457317  0.17914799
 -0.08487585 -0.21540838 -0.0260978  -0.10543685  0.11741167 -0.03526685
 -0.0765617  -0.04389684 -0.02901017  0.08796706 -0.11081369 -0.01229709
  0.06160353 -0.10712061  0.09788312  0.15593052 -0.02395812 -0.06195166
  0.06173568  0.06502397  0.03426967 -0.07983432  0.11445022  0.11462459
  0.04179291 -0.036684   -0.07977653 -0.0720241   0.12363367  0.10488878
 -0.04415442 -0.1339781   0.21576932  0.08182859 -0.06621338 -0.00504862
 -0.0593775   0.03768641  0.04881473  0.145601    0.09745158  0.00291118
 -0.14753029 -0.09326143 -0.07016414  0.17977384  0.04047239 -0.01577058
 -0.07326309  0.0122596   0.05290894  0.10851691 -0.16139838  0.08333416
 -0.02430454  0.04542059  0.27236655 -0.03740652  0.04293763 -0.06383392
  0.03195025  0.05090712  0.05267956  0.16377026  0.04398053  0.05861022
 -0.08234028 -0.07156536  0.02652323 -0.0426043  -0.09444898 -0.01104395
 -0.13134106  0.08692492  0.13440892  0.13575132 -0.00842153  0.00615058
 -0.10866529  0.08039656 -0.04858135 -0.11150829 -0.17095713  0.04263041
  0.13454616 -0.02324988 -0.11674096  0.12829539  0.02960727 -0.03025706
 -0.02819911  0.03475425  0.08009626  0.02426193  0.01046523  0.01062756
 -0.08052108 -0.04031995 -0.02958715  0.11356279  0.0848949   0.05538095
 -0.0265908   0.02975111  0.08417002 -0.0668503  -0.01386163 -0.0301579
  0.08757717  0.10221539 -0.13194427  0.03026512  0.03872794  0.02066281
  0.0607514  -0.08485132  0.08311043 -0.03860953 -0.0058854   0.120175
  0.07450362  0.03786331]