[ 4.82508913e-02  7.27250576e-02 -4.27157991e-02 -3.16016600e-02
  1.40838670e-02  9.99250039e-02 -1.27425998e-01 -2.04316631e-01
  1.16165378e-03 -9.34350565e-02  1.12461425e-01 -3.40661891e-02
 -9.85649154e-02  6.40394026e-03 -1.87312663e-02  6.78644106e-02
 -4.00661677e-02  9.24637094e-02  1.24341235e-01 -1.08893655e-01
  8.29144865e-02  2.33323440e-01 -2.54878812e-02 -5.77764511e-02
  1.59312878e-02  8.00902024e-02  7.22953081e-02 -6.62465170e-02
  6.85774460e-02  1.30103990e-01 -6.82456233e-03 -7.77811632e-02
  2.43686400e-02 -1.11717217e-01  1.93096831e-01  7.72162825e-02
  1.67349987e-02 -1.43482372e-01  2.00707108e-01  6.64206818e-02
 -1.06995709e-01  7.06252083e-02 -4.79926914e-02  4.45379056e-02
  2.78328694e-02  1.29321694e-01  8.54551941e-02 -3.67904417e-02
 -9.01669636e-02 -9.03322324e-02 -4.31957394e-02  1.25009626e-01
  9.06411037e-02  2.06976626e-02 -9.29310694e-02  2.17305515e-02
  1.17984779e-01  1.47356447e-02 -1.47672623e-01  8.79544914e-02
  1.10434862e-02  1.83272194e-02  1.89256355e-01  2.00474206e-02
  2.32313629e-02 -1.16957642e-01  2.51321383e-02  1.05732074e-02
  9.13225859e-02  1.28494859e-01  7.17065707e-02 -3.82006168e-02
 -5.06497100e-02 -1.43076941e-01 -1.52383251e-02 -2.98365131e-02
 -1.47714570e-01 -2.54922882e-02 -1.28631338e-01 -8.72381715e-05
  1.43873394e-01  2.06356019e-01 -2.86949724e-02  3.43805403e-02
 -2.71882303e-02  9.17842314e-02 -8.06526467e-02 -1.20118976e-01
 -1.80578500e-01  4.92665656e-02  8.18457529e-02  1.85099058e-02
 -1.16764084e-01  1.03869528e-01  4.87259328e-02 -1.85160730e-02
 -6.17326871e-02  6.47134855e-02  4.42732647e-02  3.58047113e-02
  4.47141156e-02  3.36903967e-02 -1.95936710e-02 -1.06697462e-01
  1.02617955e-02  5.95740080e-02  1.34997159e-01 -6.17070794e-02
 -5.29500283e-02  7.33355135e-02  7.13659227e-02 -1.55772254e-01
  3.19754779e-02 -5.43283410e-02  1.40695823e-02  7.99349621e-02
 -9.65189859e-02 -3.20221595e-02 -2.06040200e-02 -7.19523430e-02
  6.41623214e-02 -8.32248479e-02  6.83384761e-02 -9.25709456e-02
  1.59030426e-02  9.25064757e-02  9.41560641e-02  6.83758557e-02]