[-0.01535393  0.0683995  -0.10575408 -0.01583875 -0.10109257  0.0730376
 -0.1700643  -0.12093671  0.04118248 -0.1415935   0.13381469 -0.02519914
  0.02000694  0.07784326 -0.00831559 -0.05350062 -0.08876065 -0.14728388
  0.14568681 -0.01885311  0.03617556  0.01892871  0.01415095 -0.0484773
  0.06029625  0.10208337  0.13409697 -0.10137031 -0.03635841  0.07549327
  0.07369561 -0.12209408  0.14372014 -0.04673388  0.03406146  0.11954691
  0.09664349  0.05795979  0.12126599  0.04759459 -0.01671513 -0.04391732
 -0.04713077  0.03206568 -0.04139536  0.04947999  0.11809958 -0.09378546
 -0.07608931 -0.09477884 -0.16904739  0.05026393  0.15474954  0.10821506
  0.01251353  0.07009293  0.00669411  0.03548327 -0.11868916 -0.07745752
 -0.10054832 -0.04454404  0.18782058 -0.06727631  0.02203587  0.08993096
  0.12484615  0.05753883  0.11412267 -0.04121664  0.00465344 -0.10521659
 -0.10474356 -0.147655    0.2276478   0.01419742 -0.126553   -0.06922817
 -0.06929121  0.17786521 -0.05978281  0.02268684  0.02707361  0.00870165
 -0.06677414  0.13764143  0.00910235 -0.07585658 -0.07665428 -0.03062019
  0.04955618 -0.13881634  0.05514448  0.07433946 -0.06951606 -0.14748697
 -0.07053101  0.05549186  0.10542087 -0.03866233 -0.06347288  0.00194971
 -0.00290834 -0.04254053 -0.05981406  0.13248295  0.05964501  0.06473088
 -0.12752187 -0.07540212  0.01662894 -0.10247479 -0.05574225 -0.05957501
 -0.00836057  0.0770234  -0.15112494 -0.08357744  0.07997247 -0.00710569
  0.07452109 -0.09127828 -0.02749692 -0.00449182  0.05307901  0.09459793
  0.09376435  0.15553938]