[ 0.02042765  0.13832858 -0.10408525 -0.02975123 -0.16249698  0.00754088
 -0.1118493  -0.11321101  0.0395434  -0.05760112  0.12731853 -0.10164138
  0.07607546  0.10490451  0.04950262 -0.06137343 -0.00406721 -0.14656143
  0.10392761 -0.02392772 -0.04160955  0.05581895 -0.03460156 -0.04967701
 -0.01737674  0.06509561  0.04874827 -0.06408662  0.02098354  0.11582413
  0.03539204  0.02318183  0.10357199 -0.04843893  0.00772189  0.08832403
  0.11909565  0.11217901  0.133559    0.09431966 -0.0879074  -0.06314367
 -0.14107102 -0.04965478  0.04287403  0.16295767  0.06002152 -0.03415179
 -0.09896    -0.13808705 -0.13208894  0.16328004  0.16565613  0.05904754
 -0.08348187  0.04097956  0.01099326 -0.01575071 -0.07343893 -0.02640231
 -0.07376177 -0.01390885  0.09362747 -0.05303973 -0.0688307   0.08350657
  0.19601978  0.08397881  0.09684847 -0.11425215  0.00188043 -0.17001416
 -0.10978942 -0.08984702  0.1903981  -0.00892433 -0.11409327 -0.1050991
 -0.04493956  0.18100767 -0.01307288  0.00257833 -0.07577018 -0.0538028
  0.00847988  0.13362983 -0.0357861  -0.18459851 -0.09686735 -0.01777323
  0.03010007 -0.10727286  0.09553672  0.10571822 -0.07756241 -0.11405532
 -0.01977667 -0.03054714  0.13241932 -0.03333785 -0.0136112   0.0398207
 -0.01975893  0.03327236 -0.10260456  0.08923121  0.04792528  0.06571505
 -0.0505405  -0.03982399  0.04587591 -0.09225494 -0.10495614 -0.08933861
 -0.04897007  0.06581349 -0.17908792 -0.1110267   0.08594804 -0.05074049
  0.03218576 -0.08314325 -0.03340098  0.06191125  0.09141388  0.03206763
  0.0285656   0.05384241]