[-0.0515105   0.14343187 -0.16244754  0.00568601 -0.0842602   0.0868196
 -0.11137135 -0.16986376  0.0241609  -0.05853005  0.05838256 -0.04771491
  0.04020601  0.06022215 -0.01887934 -0.00664725 -0.07799502 -0.11685265
  0.12894182 -0.03711138 -0.00260102 -0.02356941 -0.03510152 -0.05864339
  0.03873169  0.06863094 -0.00347349 -0.10533085  0.02775     0.14221826
  0.04089613  0.07417477  0.10269558 -0.08114751  0.02757911  0.08977804
  0.09875651  0.00820683  0.10928746 -0.00325899 -0.00079643 -0.0938859
  0.0132911  -0.02628583  0.00902031  0.10705396  0.15223622 -0.03755024
 -0.12549572 -0.15440321 -0.14692815  0.04740954  0.22635148  0.0413837
  0.01080948  0.09473437  0.02747589  0.00996596 -0.04790482 -0.09527129
 -0.09214288  0.0558862   0.15077181 -0.08256539 -0.00699139  0.20046633
  0.1049224   0.02216657  0.06052501 -0.12415995 -0.04042199 -0.10679973
 -0.10720896 -0.09993286  0.22245491  0.05747104 -0.10423137 -0.11253817
 -0.06632142  0.10948391  0.01903649  0.05815208 -0.04435181  0.00077674
 -0.01999497  0.18988088 -0.05215158 -0.11583128 -0.07299879  0.01384994
  0.04990359 -0.08445826  0.02708587  0.06493799 -0.07267615 -0.06073625
 -0.04784213  0.08763932  0.12300556 -0.02439005  0.03021105 -0.03315255
  0.03520725 -0.02403342 -0.14050445  0.14684881  0.03430869  0.09128194
 -0.13365613  0.00073612  0.04549052 -0.08933587 -0.0545871  -0.15765558
 -0.04377641  0.04988231 -0.18204765 -0.04770421  0.09459349 -0.03107538
  0.08010647 -0.12324601  0.02648302 -0.03118079 -0.01867739  0.12331615
  0.00634677  0.09033232]