[-2.84483861e-02  5.82481399e-02 -1.65614635e-01 -1.17001526e-01
 -8.09254348e-02  1.66089181e-02 -6.37157708e-02 -1.14270173e-01
  2.69115977e-02  1.77526003e-04  9.70873013e-02 -2.43645012e-02
  8.66397470e-02  2.58624226e-01  2.33097542e-02 -2.41940636e-02
  2.82977223e-02 -7.20776841e-02  1.22832403e-01 -1.16955563e-01
 -5.00573665e-02  1.31680995e-01 -3.22815590e-02 -9.17945802e-02
 -4.89372835e-02  1.10348582e-01  1.15605190e-01  3.50330062e-02
  1.84424203e-02  1.58262178e-01 -4.30935714e-03 -6.20552041e-02
  1.06861286e-01 -1.49835736e-01 -2.37043295e-03  9.30638015e-02
  4.52575237e-02  6.71027005e-02  1.05332218e-01  1.97763965e-01
 -1.10781215e-01  1.25021160e-01 -8.59289765e-02  3.56629379e-02
 -2.92199142e-02  4.56818938e-02  4.37172392e-04 -8.10053125e-02
  5.46039864e-02 -1.75041124e-01 -5.11047170e-02  5.59193864e-02
  5.24883419e-02  5.75956032e-02 -8.31817240e-02  1.04070790e-01
  8.18001747e-04  1.52757540e-01 -5.95099702e-02  7.13150576e-02
 -1.05756901e-01 -6.27593771e-02  1.45487159e-01 -2.71716062e-02
 -4.72344831e-03  1.39142107e-02  1.10543698e-01  1.08262539e-01
  1.01974495e-01 -7.16988742e-02  1.33291617e-01 -5.93375489e-02
 -3.21803265e-03 -1.31948441e-01  1.10196173e-01  8.42525586e-02
 -1.36469275e-01 -1.36101753e-01 -1.05636187e-01 -2.75427778e-03
  7.09676147e-02  2.27666795e-02  2.42660157e-02  4.22092788e-02
 -7.55354315e-02  5.03808372e-02  3.39198448e-02 -1.62781969e-01
 -6.84698001e-02 -8.56192708e-02 -1.16883911e-01 -1.20103724e-01
  7.85320774e-02  4.19768468e-02  5.14484942e-02 -9.67547670e-02
 -4.91803810e-02 -2.30614226e-02  9.55324322e-02  9.25072879e-02
 -7.01626763e-02  5.85444756e-02  4.25895229e-02 -5.90442913e-03
 -1.51931345e-01  6.03650175e-02 -1.98584255e-02 -7.66532049e-02
 -9.01291743e-02 -5.33962101e-02  6.87863231e-02 -1.54623359e-01
 -1.36748925e-02  6.58916077e-03 -8.88841376e-02  1.01100393e-01
 -7.43837357e-02 -3.78895696e-04 -8.78251810e-03 -8.05398151e-02
  3.29285227e-02 -1.58978879e-01 -3.63854840e-02 -4.87152822e-02
  2.31651179e-02  7.66579509e-02 -9.58335400e-02  1.22806951e-01]