[ 0.0947351   0.25278699  0.08967024 -0.1073355   0.04281333  0.0065059
  0.03876124 -0.02660593 -0.10450963 -0.01869641  0.07673793 -0.13796045
 -0.05579316  0.0808003   0.07357314  0.02208792  0.05699107  0.00409821
 -0.00465513 -0.10076825  0.05023756  0.19678891 -0.03967045 -0.12222421
  0.05002698 -0.05841217  0.03006733  0.17966615  0.23965734  0.09103971
 -0.10778324 -0.11262587 -0.02714796 -0.029434    0.08555719 -0.04967438
  0.05008107  0.00057916  0.14051889  0.04872181 -0.11431489  0.07014494
  0.04080308 -0.01070353  0.01007728  0.24327454  0.01036904 -0.02821614
 -0.17216326 -0.06151599 -0.02908593  0.29194126 -0.11427008  0.03776394
 -0.09634351 -0.06001389  0.02692793  0.01300859 -0.1304211   0.05797461
  0.02344694 -0.02458606  0.06941505  0.03726319 -0.02938131 -0.00602383
 -0.01760587  0.05886911  0.0014942   0.10914689  0.11512407 -0.01270075
 -0.00392427 -0.04974336  0.04832068  0.00195902 -0.02020309  0.01623294
 -0.00858422 -0.0619678   0.10068961  0.09307447  0.03148298  0.06096708
  0.06235753 -0.00422459 -0.11038758 -0.0583915  -0.0342248   0.13552512
  0.08483408 -0.07377535 -0.13812512  0.08676216  0.04975998 -0.12602036
  0.03053523  0.02719037  0.02643734 -0.00489382 -0.03737224  0.12296446
  0.02181195  0.03056536 -0.1336475   0.07667417  0.06913535  0.08793569
  0.15704177 -0.11540923  0.14953458 -0.07783055 -0.08723059  0.13770409
  0.0667666   0.01210814 -0.06904428  0.01506239  0.00375211 -0.02348301
 -0.03158937  0.00455183  0.02323809  0.03869008  0.11148593 -0.00675211
  0.14139363 -0.07170768]