[ 0.12231721  0.1210891  -0.00402427 -0.03430015  0.06573919  0.13438241
 -0.0419177  -0.0910103   0.01471125  0.03296218  0.15724944 -0.03197951
 -0.01648976  0.02398518  0.10966825 -0.01660901  0.04200623 -0.01431775
  0.00771961 -0.09553993  0.01401859  0.19814239 -0.08450989 -0.06239213
  0.12629378 -0.0535756   0.11583852  0.12053601  0.03960434  0.12601934
  0.00446674 -0.06058506 -0.01508058  0.02707263  0.0542231   0.04474492
  0.03908263 -0.19782043  0.16849738  0.02813469 -0.00605163 -0.06762262
 -0.00321976 -0.00654919 -0.00959205  0.07797229 -0.08463068  0.06326149
 -0.01208666 -0.06172104  0.10251034  0.25327286 -0.05907887 -0.01111489
 -0.06515172 -0.01892555 -0.09693025 -0.06364646 -0.14362945  0.1016592
 -0.04053687 -0.11920142  0.04618461 -0.02629979 -0.04993897 -0.04723383
  0.01725827  0.15452856  0.01489574  0.12179275  0.09686927  0.03210478
 -0.07189173 -0.2206455   0.00031841  0.05456866  0.00416168  0.00851472
 -0.08858221  0.11665385  0.1114506   0.03049957  0.13354757  0.10637749
  0.01571078  0.012807    0.01102525 -0.05233089 -0.04282105  0.14760138
 -0.02991929 -0.10238934 -0.10552971  0.22044583 -0.14121555 -0.12343355
 -0.04684135 -0.15335515  0.04717994 -0.06414262  0.09824742  0.11834321
 -0.02797241 -0.04824048 -0.003875    0.04259674  0.0312867   0.01903789
 -0.01895767  0.0180043   0.07011195 -0.09782848 -0.07005911  0.12025524
  0.04542742 -0.01889845 -0.12223675  0.08653152 -0.02697311  0.04529259
  0.08173899 -0.06914281  0.02918154  0.03637529  0.20132159  0.01601616
  0.17726237  0.03015728]