[ 1.48222223e-01  1.06553279e-01  3.66311781e-02  8.78816471e-03
  7.62687325e-02  1.03062354e-01 -9.29755531e-03 -9.08654854e-02
 -1.14544667e-02 -5.78384101e-02  1.74471051e-01  2.63037961e-02
 -1.58772934e-02  4.78894673e-02  3.36818360e-02 -3.19860168e-02
  3.09340041e-02  2.80035734e-02 -2.11127196e-02  7.06124073e-03
  9.22763422e-02  2.21064866e-01 -8.75861347e-02  3.05356961e-02
  7.28739947e-02 -8.70935917e-02  7.83044696e-02  9.99230966e-02
  4.64750864e-02  1.95785508e-01 -9.66395289e-02 -1.63294807e-01
  5.69131225e-03  2.53331829e-02  7.60769397e-02  4.46384102e-02
  7.20655080e-03 -1.45212546e-01  4.29324694e-02  2.10189037e-02
 -6.48654774e-02  3.70721966e-02  2.36301105e-02  5.34562469e-02
 -5.52584454e-02  8.63611773e-02 -8.67561685e-05 -1.52884796e-02
 -4.70872372e-02  2.72984914e-02  1.11210585e-01  1.77104607e-01
 -1.12948895e-01  3.58032137e-02  4.95936088e-02 -1.64229143e-02
 -1.37553319e-01  9.70105175e-04 -1.17678225e-01  8.60421136e-02
 -2.08099373e-02 -1.12369575e-01  9.36405808e-02 -2.47337278e-02
 -6.57558953e-03 -1.38978451e-01  1.83025375e-02  6.18561693e-02
 -1.84706226e-02  1.35514170e-01  1.60247579e-01  2.70675942e-02
  2.83817342e-03 -1.93320200e-01 -1.94469336e-02  7.80723095e-02
 -4.88703419e-03  3.75358090e-02 -5.56631200e-02  7.12033585e-02
  1.38618365e-01  6.17069341e-02  8.45933035e-02  6.53140917e-02
  2.39719469e-02  1.30946375e-02 -1.38590327e-02 -7.21582174e-02
 -5.31211458e-02  1.93310291e-01 -8.08272231e-03 -1.59514070e-01
 -1.42925322e-01  1.58517793e-01 -1.15043983e-01 -1.31668568e-01
 -5.01590483e-02 -1.28855929e-01  7.26478323e-02 -4.17552888e-02
  5.96725456e-02  1.80431023e-01  1.72913559e-02 -9.82936844e-02
 -1.07355036e-01  8.16878229e-02  4.13873680e-02  6.09659217e-03
 -2.23328881e-02 -3.27235437e-03  1.12867936e-01 -1.03207983e-01
 -6.44591600e-02  1.16799749e-01  7.31099909e-03  3.50448675e-02
 -6.84752092e-02  4.57341261e-02 -9.54955891e-02  3.39543931e-02
  3.71695403e-03 -3.40175517e-02  1.05191292e-02  3.91325131e-02
  1.87904716e-01  7.08835870e-02  2.23250270e-01  6.06068550e-03]