[ 6.89677820e-02  1.22436352e-01 -7.49683427e-03 -5.05380407e-02
  9.40259174e-02  1.00406587e-01 -2.09318139e-02 -1.48637276e-02
 -8.11781138e-02  1.04698926e-01  1.19089127e-01 -5.09429537e-03
  1.65224094e-02 -8.91937539e-02  8.35739449e-02  1.30277529e-01
  1.49492659e-02 -4.23488244e-02  2.10848041e-02 -4.44799140e-02
  9.91877392e-02  9.39575508e-02 -3.98237295e-02 -1.13418542e-01
  1.03000045e-01  6.57230169e-02  6.13259524e-02 -3.49097960e-02
  1.10930942e-01  1.00583002e-01 -3.16253863e-02  5.37417531e-02
  7.50730932e-03  5.49938865e-02  4.81967032e-02 -3.80536402e-03
  7.26734176e-02 -6.43205419e-02  2.28438944e-01 -2.49540117e-02
  2.06904602e-03 -1.35455355e-01  5.48886247e-02 -2.70236153e-02
  1.35220559e-02  1.38510928e-01  4.06125560e-02  1.71301523e-04
 -1.63353980e-01 -1.30184963e-01  7.04085082e-02  1.90837607e-01
 -9.22002122e-02  8.93273205e-03 -5.38485241e-04 -1.45641193e-02
  1.13873547e-02 -1.00580640e-01 -1.73681274e-01  7.42954314e-02
 -3.17576155e-03 -1.75402686e-01  4.96171229e-02 -4.49556597e-02
  8.26238841e-02 -4.71346267e-02 -8.90022665e-02  1.77430391e-01
  6.01542890e-02  5.57114780e-02  7.46444613e-03  5.91273792e-02
 -1.61201254e-01 -1.87459707e-01  4.49023135e-02  5.36906868e-02
  2.12958120e-02  1.41884804e-01 -5.55008575e-02  1.07502706e-01
  2.04346795e-02  2.13967282e-02  1.15002841e-01  1.31586239e-01
 -4.85141277e-02  2.58166846e-02  4.98664156e-02  3.08436081e-02
 -4.33985051e-03  9.07185674e-02 -1.82552524e-02 -5.13657704e-02
 -1.86377659e-01  2.39744782e-01 -1.38569742e-01 -5.00803106e-02
  1.25709279e-02 -4.02184464e-02  2.57179420e-02 -7.16047138e-02
  6.87426105e-02  1.96435228e-02 -9.81187820e-02  4.21851799e-02
  3.99218425e-02  2.49070916e-02  1.84549168e-02  1.26420572e-01
  4.65874150e-02 -6.23147003e-02 -5.81704080e-02 -3.70069444e-02
 -1.15574546e-01  4.52964827e-02  1.61776438e-01 -1.05922958e-02
 -1.82062879e-01 -1.31002255e-02 -3.85315977e-02  8.76845494e-02
  7.09727705e-02  2.34969426e-02  8.79532918e-02  6.31061420e-02
  1.48697644e-01  4.71097492e-02  1.49459213e-01 -3.69861815e-03]