[ 0.03677085  0.11722089  0.01670547 -0.11878208  0.0114568   0.00289935
 -0.04857574  0.03840585 -0.02096358  0.10690778  0.07082078 -0.12489057
  0.02654678  0.16119973  0.07369775  0.03656565  0.12841766 -0.00295464
  0.00968361 -0.04752515  0.01446765  0.11591158 -0.02824545 -0.09950146
 -0.04168785 -0.02602727  0.05409254  0.10788261  0.0500938   0.03427276
 -0.14370377 -0.07013891  0.0696165  -0.02303327  0.02320294  0.07738527
  0.11433442 -0.00308945  0.03982926  0.03882293 -0.12097556  0.03028684
 -0.04947084 -0.13365938  0.05678233  0.29399124 -0.04073968  0.0029601
 -0.11101551 -0.1058059   0.00967587  0.22772601 -0.07339545  0.05812228
 -0.0407239  -0.00895265  0.09415946 -0.16710436 -0.0630642   0.07553415
  0.07502772 -0.02002485 -0.10606781  0.00510804 -0.02594455 -0.05645847
 -0.01709985  0.26435953  0.13896713  0.08398885  0.13681437 -0.06637289
 -0.05441203 -0.25297651  0.07026088  0.17138372 -0.04311946  0.14822741
 -0.01201103 -0.12921363 -0.00573238  0.09717096  0.00207316  0.10816753
 -0.00074149  0.13387385 -0.02893249 -0.00811837 -0.02772171  0.11923306
 -0.05930568 -0.05557836 -0.02316558  0.13093732 -0.0870171  -0.07071898
  0.01662704 -0.07287939  0.03916213 -0.02598916  0.12631617  0.08595257
 -0.02719555 -0.05264281 -0.01185154  0.00445122 -0.03607452 -0.04434958
 -0.02707077 -0.05163561  0.00033008 -0.11915565  0.00202743  0.00873273
  0.03027074  0.0405279  -0.19035353 -0.06466345 -0.11612908 -0.05257279
 -0.02772752 -0.02126839  0.03067316  0.07175009  0.14714335  0.04737775
  0.04791997 -0.01873119]