[ 0.00571453  0.01138559 -0.04337115 -0.08477067  0.11159875 -0.01187437
  0.08757357 -0.00684566 -0.02775573  0.07826932  0.05207488  0.090801
 -0.03017924  0.11284292  0.10993142 -0.02680821  0.05134067 -0.05232134
  0.14060931  0.00703274 -0.09279214  0.11435234  0.11096174 -0.09100495
 -0.05184694  0.08568551  0.11841656  0.00254403  0.09313627  0.0085633
 -0.05551314 -0.04329694  0.1344543  -0.01123601  0.01979107  0.04490057
  0.12927398  0.14529656  0.0105891   0.08568504  0.02810028  0.08350299
 -0.04503231 -0.0162621  -0.25625357  0.12222809  0.01501138 -0.05697889
  0.04886341  0.00873167 -0.05562302  0.12310372 -0.13605928  0.06257781
  0.09542815  0.02952329  0.0767894   0.08454917 -0.20215301  0.19897148
 -0.14778614 -0.16386279  0.13525094 -0.14465907  0.22131261 -0.08867946
 -0.05223433  0.0647006   0.00784652  0.16876587  0.06309568  0.10054096
 -0.05988901  0.08968912  0.08432568  0.05126611  0.02287637  0.11425356
 -0.02181942 -0.18885466 -0.08608167  0.03036275  0.07000218  0.11465202
  0.01202473 -0.13930698  0.05327259  0.08301827  0.01083359  0.00075555
  0.04407334 -0.02873594 -0.01480406 -0.01193567  0.14665036 -0.15553263
  0.05023172  0.04374141  0.07984526  0.03082361 -0.10034409  0.02679278
  0.01074177 -0.0257022  -0.04151171  0.02583337  0.03374304 -0.07599965
  0.11027327 -0.04694432 -0.02047093  0.00236287  0.0734454   0.05587263
  0.07402795 -0.00242727  0.14375168 -0.1239641   0.00379826  0.13678111
  0.07812223 -0.00118396  0.00306907  0.07265082 -0.01574792  0.05774181
  0.07168051  0.08943183]