[ 3.51523794e-02 -9.56722908e-03 -5.60368411e-02 -1.07440941e-01
  1.40368640e-01  9.78878792e-03  1.00190848e-01  1.43905764e-03
 -1.31152600e-01  1.18544415e-01  7.57974535e-02 -7.50599522e-03
  4.68958691e-02  2.02018112e-01  2.07802474e-01  2.43009720e-02
  6.25545755e-02 -2.53625941e-02  9.72449481e-02  3.53516638e-02
 -7.46163577e-02  5.65711148e-02  1.09310098e-01 -2.06088975e-01
 -2.74030901e-02  7.99258873e-02 -1.84603743e-02  3.00676338e-02
  9.52764452e-02 -2.84571890e-02 -6.00535274e-02  5.46524823e-02
  6.64101467e-02 -1.68317892e-02  4.51186225e-02  1.03946470e-01
  9.69691873e-02  1.36307567e-01  8.65516067e-02 -2.24563926e-02
  2.20798850e-02  8.63632485e-02 -1.57355622e-03 -4.30806167e-02
 -2.47699991e-01  1.21818557e-01 -3.39766778e-03  2.05942187e-02
 -3.15694995e-02 -5.14538400e-02 -1.44690424e-01  3.19849625e-02
 -1.63101211e-01  7.35054389e-02  3.97322290e-02 -1.45793250e-02
  1.11634668e-03  9.31384638e-02 -1.76492125e-01  1.64483130e-01
 -1.39528632e-01 -7.65050203e-02  1.25250190e-01 -1.22704782e-01
  1.86931103e-01  1.35034174e-01 -8.94038007e-02  1.66116029e-01
  2.49127038e-02  5.37812784e-02  1.06816940e-01  1.24265209e-01
  1.01534706e-02  4.14093435e-02  5.42108901e-02  2.05902476e-02
  1.62271708e-02 -1.88725744e-03  1.61367916e-02 -2.22435996e-01
  2.46088882e-03 -3.48766637e-03 -5.15698781e-03  2.32476369e-02
 -6.28646165e-02 -4.94922847e-02  2.61133891e-02  7.50274658e-02
  6.03750832e-02  3.66387367e-02  1.39594033e-01 -3.66529226e-02
 -3.94686013e-02 -3.02909198e-03  8.51384774e-02 -1.26277298e-01
  2.32355291e-04  6.54032528e-02  2.00860854e-02  3.23145203e-02
 -9.67186689e-02 -1.62449684e-02  5.19529320e-02 -9.24940705e-02
 -6.61072358e-02  1.41741976e-01  1.74401421e-02 -1.74509194e-02
  1.70891732e-01 -6.45801276e-02 -2.49742027e-02  1.14418343e-02
  3.45090218e-02  6.88567236e-02  1.16117276e-01 -5.10079749e-02
  8.95682946e-02 -4.98131737e-02  1.69620838e-03  5.94056509e-02
  5.83386905e-02 -7.18522370e-02  7.65784010e-02  1.46416903e-01
 -3.54171940e-03  1.41940089e-02  7.91645423e-02  4.80787754e-02]