[-0.06870921 -0.01060759  0.00554755 -0.16928065  0.02585329  0.01050411
  0.00910718  0.08884072 -0.02365717  0.17027642  0.03020406 -0.00975284
  0.05484059  0.16982706  0.2124415  -0.03825697  0.04498233 -0.04176423
  0.08433857  0.00618464 -0.17235036  0.09935147  0.11584809 -0.04555085
 -0.13219562  0.09571291  0.1202794   0.04709801  0.05532714 -0.11672837
 -0.01110582 -0.04541659  0.13476205  0.03158488  0.00850338  0.14444329
  0.15636149  0.17602213 -0.05889488  0.08765645  0.00180274  0.03347963
 -0.07388854 -0.05076804 -0.20119947  0.05687169 -0.0134819   0.0622223
  0.02000719  0.0410553  -0.08889614  0.00121834 -0.13298814  0.06510984
  0.06157595  0.06569251  0.00815762  0.05470856 -0.10454091  0.10164816
 -0.19167146 -0.08101293  0.06115374 -0.13690744  0.14834133  0.04822786
 -0.02000459  0.11486737 -0.00457007  0.12364092  0.02163048  0.03349258
 -0.03287831  0.08399583  0.12037569 -0.01075243  0.001378    0.09398339
  0.07261289 -0.25112623 -0.02759392 -0.01344708  0.00579817  0.01974747
 -0.02471506 -0.1072551   0.04577105  0.1029811   0.10144348  0.07973526
  0.07027022 -0.02947885  0.07573943 -0.0246525   0.12236619 -0.05287081
 -0.00573643  0.04357687  0.03588045  0.0361944  -0.07232851 -0.00453378
 -0.03625074 -0.09372089 -0.0036918   0.05595318 -0.05419265 -0.20938867
  0.09134371 -0.04909824 -0.04531417  0.08795156  0.12565608  0.04079144
  0.05512568 -0.03361849  0.14692505 -0.12160142  0.0036861   0.07109913
  0.12347502 -0.10366412  0.05644787  0.10847884 -0.03937735  0.02049338
  0.01576788  0.05230174]