[ 0.153964    0.03036817 -0.00183102 -0.01931733  0.03908431  0.12208997
 -0.00868514  0.02139655 -0.12870917 -0.03497007  0.09965868 -0.01895027
  0.13627541 -0.04867344 -0.01108964  0.06461536 -0.05632598  0.03175367
 -0.15076569  0.16557141  0.14799933 -0.015915    0.13416116 -0.03159159
 -0.02706855 -0.11430899 -0.10117293 -0.03033773 -0.00644226  0.06943312
 -0.04775856 -0.03794852 -0.04729851  0.10305624  0.01688289 -0.01654141
 -0.06739922  0.10718414  0.07747946 -0.04553714 -0.15845992 -0.04671811
 -0.01005675 -0.04176169 -0.0622192  -0.13067546 -0.00208164  0.0770741
 -0.08579712  0.26258373  0.02694836  0.00462761 -0.10995273  0.1025249
 -0.02331377 -0.13796103  0.0252604  -0.01217057 -0.08800877 -0.05536872
 -0.04448507  0.01928713  0.13307089 -0.08553268 -0.02289292 -0.01847821
 -0.05835404  0.08216332 -0.15559621 -0.04407381  0.05003864  0.06041952
 -0.01299138  0.0319889  -0.05819998 -0.06146535  0.08188912 -0.15719351
  0.07929333  0.19356656  0.09256084 -0.18588944  0.01191693 -0.01587601
 -0.07068243  0.05180826 -0.07182546  0.00400882  0.15092352  0.08182196
  0.07528523 -0.13838978 -0.06903607  0.15661207 -0.0836921  -0.07220257
 -0.09275031  0.08722618 -0.10722723 -0.00351446  0.09447218  0.06321251
 -0.09496471  0.04553099  0.05826085  0.10490092  0.01121864  0.08743801
  0.13724619 -0.04271636 -0.04089887  0.09282118 -0.02212539  0.15772223
  0.03714738  0.0921656   0.02205249  0.19722961 -0.01921783  0.13367699
 -0.08763114 -0.07610725  0.08325432  0.04128646  0.04959144 -0.00774227
  0.14997019 -0.00797112]