[-0.02394295 -0.0267401  -0.0449091  -0.06311336  0.09067359  0.07941857
 -0.143204   -0.0786057  -0.05802717 -0.12875648  0.04683698  0.05585927
 -0.00763442  0.06728896 -0.04666657  0.02965158 -0.07976823  0.08120587
  0.10696509  0.02033776  0.21361399  0.04532506  0.15040249 -0.01114135
  0.09824305  0.03780707  0.11198707 -0.12795936 -0.00040095  0.10953017
  0.01187904 -0.23522274  0.13460897 -0.0672665   0.13601866  0.03387251
 -0.05647638  0.05490356  0.05197733 -0.05145746 -0.09469027  0.11255006
  0.04363353  0.15935586 -0.15454942 -0.03236147  0.14561056 -0.10191081
 -0.06496224  0.02794396 -0.06283199 -0.06790408  0.03873244  0.07061575
  0.07071691  0.02598076  0.09372292  0.11718792 -0.11713216 -0.1227172
 -0.02615282 -0.05576052  0.22896874  0.01198445  0.14022626 -0.08181392
 -0.10086024  0.07899427  0.02480619  0.11063655  0.10643978  0.06024369
 -0.05460707 -0.21247609  0.0062218   0.03241756 -0.12493723 -0.04295516
 -0.01258322  0.05886271 -0.0561331   0.08717665  0.06335248  0.07005747
 -0.10032481 -0.02983696  0.00465066  0.06842941  0.01356724 -0.01842407
  0.01880951 -0.07183299 -0.08743787  0.03156001  0.0360881  -0.11388415
 -0.11269473  0.23329513 -0.04025971 -0.01922099 -0.004588    0.02001982
  0.0222373  -0.10159786 -0.0529213   0.08880246  0.02307441 -0.04064499
  0.02592438 -0.09583012  0.02739937 -0.05421882 -0.01456395  0.04447276
  0.05919669  0.13126273 -0.05073859 -0.03586957 -0.02994782  0.08946404
  0.01747426 -0.0288351  -0.03049852 -0.11769918 -0.050365    0.12050455
  0.14857121  0.14329721]