[-2.61350349e-03  1.19188190e-01  5.21124378e-02 -1.03585057e-01
  4.39974926e-02  6.24490641e-02 -1.17627956e-01 -1.46565195e-02
 -6.46015555e-02 -1.29690617e-01  4.88409214e-02  4.27812338e-03
  3.43109830e-03  1.12510115e-01  1.85450800e-02 -4.44242032e-03
  3.40938829e-02  2.26264019e-02  1.34985670e-02 -4.61569754e-03
  1.77603453e-01  8.40472579e-02  1.09082721e-01  1.08641528e-01
  9.99857858e-02 -7.02894665e-03  1.41302288e-01 -2.37201601e-02
  8.93142372e-02  8.29845965e-02  4.02916968e-02 -2.08515421e-01
  1.16451547e-01  1.94172226e-02  1.24600008e-02  1.62472185e-02
 -2.46991422e-02  1.51374534e-01 -1.46111604e-02  5.87519333e-02
 -9.40045863e-02  1.27917081e-01  3.18920314e-02  1.23660088e-01
 -7.72529915e-02  3.12341508e-02  1.53115481e-01 -1.28037572e-01
 -1.54159412e-01  1.89187322e-02 -5.27492445e-03  2.69398820e-02
 -3.18584628e-02  3.62972356e-02  4.64970432e-02  6.74716011e-02
  1.03679318e-02  2.11159512e-01 -5.40774874e-02 -1.47010416e-01
 -7.84925818e-02 -6.07860275e-02  1.62169009e-01 -5.31555302e-02
  8.35550874e-02 -6.63245842e-02 -3.23003270e-02  6.14738762e-02
 -6.79358467e-02  1.76735580e-01  1.02476791e-01  1.14517463e-02
 -7.46383592e-02 -1.25322849e-01  9.10708681e-02  4.11256962e-03
 -8.39247853e-02  1.54129313e-02 -4.90641315e-03  2.72016451e-02
 -1.03792384e-01  1.06719509e-01  6.58849552e-02  3.57724493e-03
 -5.63414060e-02 -7.98084512e-02  1.46841141e-03 -6.17228122e-03
 -1.34866234e-04  2.88555771e-02 -2.11770413e-03 -1.54897705e-01
 -6.26351386e-02  1.70986149e-02  1.30094111e-01 -7.60395452e-02
 -5.17540835e-02  1.69692919e-01 -2.21411735e-02 -2.03912370e-02
 -1.16364434e-01  6.00588471e-02 -1.09739900e-02  7.88456053e-02
 -1.85198039e-01  8.63209292e-02 -7.87107497e-02 -5.18275797e-02
  7.87016377e-02 -2.48961926e-01  8.56388435e-02  5.04137874e-02
 -9.45487767e-02  1.14827119e-01  8.18915963e-02  8.12566429e-02
 -7.78127909e-02 -1.39179081e-01  2.36529652e-02  1.42439678e-01
  3.47504355e-02  5.03001586e-02 -8.29660520e-02 -3.63285914e-02
  6.29754830e-03  7.20857307e-02  1.29329860e-01  3.15327235e-02]