[ 0.04323954  0.07826733 -0.08155012 -0.06493128  0.10905487  0.13592055
 -0.08028641 -0.11755547 -0.17795902 -0.05127591  0.07683833 -0.03119339
  0.04932703  0.11544846  0.01998239  0.10334069 -0.0225575   0.09087195
  0.08114434 -0.01083808  0.19952863  0.0123029   0.14563076 -0.04396097
  0.12665127  0.00440164  0.02023726 -0.08864474  0.10779217  0.14161798
 -0.00965082 -0.08599131  0.04595003 -0.04719712  0.08887258  0.03919591
 -0.07613936  0.03529883  0.12886836 -0.05449475 -0.12172791  0.07197708
  0.08399289  0.09843121 -0.12007434  0.03303957  0.16818686 -0.04491157
 -0.18215841 -0.04239023 -0.04539602 -0.01469516  0.0089488   0.0352144
 -0.00239852  0.03222556  0.09344318  0.18207154 -0.06681427 -0.08012928
 -0.05157624  0.02861182  0.24342638 -0.0622651   0.12582739  0.07958195
 -0.12616435  0.09790635 -0.04392412  0.08810353  0.07643243  0.09483358
 -0.07159084 -0.16138513  0.02117874  0.0072999  -0.06074487 -0.09018911
 -0.02411858  0.01595333  0.01470426  0.05078284  0.00949722  0.00082911
 -0.13747948  0.03479864 -0.05875975 -0.02868963 -0.00925195  0.02627414
  0.08070833 -0.07798871 -0.13203491  0.05299013  0.06422978 -0.06764098
 -0.09165509  0.26746401 -0.01796468  0.00920117 -0.00873287  0.0175784
  0.03177082 -0.01567531 -0.1206762   0.16109362  0.00174051  0.04229819
  0.09436442 -0.14888839  0.0453851  -0.00958574 -0.00888806  0.03809294
  0.10611016  0.10156281 -0.08862855  0.02080518  0.01444931  0.10088614
  0.01895865 -0.10916089  0.01116771 -0.06503239 -0.06978755  0.12920342
  0.10020843  0.06953461]