[-0.00460555  0.07166558 -0.04478421 -0.06327558  0.08283021  0.10542818
 -0.10129809 -0.037313   -0.17140688 -0.08278903  0.03288522 -0.05750919
  0.02606038  0.06138516  0.05961593  0.05220478 -0.03717352 -0.01576177
  0.13422699  0.02447261  0.18166971 -0.03803551  0.12570287 -0.00924691
  0.1525424  -0.00793838  0.04123994 -0.13484801  0.09217658  0.08027141
  0.02738983 -0.18807487  0.08733378 -0.05459098  0.08334433  0.04971733
 -0.05182781  0.0325713   0.04639627 -0.08594278 -0.07430009  0.02738996
  0.08381548  0.12092332 -0.09836522  0.11072109  0.20491368 -0.06685928
 -0.22851661 -0.06213674 -0.10981747 -0.07316566  0.07475597 -0.00226997
  0.03362892  0.05199829  0.02217262  0.15115389 -0.04694675 -0.1259995
 -0.03682893  0.03466909  0.18466474 -0.05457933  0.15237798  0.07813989
 -0.0978581   0.05567246 -0.01754433  0.01126934  0.04115791  0.05913329
 -0.10221824 -0.21634208  0.09374454  0.04194932 -0.08458086 -0.01094457
  0.03369883  0.09466388 -0.06757364  0.0062207  -0.01839904  0.01285034
 -0.10064209  0.04331617 -0.05065071 -0.00536372 -0.02353099  0.01952826
  0.08679753 -0.04630191 -0.1165028   0.04037519  0.01766086 -0.06014876
 -0.0410687   0.23367348 -0.01409003 -0.03770288 -0.04532742 -0.00338864
  0.02687994 -0.08231291 -0.18524833  0.16844806  0.01454881  0.05992062
  0.05765372 -0.1503119   0.07084861 -0.02159292 -0.03439256 -0.04507719
  0.09140139  0.10376889 -0.15536648 -0.03632349 -0.0009142   0.10715992
 -0.01008742 -0.07816921 -0.04901654 -0.0310389  -0.05258439  0.13424648
  0.09982464  0.04643817]