[ 0.05058308  0.16103439 -0.02169377  0.06205409  0.13198388  0.18685375
 -0.03027059 -0.09094471 -0.06930979 -0.0551525   0.08448555 -0.02356042
 -0.04012766  0.00805058  0.05445661  0.00757725  0.07536589  0.10649864
  0.07491043 -0.08925323  0.19044232  0.0046358   0.01089172  0.01433339
  0.265798   -0.15740046 -0.03594636 -0.02171119  0.10192362  0.15633035
  0.13343409 -0.08093794  0.00930977 -0.02837995  0.10238887  0.02580112
 -0.06118499 -0.16944049  0.12354571 -0.08739671  0.0063052   0.03507849
  0.11708133  0.08798119 -0.07414158 -0.02055451  0.09707154 -0.0630119
 -0.11339673 -0.11415216  0.03176815  0.08693955  0.01347019 -0.07297854
 -0.04578792  0.08075429 -0.05417033  0.10665832 -0.06121777 -0.04788979
 -0.06988575 -0.01559081  0.12101428 -0.15952115  0.103816    0.03010538
 -0.0479377  -0.01825608 -0.13436793  0.13980547  0.09652716  0.12603724
 -0.09668338 -0.21583158 -0.03447978  0.04014499 -0.01109926 -0.00254724
 -0.07749928  0.06770028 -0.08615825  0.08073709  0.09258063  0.06574563
 -0.01478983  0.03184161 -0.04592975 -0.06718344 -0.06106043  0.03546796
  0.01260339 -0.09370532 -0.14562967  0.0557185   0.05266498 -0.10732541
 -0.05076377  0.11130891 -0.08859994  0.01428646 -0.03561399  0.06989727
  0.03586208  0.00177383 -0.11999036  0.15874608  0.08162911  0.04304598
  0.05919614 -0.06599962  0.00081138 -0.11399917 -0.07558606  0.0442261
  0.11680732 -0.00650587 -0.09007153  0.01344397  0.06217188  0.13877787
  0.04152348 -0.06647146 -0.06755351 -0.02449899  0.07515807  0.08363469
  0.16214404  0.04500368]