[ 0.04567235  0.01661982 -0.08328299 -0.03596173  0.09890821  0.20197703
 -0.04578509 -0.0436057  -0.10490447 -0.07638987  0.10934502  0.01538558
  0.06530572  0.0921752   0.05048409  0.02925082 -0.02558875  0.05299833
  0.05352052 -0.07200425  0.19557272 -0.00975887  0.11199788  0.02397119
  0.19754979 -0.06395329  0.08164132 -0.06924273  0.04893069  0.11059639
  0.0857849  -0.08974177  0.04351348  0.01262895  0.00186012  0.02858731
 -0.10368836 -0.08719339  0.09360743 -0.02619862  0.02396725 -0.00913779
  0.08153192  0.15198077 -0.16457959 -0.12637436  0.08170318 -0.05238644
 -0.08118691 -0.06419802  0.00093725 -0.04538046  0.01040198  0.00884509
 -0.01658922  0.08106423  0.00769547  0.19666931 -0.04298218 -0.07475787
 -0.11795481 -0.02610806  0.19112568 -0.07799232  0.06944548  0.10721954
 -0.08460825  0.06927172 -0.06471894  0.10106741  0.03047662  0.11415493
 -0.09515563 -0.20621811  0.05039516  0.01678835 -0.02665647 -0.10102931
 -0.08059639  0.10784135 -0.03899205 -0.02520899  0.13350578  0.0264926
 -0.13399269  0.0541945   0.04880493 -0.04370865 -0.04655064 -0.00676368
  0.03965214 -0.1317232  -0.14336435  0.040796   -0.00167117 -0.07536578
 -0.1431108   0.18474729 -0.02316857  0.00471504 -0.01179508  0.0126529
  0.07033356  0.03361957 -0.07690091  0.13105209 -0.04623299  0.07005585
  0.00823998 -0.18927611  0.01153024 -0.00713611 -0.04191895  0.0391749
  0.09838827  0.07369779 -0.04797153  0.05030388  0.07674909  0.18300904
  0.09189297 -0.15302879 -0.05822645 -0.05386367 -0.04383064  0.10047286
  0.08636053  0.14937237]