[-0.04399353  0.06890893  0.15321767 -0.0534688   0.04157069  0.02445805
  0.00629864  0.01316772  0.02288358 -0.07606537  0.0882682  -0.01095263
 -0.02704805  0.18431079  0.14818849 -0.04137145  0.08632347  0.06228876
  0.0189913  -0.08122379  0.11035555  0.13744761 -0.02310409  0.09158086
  0.06454416 -0.03070062  0.03408655  0.05241077  0.13620153  0.05675054
  0.07440168 -0.11186154  0.11816518  0.0007238   0.06645331  0.10313177
  0.03145074  0.06895402 -0.05451442  0.03728319  0.01082167  0.17706284
  0.0149501   0.05242252 -0.08274799  0.00999526  0.0578594  -0.13297032
 -0.07460479 -0.14032924 -0.0806637  -0.00031537 -0.04673139 -0.00533469
  0.0526474   0.15672715 -0.11285095  0.19697584 -0.11333453  0.00212109
 -0.1453526  -0.07723197  0.0816627  -0.08826708  0.15294001  0.05806154
  0.01719334 -0.03552038 -0.10133999  0.16823471  0.13743171 -0.00244371
 -0.0068365  -0.1127689   0.06290965  0.02471385 -0.06168322  0.02479565
 -0.03359406 -0.17639449 -0.06952119  0.14790641  0.02667148 -0.01998552
 -0.00494002 -0.0772289   0.03515149 -0.02273191 -0.0795661   0.09039075
  0.0648515  -0.1269927  -0.05473028 -0.02659074  0.15880741 -0.01967495
 -0.06040827  0.03664757  0.00920154  0.10130989 -0.13191456  0.03431555
  0.01173468 -0.05102037 -0.16756238  0.14434128  0.01480746 -0.18313237
  0.09505892 -0.19741659  0.0139987  -0.03507863 -0.07619451  0.03125092
  0.13988997  0.01395649  0.0182739  -0.15361008  0.01826965  0.07884421
  0.07828101 -0.0163941  -0.07848287  0.03959345  0.063081    0.11589318
  0.13757071  0.01441102]