[-0.01008125  0.04355353 -0.01498808 -0.09638704  0.14028859  0.12029717
 -0.07246031 -0.03569102 -0.09649107 -0.06048706  0.05485424  0.027819
  0.00840897  0.11370876  0.06556277  0.03462273  0.01519316  0.13568962
  0.0860998  -0.03041735  0.17683722  0.09051258  0.13003132  0.03663134
  0.11650141 -0.05553452  0.08014723 -0.05819331  0.1108872   0.11644424
  0.03082461 -0.16653016  0.13263814 -0.05293452  0.08937586  0.01756572
 -0.03834315 -0.00376957  0.05207558 -0.01135497 -0.04932094  0.1243341
  0.07193735  0.11124954 -0.1767063  -0.02892256  0.12928165 -0.09711471
 -0.12622306 -0.03535721 -0.05476373 -0.07040562  0.01241452  0.01522939
 -0.01745254  0.09569827  0.05548543  0.1964663  -0.12791325 -0.04989829
 -0.09725921  0.00091653  0.19312128 -0.06958382  0.13533591  0.03097933
 -0.11173145  0.04276614 -0.09492394  0.09990388  0.10969748  0.06960024
 -0.07707368 -0.18625683  0.03678219  0.06341625 -0.08258654 -0.06083154
 -0.02293007 -0.0679847  -0.05285979  0.10995436  0.05152051  0.07313177
 -0.06011883  0.02026033 -0.01969056  0.00115559 -0.03918437  0.03597574
  0.05339421 -0.10333531 -0.13397457  0.05898256  0.11731304 -0.06907161
 -0.14325021  0.22059111 -0.05734386  0.03941509 -0.02737171 -0.01837624
  0.03314001 -0.04910574 -0.13058536  0.15325722  0.01249972 -0.0856211
  0.0546863  -0.15846783  0.04371315 -0.04684396  0.02488117  0.04588294
  0.06622385  0.07842784 -0.05879389 -0.0181801   0.00627042  0.13742352
  0.0577191  -0.09650769 -0.07701474 -0.08517246 -0.06289282  0.14403687
  0.08347692  0.0774456 ]