[ 0.03709923  0.05582874  0.0349206  -0.13741523  0.10355647  0.15757589
 -0.0373763  -0.03459385  0.00036735  0.0362985   0.11857077  0.00744689
 -0.02549298  0.09487376  0.17833965  0.01157283  0.04337041  0.06297293
 -0.01282929 -0.10145059 -0.03849752  0.27944452  0.01511254  0.03280141
  0.00342239 -0.01908617  0.15916011  0.1284543   0.08449904  0.00416824
  0.046237   -0.10587408  0.00832038  0.0589109   0.06112791  0.14105847
  0.0300087  -0.1450053   0.04186761  0.13000023  0.00875758  0.06388633
  0.00464325  0.06625863 -0.11526992 -0.02786985 -0.02651731  0.08903321
 -0.00112474  0.05068762  0.03961985  0.03434623 -0.1591351  -0.0226074
 -0.04704973  0.07940181 -0.12167965  0.14917128 -0.12706579  0.1502783
 -0.17973712 -0.04917175  0.13671482 -0.09920075  0.06956342 -0.04643524
 -0.03118261  0.04354991 -0.09191345  0.24720216  0.07413982  0.07513621
  0.00228849 -0.05265447 -0.00935646 -0.04532105  0.00029161  0.02843965
 -0.06798157 -0.1502248   0.15769023  0.07612688  0.06625918  0.02778454
 -0.06005827 -0.07285215  0.01838411 -0.03143144 -0.04598906  0.17475784
  0.08918312 -0.08718351 -0.11508702  0.07262111  0.13326773  0.01922876
 -0.10407378 -0.02705316 -0.02152091  0.05650917 -0.04575544  0.03865111
 -0.04052813 -0.09034905 -0.02307713  0.0847715  -0.03768916 -0.18483761
  0.02101283 -0.0298414   0.06866489  0.02399182  0.08326063  0.14224355
  0.06227955 -0.03412161  0.10476044  0.0289287   0.00189018  0.09906738
  0.15717569 -0.13177213  0.054283    0.04971845  0.01685618  0.01711846
  0.08670422  0.01570855]