[-1.74354110e-02  9.42048654e-02  1.31431535e-01 -1.73013315e-01
  1.65130988e-01  1.19062632e-01 -2.25329660e-02  1.28361015e-02
  5.15164770e-02  3.83631326e-02  2.22727172e-02 -1.72916297e-02
  2.95598581e-02  1.07582100e-01  2.03211591e-01  2.97240075e-02
  2.29276381e-02  2.13981955e-03 -1.34426624e-01 -1.76289976e-02
 -5.17215859e-03  2.06336036e-01  2.22431059e-04 -4.32779379e-02
 -2.05951873e-02 -5.69332987e-02 -2.58904137e-03  1.62991270e-01
  6.73358738e-02 -2.25454383e-02  3.87230217e-02 -3.79859917e-02
  4.04595248e-02  9.49428678e-02  7.97356218e-02  1.46639094e-01
  1.43463746e-01 -4.01059203e-02  2.03552004e-02 -9.28537338e-04
  5.96742406e-02  3.95914614e-02  9.31848660e-02 -9.53951702e-02
 -7.41667971e-02  5.08565642e-02 -2.76448466e-02  1.11067183e-01
 -3.59437577e-02  5.98420873e-02 -6.54446930e-02 -1.72461476e-02
 -1.46490380e-01  3.70439142e-02  5.32639548e-02  4.21919227e-02
 -1.38649046e-01  2.27010343e-02 -1.81304649e-01  4.97837625e-02
 -1.28012046e-01  6.46254234e-03  5.00682183e-03 -9.30569097e-02
  4.53877933e-02  8.56702179e-02 -6.27158284e-02  1.76398024e-01
 -8.33107084e-02  1.38070285e-01  1.16750240e-01  5.94154894e-02
 -6.89954823e-03 -9.90534872e-02  6.44106343e-02  9.71586332e-02
  2.99565168e-03  3.36941369e-02  4.27026115e-02 -1.85326904e-01
  1.35658115e-01  1.25670120e-01  7.02971816e-02  1.16589554e-01
 -1.40091609e-02 -2.01411974e-02  2.96064969e-02  1.24674648e-01
  3.14130820e-02  2.47493938e-01  1.16453022e-01 -1.27977535e-01
 -5.75535633e-02  1.17493227e-01 -1.70435142e-02 -7.48878717e-03
 -1.11905478e-01 -1.77877508e-02 -5.24412952e-02  2.13779528e-02
  1.41512705e-02 -3.51023413e-02 -7.95612782e-02 -1.06851660e-01
 -4.60954718e-02  1.23732023e-01 -9.69580039e-02 -1.46176055e-01
  2.76118759e-02 -2.08181571e-02  2.01558489e-02  1.35978684e-02
 -1.28442794e-03  1.56923369e-01  7.17748329e-02 -4.00362127e-02
 -3.18991467e-02  4.71005514e-02 -9.98707339e-02  9.16938782e-02
  1.43968135e-01 -8.77144374e-03  8.39443430e-02  1.01627223e-01
  2.94891056e-02  3.31112780e-02  9.69978273e-02 -4.97981533e-02]