[ 0.05065331  0.05942413 -0.02984353 -0.12740107  0.07338435  0.03484493
 -0.05163179 -0.08929464  0.04576422 -0.03815096  0.14824273  0.01076341
  0.00456121  0.2106438   0.10327436  0.04689438  0.04207489 -0.06304501
 -0.00669467 -0.02784796 -0.01696708  0.26328638 -0.05681842 -0.06916078
 -0.01865929  0.06264747  0.15782644  0.17185386  0.06129922  0.09774179
 -0.04962216 -0.033301    0.08755866  0.03910967  0.00714661  0.19038078
  0.10407927 -0.07758524  0.06366874  0.11212672 -0.02185026  0.06470864
  0.06487896  0.01092511 -0.04207525  0.10871246  0.00294666  0.01845784
  0.01771343 -0.01059699 -0.03918486  0.09975538 -0.14997637  0.07720413
  0.05305819  0.05800213 -0.15996777  0.06711119 -0.17922716  0.17167972
 -0.12943497 -0.11071933  0.1184583  -0.0385979   0.01623382 -0.02029674
 -0.00881428  0.11687768  0.04291806  0.14714667  0.11010921 -0.00859879
 -0.00942079 -0.09903412  0.08721689  0.05057897  0.02336996  0.03445714
 -0.11815089 -0.13977468  0.19774587  0.1069062   0.04426698  0.05114657
 -0.07210842  0.02772906  0.01417477 -0.03545598 -0.05761053  0.18219005
  0.07107056 -0.1461186  -0.1236864   0.10730942  0.05839572 -0.00690926
 -0.08936229 -0.07139397  0.0953765   0.02523514 -0.07301075  0.03023914
 -0.00324513 -0.08117416 -0.08931678  0.11959643 -0.07136495 -0.07708104
 -0.04352957 -0.06164951  0.03948499 -0.07053627 -0.03062279  0.12561956
  0.03997307 -0.01696875  0.07013529 -0.02562184 -0.0274536   0.05130734
  0.12813771 -0.04127069  0.11123425  0.10009662  0.05151965  0.02594092
  0.13073023  0.03701174]