[ 0.01439084  0.02311358  0.06457349 -0.18691561  0.08007824  0.14126013
 -0.02313311 -0.0153296   0.01418482  0.00606674  0.1077911  -0.00319229
  0.00502296  0.14907821  0.15455893  0.00084081 -0.00250617  0.04333355
 -0.06568711 -0.12921898 -0.00256025  0.25983521 -0.03230443 -0.02111744
 -0.0456617   0.05418263  0.09821202  0.11277538  0.03290976 -0.02458763
  0.03269042 -0.10948352 -0.01937401  0.04948217  0.06273878  0.17532995
  0.0184186  -0.06790715  0.05149962  0.14937487  0.01268471  0.12087744
 -0.024996    0.05410536 -0.0695412  -0.00154584 -0.03898035  0.04148728
 -0.03518469 -0.00810996 -0.03666882 -0.01604368 -0.18297371  0.03287867
 -0.01978546  0.0832453  -0.13467944  0.18624271 -0.14686832  0.12216958
 -0.13175479 -0.03336993  0.13724095 -0.05436065  0.06305612 -0.02611348
 -0.00795132  0.14408179 -0.00192414  0.22889318  0.15801063  0.06606022
  0.04115564 -0.07435411  0.00055187 -0.0028033  -0.08879708  0.00135216
 -0.05974152 -0.19146805  0.13080046  0.12810253  0.06553479  0.01041665
 -0.14972946 -0.05295059  0.10451577 -0.0159546  -0.04956221  0.13056822
  0.08829308 -0.1214793  -0.05300679  0.02538282  0.09374943  0.02563437
 -0.10060395 -0.06132525 -0.01929748  0.10145851 -0.07919395  0.02707037
 -0.06247963 -0.09670956 -0.03884393  0.08658673 -0.1053819  -0.17409438
 -0.03679951 -0.06350724  0.0746225  -0.00588966  0.01900501  0.12233432
  0.08604912  0.01032114  0.03153844 -0.0214745  -0.028286    0.02476964
  0.16067526 -0.09636382  0.0677468   0.07128341  0.02938063  0.01638887
  0.04866486  0.02734729]