[ 0.03706698  0.068515    0.00110294 -0.12072638  0.10203028  0.18651277
 -0.05999757 -0.10585192  0.05369902 -0.01415099  0.10538958  0.0336693
 -0.01218346  0.07307865  0.11326835  0.02348791 -0.04767321  0.00980742
 -0.05897021 -0.08675186  0.00358209  0.23064458 -0.01936409 -0.01291548
  0.00499682 -0.00231239  0.11776054  0.07174995 -0.03250115  0.05529528
  0.02242892 -0.07267766 -0.0002966   0.08621024  0.0761531   0.18849459
  0.0652023  -0.17311357  0.0465106   0.08346633  0.02204289  0.00124628
  0.04562891  0.0323622  -0.06355168  0.04945827  0.02218883  0.08455098
 -0.05108047  0.05730541  0.02483758 -0.00518796 -0.13041629  0.02354404
  0.04910051  0.07997238 -0.15868744  0.09919859 -0.15257894  0.1176539
 -0.11336707 -0.04318893  0.14321505 -0.10660908  0.08503014 -0.05160903
 -0.04351933  0.14252953 -0.03172077  0.25583872  0.0959416   0.07090234
 -0.02706302 -0.14116868  0.00861642  0.0485782  -0.02000459  0.03640781
 -0.09003623 -0.11993326  0.15937023  0.10916989  0.04048212  0.04895812
 -0.15322019  0.0082424   0.04255616 -0.0271967  -0.06250817  0.22299375
  0.08555439 -0.15515362 -0.10136029  0.08126351 -0.00106578  0.04478952
 -0.11156217 -0.06814815  0.05119763  0.0373056   0.00496412  0.01472544
 -0.0775893  -0.12438826 -0.01328105  0.08299176 -0.11142659 -0.11072491
 -0.13928694  0.01535624  0.0521822  -0.02084447  0.0375643   0.08373442
  0.06076836 -0.00081977  0.00843063  0.03336917 -0.03355718  0.0921886
  0.18756671 -0.07247113  0.10888253  0.08139155  0.05760871  0.04109678
  0.10776502  0.01725069]