[ 8.06047171e-02  9.34554935e-02  3.25665809e-02 -1.05588190e-01
  1.46643072e-01  1.34262532e-01  3.37308794e-02 -8.67424235e-02
  2.75474265e-02  2.39087474e-02  1.04329877e-01  2.05769110e-02
 -6.21807249e-03  1.46378741e-01  1.64912790e-01 -1.18721332e-02
  9.93476138e-02  5.38097210e-02 -4.34555747e-02 -8.47121328e-02
 -1.19786756e-02  2.68137515e-01 -9.19289712e-04  4.82351482e-02
  1.78025849e-02 -8.02751929e-02  8.13974291e-02  1.65756196e-01
  1.11371204e-01  9.14783031e-02  2.44169347e-02 -5.57442419e-02
 -6.42357301e-03  5.65660335e-02  6.31332770e-02  1.05862804e-01
  4.86900806e-02 -9.88148898e-02  2.95011420e-02  9.64751914e-02
 -4.71946783e-03  1.07033089e-01  1.37109365e-02  1.08219665e-02
 -1.14069402e-01  1.67481322e-02 -5.91918752e-02  1.02352366e-01
  4.24216017e-02  3.72299403e-02  6.20716438e-02  1.03715099e-01
 -1.47358552e-01 -3.15461904e-02 -7.93278217e-03  5.96884191e-02
 -1.29237324e-01  1.62020758e-01 -1.34736583e-01  1.48693115e-01
 -1.53736383e-01 -4.76240031e-02  1.10204577e-01 -1.24637768e-01
  5.48235439e-02 -4.45838757e-02 -2.47784313e-02  6.82280511e-02
 -1.31092161e-01  2.34748900e-01  1.17405474e-01  8.95595104e-02
  9.91874695e-05 -5.00505157e-02 -3.49476710e-02  1.20838610e-02
  3.64183672e-02  1.05578057e-03 -4.90595773e-02 -1.39832303e-01
  1.61146894e-01  9.21963081e-02  7.05735758e-02  3.89595293e-02
  5.29874302e-03 -1.17778674e-01  6.81609439e-04 -3.71455960e-02
 -4.30688001e-02  1.82960063e-01  6.98794350e-02 -1.09405041e-01
 -8.51520151e-02  7.50539303e-02  1.11017562e-01 -3.95579562e-02
 -7.93749988e-02 -5.16727120e-02  7.99537450e-03  5.13018668e-02
  5.72226755e-03  8.34235996e-02 -1.40047753e-02 -5.29902987e-02
 -9.62566882e-02  7.72600546e-02 -3.92825566e-02 -1.68273613e-01
  6.45066872e-02 -1.03004416e-02  1.01657450e-01  1.94856396e-03
  3.29058021e-02  1.73291281e-01  4.94043045e-02 -9.18112788e-03
  7.86549225e-02  5.34510203e-02 -4.46037874e-02  1.20840937e-01
  1.15868054e-01 -7.47092068e-02  2.53557600e-02  5.84954470e-02
  2.19362713e-02  3.45761441e-02  8.91772062e-02 -2.44965106e-02]