[ 3.76390144e-02  3.31020518e-03  6.91192299e-02 -1.67191669e-01
  7.24547952e-02  1.19802937e-01 -1.01564102e-01  2.72167800e-03
 -1.77587569e-02  9.28112566e-02  9.47177187e-02 -6.72762096e-02
  4.48548980e-02  1.97570339e-01  2.75641114e-01  3.05566285e-02
  7.60092735e-02  2.83967052e-02 -1.14760818e-02 -5.47904186e-02
 -8.30375701e-02  2.22844779e-01  8.03309679e-02 -3.95603776e-02
 -3.34868059e-02  3.00069060e-02  1.03941478e-01  1.12914644e-01
  3.56689729e-02 -7.63493255e-02  4.03338112e-02  3.84916887e-02
  6.86999559e-02  9.21116397e-02  3.37276869e-02  2.10955128e-01
  1.11879110e-01 -1.26702487e-02  7.01761544e-02  5.66726439e-02
 -1.13392277e-02 -2.32097000e-06 -4.69203889e-02 -1.07602537e-01
 -9.45702046e-02  5.48564829e-02 -5.91292642e-02  1.33979276e-01
 -4.52135019e-02  2.16587801e-02 -4.31255437e-02  6.22578822e-02
 -8.25193077e-02  3.66705880e-02 -4.73384224e-02  3.69725563e-02
 -2.17271019e-02  1.51066028e-03 -1.16735935e-01  9.25700366e-02
 -1.67631313e-01  1.47052621e-03  1.67057794e-02 -9.04038176e-02
  6.64984202e-03  1.28426909e-01 -1.43750021e-02  2.29216278e-01
 -1.51599525e-02  1.91572085e-01  4.72995155e-02  8.71789828e-03
 -6.36430457e-02 -6.96469992e-02  6.62329197e-02 -2.92771179e-02
 -2.04538126e-02 -1.92761775e-02 -2.29605101e-03 -1.53204292e-01
  1.28477260e-01  7.53626600e-02  1.80834141e-02 -2.75951158e-02
 -3.27748992e-02 -7.60951685e-03  1.24672800e-02  3.06661632e-02
 -3.42774787e-03  2.04750851e-01  1.37594551e-01 -4.52136099e-02
 -2.02168990e-02  1.36797860e-01  2.47177910e-02  3.07244137e-02
 -1.17276080e-01  5.82438987e-03  3.48563516e-03 -7.35847093e-03
  2.51033157e-02 -2.27892753e-02 -7.00703338e-02 -9.37021226e-02
  3.19330394e-02  9.55667496e-02 -8.14824328e-02 -2.02489823e-01
  6.96568117e-02 -5.15491590e-02 -1.69987045e-02  6.99165687e-02
  6.22660257e-02  7.64793158e-02  9.96046141e-02 -5.61436713e-02
  1.87795907e-02 -4.63849865e-02  9.06823575e-03  7.02084005e-02
  1.96684659e-01 -1.20656297e-01  1.09307542e-01  1.08277291e-01
  3.16394158e-02 -7.46094016e-03  1.23053789e-01  2.49185245e-02]