[ 0.12003091  0.13464156 -0.03504956 -0.07250428 -0.01445613  0.1114639
 -0.12914927 -0.14937398 -0.01924326 -0.06396667  0.08038941 -0.06368103
  0.02234628  0.14463341  0.04947925 -0.03644329  0.09277207 -0.06682079
  0.04986446 -0.00130553 -0.02570868  0.20652078 -0.0310274   0.05670972
  0.00690293 -0.03454389  0.13486814  0.13105775  0.01640782  0.13890953
 -0.05727357 -0.13453734  0.04769087  0.00985947  0.07740855  0.1124489
  0.09067138 -0.073691    0.04856912  0.00284235 -0.14204271 -0.00685028
  0.01480857 -0.04600641  0.01802952  0.19406264  0.01717539  0.10500058
 -0.09685829  0.0556425   0.03680596  0.16974856  0.08282332  0.0378642
  0.03413117 -0.00614949 -0.06376515  0.02149135 -0.05774486 -0.0228324
 -0.04368817  0.06217645  0.09551935 -0.0687613  -0.07608013  0.00471024
  0.03775927  0.1178953  -0.06405707  0.07425369  0.07341775 -0.10690311
 -0.08069967 -0.18676159  0.08270101  0.08177637 -0.00489335 -0.04477887
  0.0307244   0.08396539  0.16741903  0.03769226  0.00757432 -0.01436673
  0.0282303   0.01609453 -0.12210622 -0.10218882 -0.03610921  0.24288568
  0.03325829 -0.12630273  0.00547864  0.1931905  -0.07001824 -0.0544377
 -0.01321943 -0.03097855  0.08533368 -0.0990198   0.12762189  0.16841848
 -0.03716606 -0.08038131 -0.15031184  0.09173404 -0.01389417 -0.08038605
 -0.07457619  0.01763554  0.1752007  -0.05885233  0.0236626   0.07853469
 -0.04627624  0.05801943 -0.12911047  0.04246978 -0.06721199  0.02869605
  0.0360437  -0.13950372  0.06433155 -0.01909427  0.09083699  0.0812615
  0.14473495 -0.05287006]