[ 4.16960642e-02  1.44144848e-01  8.71405154e-02  2.48068981e-02
  4.36815172e-02  1.24302901e-01 -1.10497922e-01 -1.97376117e-01
  9.05557498e-02 -1.12539433e-01  4.87084612e-02 -3.33843194e-02
 -4.56538759e-02  4.96498048e-02  7.51101077e-02  1.40951462e-02
  7.87239745e-02  5.11758141e-02 -6.45204186e-02 -7.23366216e-02
  3.28740329e-02  1.44496158e-01 -6.04812615e-02  1.01181827e-01
  1.06527045e-01 -7.67598152e-02  4.05328814e-03  4.72182296e-02
  1.89407263e-03  9.89829004e-02  1.17024913e-01  3.93164456e-02
  3.65835875e-02  5.08764796e-02  1.14396103e-01  9.23502371e-02
  7.79827908e-02 -8.41171965e-02  8.46813023e-02 -5.39443903e-02
 -1.71729662e-02 -6.78037992e-03  4.10190299e-02 -1.13272838e-01
  9.59908217e-02  1.02443859e-01  1.96891334e-02  2.56369021e-02
 -1.59659550e-01 -8.84121358e-02 -1.68517996e-02  2.58329045e-02
  1.71111062e-01 -5.60037643e-02 -4.75390218e-02  8.17016289e-02
 -1.24596216e-01  6.43849075e-02 -1.04847454e-01 -2.06372682e-02
 -6.74829111e-02  8.40508416e-02  2.65008807e-02 -1.35034442e-01
  1.73007436e-02  1.39553264e-01  1.58620570e-02  6.47070929e-02
 -1.65324941e-01  8.67515132e-02  5.24282046e-02 -8.86582658e-02
 -9.79137048e-02 -2.02829018e-01  4.36139442e-02  6.29434958e-02
 -2.19070520e-02 -9.56125706e-02 -4.20716479e-02  9.87553131e-03
  6.12882078e-02  1.48187146e-01 -5.51973954e-02 -5.70042469e-02
 -3.92189156e-03  3.75776514e-02 -9.37438607e-02 -1.10392205e-01
 -1.61443502e-01  2.08931968e-01  7.66841918e-02 -1.29965216e-01
 -3.87285720e-03  1.73218369e-01 -1.05517702e-02  1.02626778e-01
 -8.80320668e-02 -6.86998740e-02  5.31103127e-02  3.40773026e-04
  6.84764609e-02 -2.34034918e-02 -1.20308854e-01 -2.13893224e-02
 -6.84699118e-02  1.05393499e-01  2.20104735e-02 -1.15173586e-01
 -8.55168328e-02 -2.03997064e-02  5.86853512e-02 -3.29124890e-02
 -6.46435510e-05  2.03925800e-02  5.35453930e-02 -2.72640083e-02
 -2.53211051e-01  5.18023819e-02  7.38308905e-03  3.93414199e-02
  1.00750439e-01 -2.97656562e-02 -8.39986373e-03  4.05671122e-03
  1.43339619e-01  1.00743189e-01  9.15538296e-02 -1.43370584e-01]