[ 0.19359627  0.10496214  0.01389382  0.01237314 -0.01838664  0.29717219
  0.03137797  0.01029182 -0.00281884 -0.0956772   0.05974302 -0.05464215
  0.04377878 -0.07922477  0.01994829 -0.09430601  0.0288322   0.06379633
 -0.08216284 -0.04840245  0.08676801  0.14159797 -0.00576024  0.12949708
 -0.03511043 -0.22318426 -0.02579744 -0.04510771 -0.05935236  0.08863204
  0.04339907 -0.15980741 -0.1076679   0.10066663  0.1135653  -0.01986353
  0.05805944 -0.08753407 -0.01209596  0.01103272 -0.08181735 -0.02017925
 -0.04694077  0.00208338 -0.03878767 -0.12568748 -0.0172111   0.07858768
 -0.09128214  0.18947317  0.11004418 -0.02555003  0.03036853  0.04338004
 -0.04701719  0.00254414 -0.02599884  0.05667813  0.01581705 -0.11985823
 -0.05342199  0.0946701   0.10276289 -0.26208884 -0.03013223 -0.07787842
  0.10680295 -0.04133239 -0.18466863  0.06964904  0.02582814 -0.00305866
 -0.01816388 -0.08020541 -0.1075534  -0.02251998  0.01903158 -0.08140115
  0.05632053  0.12145747  0.07178217 -0.0304247   0.01554029 -0.06240311
  0.0494548   0.02107603 -0.06486728 -0.13227017 -0.00140749  0.16951925
  0.0659664  -0.19102217 -0.01587155  0.05426236 -0.06327403 -0.02978222
 -0.00596874 -0.01407995 -0.07775275  0.07967139  0.13616239  0.16986623
 -0.07368001  0.00547264 -0.06111065  0.01251251  0.0202557  -0.10242116
 -0.14247453  0.09389797  0.10598102 -0.02421971  0.06778542  0.04461242
 -0.02791342  0.07526613 -0.05369306  0.12328126 -0.08154629  0.01912384
 -0.00734685 -0.13452266  0.05046794  0.00296127  0.14229597 -0.0121663
  0.07277413 -0.06806381]