[ 0.0744271   0.11761916 -0.01192426  0.01635527 -0.03812939  0.12336595
 -0.11683791 -0.19032985  0.03187536 -0.0900489   0.10478729 -0.04785484
 -0.05543216  0.05845434  0.05667139 -0.03210577 -0.03382877  0.02596513
  0.06230658 -0.02121664 -0.01177367  0.12510547 -0.0354025   0.03668344
  0.05457544 -0.02067015  0.08536291  0.03207866 -0.01381974  0.12054752
  0.00489984 -0.02099762  0.07557059  0.02544454  0.12180411  0.14571595
  0.05551378 -0.12079982  0.04385231 -0.087429   -0.06812423 -0.10551961
  0.0343598   0.00926218  0.00548297  0.13101892  0.07206928  0.05740803
 -0.1730212   0.01947152 -0.04464609  0.11020993  0.12981798  0.00815546
  0.05162096  0.05764926 -0.10901963  0.00107227 -0.09765299 -0.02584837
 -0.08186652  0.04297902  0.15870096 -0.07138463  0.00405075  0.11494998
  0.00861554 -0.00062049 -0.10701571  0.13588803  0.00502407 -0.12655865
 -0.09874345 -0.1343955   0.06164927 -0.0211903   0.0129397  -0.0958368
 -0.0346122   0.02018694  0.10151893  0.06976628 -0.09483586 -0.09043968
 -0.01685417  0.05095906 -0.14259177 -0.12439369 -0.05747887  0.28154263
  0.14640835 -0.10828528 -0.05831028  0.11309524 -0.02482489  0.0407297
 -0.06844168  0.00760079  0.13637747 -0.06126197  0.08998902  0.07116326
 -0.03124328 -0.15605839 -0.0714459   0.15853199  0.04769858 -0.06477294
 -0.06890182  0.01088981  0.10352147 -0.03515873  0.01781089 -0.0548841
  0.0515107  -0.01520909 -0.02902437 -0.02599018  0.11679266  0.04695613
  0.14072514 -0.14807396  0.08826358  0.01399536  0.10740848  0.08432201
  0.26328787 -0.02284306]