[ 0.10484265  0.23159298 -0.0510865  -0.07490862  0.02711173  0.03821971
 -0.05538131 -0.10490766 -0.07908572 -0.00105514  0.07102907 -0.0887771
 -0.02446098  0.13930677  0.0944712   0.00404483  0.08296301 -0.06676105
  0.07662529 -0.0081919  -0.07213658  0.14272434  0.05231373 -0.06421957
  0.05667208 -0.07450398  0.14734948  0.17562991  0.1209507   0.10429344
 -0.1112555  -0.04086541  0.09101777  0.03378885  0.01132038  0.03429243
  0.13606966 -0.02190362  0.09436417  0.00745501 -0.10120349 -0.06229344
  0.08240586 -0.08824921 -0.06094716  0.24656054  0.0502489   0.0595124
 -0.1453608   0.07295571  0.00641443  0.26767439 -0.01157661  0.06167181
 -0.00407816 -0.03401067  0.02525911 -0.03847775 -0.10600457  0.04521965
 -0.07029716  0.00494049  0.08324689 -0.08783938 -0.03906346  0.09974989
 -0.04128584  0.08112804 -0.08427738  0.11220711  0.01046565 -0.05951826
 -0.10486218 -0.03487398  0.15474555  0.03940699  0.08831782 -0.02266196
 -0.01183259 -0.02404556  0.09067208  0.01591721  0.00095959  0.02611937
  0.05677729  0.04432684 -0.18468194 -0.07106245  0.00282947  0.22919619
  0.08489516 -0.10977148 -0.07671847  0.13235879  0.02929902 -0.09360089
 -0.00343943  0.06622849  0.11250092 -0.10064659  0.03082904  0.08877445
  0.02794662  0.01421494 -0.13007002  0.114697    0.01131161  0.05800807
  0.05262236 -0.07863324  0.12113251 -0.00074566  0.02709352  0.1017304
  0.00525736 -0.03712796 -0.00942918  0.02187759  0.07712276  0.09288101
  0.07009271 -0.08089228  0.07332916  0.04434721  0.0859464   0.01658959
  0.19353336 -0.04502843]