[ 1.88074425e-01  1.68371677e-01 -4.86574285e-02 -5.04344516e-02
  1.90430321e-02  2.60486990e-01 -2.51334067e-03 -3.48578580e-02
 -6.15837835e-02 -3.07841375e-02  1.01568244e-01 -4.08555008e-02
  5.29732294e-02 -5.61485291e-02  1.54598560e-02 -9.07344650e-03
  1.49354553e-02  1.48937311e-02 -9.12283361e-02 -1.28252888e-02
  5.38891256e-02  1.80850923e-01 -2.42306329e-02  7.69727901e-02
 -1.72819346e-02 -1.48617208e-01  4.37019281e-02  1.97521504e-02
  1.73222665e-02  1.33657351e-01 -4.58607413e-02 -1.48809865e-01
 -1.05184339e-01  7.61177763e-02  7.40885884e-02  1.61335189e-02
  1.91563275e-02 -1.29467443e-01  1.72028895e-02  4.14219759e-02
 -1.19263567e-01 -4.18524109e-02  7.39069283e-03  6.58228546e-02
 -2.92882193e-02  3.22292708e-02  4.16079611e-02  1.08472086e-01
 -1.65432841e-01  1.67788312e-01  1.35099366e-01  5.65855317e-02
 -7.46799037e-02  1.23196878e-02 -2.30232682e-02 -2.51936819e-02
 -9.95139778e-02  7.70292804e-02 -4.36108746e-03 -3.96761447e-02
 -5.54326847e-02  4.45824377e-02  1.64057121e-01 -1.69854492e-01
 -3.07822078e-02 -1.11962251e-01  2.98558995e-02  4.80731651e-02
 -1.45943716e-01  1.00532822e-01  6.74785599e-02  2.94345468e-02
 -2.58518439e-02 -1.16096191e-01 -5.56214228e-02  1.01397661e-02
  1.91930868e-02 -1.72618087e-02  1.50723122e-02  1.03362434e-01
  1.73170447e-01 -2.72439066e-02  1.14210425e-02 -2.59946026e-02
 -2.56929044e-02  3.68941575e-02 -7.07112849e-02 -1.36022627e-01
  1.17015159e-02  2.22014800e-01  3.81485373e-02 -1.89901158e-01
 -1.26552388e-01  1.15897663e-01 -6.79960996e-02 -1.47139756e-02
 -3.87238222e-03 -3.89439911e-02 -2.07082517e-02 -1.89363386e-03
  9.95831788e-02  1.75332189e-01 -5.53527661e-02 -1.99813489e-02
 -1.42204762e-01  5.97550198e-02 -4.25137840e-02 -1.15166949e-02
 -9.52296332e-02  3.58110741e-02  1.64919287e-01  7.67058786e-03
  3.23721208e-02  9.26439092e-02 -1.58553701e-02  6.32451549e-02
 -9.06046033e-02  1.25806853e-01 -7.01225847e-02  5.03560975e-02
  1.90812687e-04 -1.35857671e-01  1.00210808e-01  3.92253324e-02
  1.26139984e-01  1.34894457e-02  1.04907826e-01 -9.21058133e-02]