[ 5.47811836e-02  2.18336582e-01 -2.87279929e-03 -9.50837880e-02
 -6.93367422e-02  1.12458415e-01 -1.11076377e-01 -9.49419215e-02
 -3.60968569e-03 -1.52895432e-02  1.24915831e-01 -5.91041073e-02
 -5.21920957e-02  6.78746402e-02  4.28681113e-02 -4.83597741e-02
  1.01967826e-02  1.40338158e-02  2.69915424e-02 -6.57706112e-02
 -8.50255191e-02  1.78595990e-01  5.46399094e-02  1.16434339e-02
 -2.33279215e-03 -5.73541671e-02  2.30226517e-01  1.65494785e-01
  6.71992153e-02  2.85914838e-02 -3.83681655e-02 -1.55656517e-01
  8.37396681e-02  4.14494313e-02  3.92663479e-02  4.12661433e-02
  7.71889463e-02 -4.72282991e-03  6.67949766e-02  1.14929557e-01
 -1.25120446e-01 -5.00606745e-02 -2.16458850e-02 -3.07438783e-02
 -5.14727496e-02  4.74934876e-02  1.05635282e-02  5.09896353e-02
 -1.39893129e-01  1.32646978e-01  1.73449833e-02  2.15495825e-01
 -2.74756663e-02  6.09551892e-02 -8.97654071e-02  2.13871878e-02
  1.09444233e-02  3.20503972e-02 -1.30264327e-01  1.30009297e-02
 -1.31405532e-01  9.25796013e-03  1.77883327e-01 -1.11295111e-01
 -2.48972978e-02  4.90690805e-02  1.36089856e-02  1.71139147e-02
 -1.63358212e-01  1.89391181e-01  5.83754247e-03 -9.12153050e-02
 -7.17492178e-02  1.64086428e-02  1.19640581e-01 -5.45345023e-02
  3.59842740e-02 -7.73458630e-02 -2.12351736e-02 -3.26449350e-02
  5.47762886e-02 -1.08724798e-03  2.56596375e-02 -1.72757506e-02
 -1.13273300e-02  4.10801452e-03 -1.55072153e-01 -1.06337406e-01
  2.80237682e-02  2.07781658e-01  6.29414618e-02 -1.64110661e-01
 -2.25288980e-03  1.32418275e-01  9.80540514e-02 -7.02060685e-02
 -6.20865636e-02  3.77583243e-02  5.84185496e-02 -2.53859088e-02
  4.62466571e-03  9.10463929e-02 -7.09442049e-02  5.94481640e-03
 -1.03848986e-02  1.06392808e-01  4.69310619e-02 -7.01191053e-02
 -9.66173504e-03 -9.14577171e-02  1.10196494e-01  4.43798564e-02
  1.13946468e-01  1.45282328e-01 -5.34299979e-05 -2.98030209e-02
  2.17052735e-02  6.39040992e-02  1.47240326e-01  7.94345811e-02
  1.02021776e-01 -1.68597028e-01  4.59152646e-02 -1.71067007e-02
  1.21469215e-01  2.38270797e-02  1.68360800e-01 -1.88222919e-02]