[ 0.18528835  0.13678944 -0.05748302 -0.01611019 -0.05174457  0.22590595
 -0.03191113 -0.01416898 -0.03107719 -0.11123385  0.10598092 -0.02798152
  0.05497182 -0.02685347  0.01351836 -0.05386683  0.01456149 -0.10625319
 -0.04711735  0.0466015   0.02943783  0.13259551 -0.00549504  0.12720633
 -0.00726781 -0.14390512  0.07109238  0.02287121 -0.00786838  0.11367939
 -0.00184154 -0.18020687 -0.04102613  0.09321935 -0.00591303  0.05044679
  0.02560121 -0.05596786 -0.0317409   0.06865232 -0.11242448 -0.05665264
 -0.01955752  0.02721427 -0.01095804 -0.00052057  0.03742164  0.06607395
 -0.11190672  0.21919772  0.07370199  0.08256582 -0.01294111  0.04300275
  0.02716149 -0.02172859 -0.12166936  0.09337334 -0.01591222 -0.06258234
 -0.1185082   0.04674164  0.1661208  -0.1985774  -0.07520664 -0.06346595
  0.08756725  0.0056041  -0.16916089  0.03848137  0.04538511 -0.01841593
 -0.06569019 -0.04699412  0.04799605  0.00771947  0.05411945 -0.06814069
  0.03463362  0.21198606  0.11338285 -0.10210689  0.02995424 -0.05149582
  0.00349203  0.05009291 -0.08358859 -0.14532341  0.01412801  0.18238503
  0.04241063 -0.21747594 -0.05449371  0.13790236 -0.05467902 -0.04417019
  0.00643417 -0.05558834  0.00034582 -0.02847597  0.048842    0.16510162
 -0.06572605  0.00084927 -0.18668585  0.10182575 -0.03180958 -0.00267925
 -0.09591456 -0.00807951  0.15317218  0.03326239  0.02192983  0.07928035
 -0.03153303  0.08818439 -0.03844324  0.09791705 -0.00739831  0.1130375
 -0.0095868  -0.14237034  0.07151373  0.04274886  0.10749074  0.0274528
  0.15056615 -0.04997053]