[ 0.03045847  0.11946521 -0.10545905  0.09719986 -0.07950125  0.04297464
  0.00136717 -0.07467028  0.02697535 -0.07377147  0.07248091 -0.10782659
  0.04229116  0.08114105  0.00263816 -0.03982126  0.07668562 -0.07328282
  0.06147942  0.03900189  0.0333964  -0.11860532 -0.10030661  0.00611192
  0.05088576 -0.07572431 -0.15452568 -0.04015901  0.07206978  0.11046202
  0.08912072  0.09184902  0.0127987  -0.07586616  0.01716596  0.10465633
 -0.01913746  0.02587535 -0.01701829 -0.11652961 -0.07437634 -0.00926941
 -0.06390706 -0.04225586  0.11563092  0.10470117  0.05826194  0.010619
 -0.1346748  -0.16046652 -0.1831025   0.08521146  0.18571852 -0.08184469
 -0.02523919  0.05719998 -0.16198227  0.05782568  0.00503403 -0.08024273
 -0.05590109  0.1220639   0.10589126 -0.12595393 -0.01484738  0.22924587
  0.12229408 -0.03009425 -0.07356033 -0.13800558  0.0189879  -0.10376866
 -0.05467699 -0.07788818  0.03371184 -0.00237135  0.03293087 -0.11898646
 -0.00243263  0.07742635 -0.04389396 -0.01939302 -0.18660134 -0.15904109
  0.05152078  0.08828638 -0.13204946 -0.15699252 -0.01391105  0.0455284
  0.11458278 -0.05264902  0.01110111  0.06955454  0.04190132 -0.00858344
  0.03654237 -0.04066917  0.03058429  0.01799511  0.03000737  0.01972585
 -0.00984418 -0.09542002 -0.23062086  0.23046035  0.10070504 -0.00229003
  0.01955762 -0.00901717  0.06132783 -0.05423558 -0.08496144 -0.13801663
  0.04977447  0.00457029 -0.1360022  -0.04142727  0.12441552 -0.02292059
 -0.0878442  -0.09752682 -0.00088625  0.067578    0.06430537  0.09517792
  0.07421586 -0.07954439]