[ 0.03463188  0.06930435  0.02907111  0.12501173 -0.08785479  0.00212092
  0.06717069 -0.07105871  0.02299065 -0.10553741  0.10865143 -0.07184262
  0.00329568  0.05920977  0.06349703 -0.10914741  0.03833852 -0.08880806
  0.06083975  0.03745048  0.01746891 -0.0891023  -0.10903778  0.00302811
  0.06610946 -0.02432127 -0.16601278 -0.05115251  0.06950036  0.05095217
  0.10888199  0.03395192  0.01076819 -0.05593676  0.07284337  0.09482904
 -0.01254002  0.09935375  0.00797619 -0.11462459 -0.00345253  0.00956905
 -0.11247196 -0.02995801  0.03260535  0.09899679  0.01693187 -0.04983282
 -0.10237069 -0.17852861 -0.22492079  0.10186118  0.14661686 -0.0508736
  0.00817286  0.03174868 -0.18746887  0.08991948 -0.08080697 -0.01913527
 -0.08998178  0.03038151  0.10685287 -0.1069863   0.05715725  0.2079435
  0.14681521 -0.06420533 -0.07510924 -0.10753676  0.06150317 -0.08092722
 -0.02839791 -0.02064707  0.05512356 -0.04273915 -0.00602359 -0.10862084
  0.02441757  0.10673786 -0.09651072 -0.03913073 -0.12969163 -0.15522954
  0.0588342  -0.00536931 -0.05571023 -0.11243249 -0.04902167  0.01725715
  0.14890327 -0.05048401  0.05618809  0.03652458 -0.00278494 -0.0872995
  0.06207057 -0.10124801  0.05995464  0.01213286 -0.05558186  0.05252913
 -0.01033007 -0.10800133 -0.16535816  0.21859132  0.18263686  0.02256235
  0.10906722 -0.03582758  0.04734853 -0.05312704 -0.1303789  -0.10995229
  0.09466735  0.00716251 -0.10391381 -0.07625587  0.111004   -0.01088255
 -0.08063632 -0.07168045 -0.05362814  0.10891023  0.11960144  0.08897256
  0.14915375 -0.05041727]