[-2.59786658e-02  5.12756035e-03  2.77914922e-04  3.78591008e-02
 -4.20512967e-02  1.17540963e-01  3.65352929e-02  5.91978617e-03
  1.25172645e-01 -6.32571056e-02  1.18853569e-01 -1.15389926e-02
  1.13926374e-03  5.32891937e-02  9.32469666e-02 -7.11314902e-02
 -3.52612929e-03 -9.49672535e-02  4.99521336e-03 -1.54758729e-02
  5.85606461e-03 -7.33230114e-02 -2.42571011e-02  9.53450128e-02
  6.62161335e-02 -5.38369492e-02 -3.27813588e-02 -4.24395651e-02
  4.13642041e-02 -6.44379109e-02  2.23612204e-01 -5.68351336e-02
  1.06536010e-02 -1.44259129e-02 -1.18023921e-02  1.45872429e-01
 -3.09395865e-02  6.65123090e-02 -2.44580526e-02  2.32056510e-02
  7.30905682e-02  3.33871208e-02 -1.56253770e-01 -3.76388654e-02
 -6.51736557e-03 -1.25844061e-01 -5.83437793e-02 -2.60027070e-02
 -1.70818437e-03 -1.01136632e-01 -2.22169086e-01 -2.60862801e-02
  7.02932104e-02 -6.94564655e-02 -3.45266461e-02  1.14275306e-01
 -1.92777067e-01  2.14994118e-01 -1.41491890e-01  2.49585742e-03
 -2.08764225e-01  2.05270462e-02  1.75332293e-01 -2.11678818e-01
  8.77269283e-02  2.07179427e-01  1.02788933e-01 -6.37173979e-03
 -1.31561264e-01 -8.15939810e-03  4.88137901e-02  4.00059111e-02
 -6.00527711e-02  2.14929332e-05  9.74552557e-02 -3.52994986e-02
  1.02109099e-02 -7.23228380e-02 -1.30726947e-02  1.65828858e-02
 -1.30279854e-01 -4.21033017e-02 -3.10926586e-02 -1.13974616e-01
 -5.05395308e-02  8.50075332e-04  3.52495238e-02 -3.56939733e-02
 -4.23409268e-02 -4.79687154e-02  1.22802638e-01 -1.07327111e-01
  7.87919313e-02  4.08083983e-02  1.13555364e-01 -4.32261713e-02
 -3.89611386e-02 -1.14878364e-01  8.37414293e-04  1.06127389e-01
 -8.66136998e-02 -1.05955139e-01 -1.03071392e-01 -8.78734142e-02
 -7.97912031e-02  2.15411171e-01  8.33426788e-02 -1.42423406e-01
  8.92815832e-03 -7.74580613e-02 -2.95214541e-02  4.70429100e-02
  3.53464112e-02 -2.60895789e-02  1.32226080e-01  2.92771924e-02
 -6.86896965e-02  2.87427679e-02  1.25870481e-01  9.56666097e-02
  8.75126570e-03 -1.27229050e-01 -7.40580335e-02  9.68376994e-02
  2.62409672e-02  1.40750349e-01  1.43274916e-02  1.77016929e-02]