[ 0.02081225  0.0548952   0.01039763  0.07012688 -0.02750177  0.05268509
  0.0592711  -0.00699671  0.01894195 -0.02260244  0.05866467 -0.0873695
  0.01501663  0.04153444  0.09800039 -0.06500766  0.04745663 -0.08498252
  0.0271873   0.08615208 -0.03488726 -0.13579033 -0.05465311  0.1035973
  0.0506327  -0.06560851 -0.1296144  -0.00405363  0.11234523 -0.04643739
  0.12841314  0.03135307 -0.02813231 -0.00847268  0.00287265  0.11689723
  0.00334745  0.06717869 -0.04092233 -0.13585818  0.03161031 -0.03312147
 -0.07547978 -0.09718216  0.03741135  0.0209488  -0.00112336  0.08023303
 -0.07213306 -0.064927   -0.2406484   0.03894934  0.13507575 -0.08919614
  0.03336017  0.02575462 -0.17418922  0.10301705 -0.05088986 -0.08158807
 -0.13486221  0.11894073  0.11230366 -0.14309452 -0.01458755  0.32717809
  0.08729944 -0.04305608 -0.13781068 -0.11389343 -0.03260573 -0.02333931
 -0.05244747  0.06396155  0.11335862 -0.06878718  0.08571754 -0.05378251
  0.11005346  0.03476325 -0.0479967  -0.0418216  -0.12874945 -0.17532353
  0.09169041 -0.00277319 -0.09614263  0.00776386  0.04846934  0.0694124
  0.20710742  0.00579021  0.07087513  0.05713026  0.04484663 -0.0380874
  0.02468336 -0.04239374  0.03013995 -0.02286741  0.01205788 -0.0563427
 -0.04074062 -0.12188593 -0.15399882  0.25536686  0.11009775 -0.07390986
  0.12255266 -0.0124072   0.05981907  0.09927661  0.00102438 -0.07322176
  0.09539047 -0.01707997 -0.07062969  0.00205511  0.09637818  0.04339005
 -0.05715396 -0.10990096 -0.00302923  0.10328002 -0.04455305  0.1210169
  0.06700798 -0.08084494]