[ 0.00693675  0.08475782 -0.05800927  0.09752652 -0.07047195 -0.04227893
  0.04323931 -0.08527615 -0.00176644 -0.06703221  0.05925968 -0.06496613
  0.05622168  0.14086185  0.07260612 -0.06136788  0.12727906 -0.11387074
  0.09608896  0.05691493 -0.03591343 -0.06962259 -0.03762297 -0.02275254
  0.00830588 -0.02333104 -0.17688167 -0.05697199  0.08419321  0.0941418
  0.07453655  0.12853616  0.07096498 -0.09193131  0.01126643  0.08388776
  0.04600373  0.15671073 -0.00360426 -0.03792801 -0.04875389  0.07100828
 -0.1218821  -0.11494297  0.02499159  0.16632345  0.04468931 -0.06798171
 -0.06168214 -0.18548723 -0.19885434  0.08823678  0.18222837 -0.04640341
 -0.04534673  0.04544005 -0.07951453  0.06574588 -0.03257415  0.02600262
 -0.09069332  0.07652786  0.03535572 -0.14621621  0.05255033  0.19416147
  0.16218837 -0.02067538 -0.05946808 -0.17491092  0.05786931 -0.09734824
 -0.03843896 -0.00127674  0.09140545  0.03105024 -0.0145176  -0.14366797
  0.00305324  0.06165429 -0.08864802 -0.02685161 -0.16258895 -0.11772697
  0.08854033  0.03889642 -0.08230934 -0.15910812 -0.09206899 -0.04761934
  0.06936801 -0.02244815  0.0952815   0.04505202  0.0497122  -0.07528406
  0.07211492 -0.04147198  0.05110279  0.0405925  -0.05393104  0.0152301
  0.01515677 -0.02991064 -0.2186294   0.18222608  0.140407    0.00203405
  0.09516758 -0.01857113  0.02224828 -0.07324006 -0.08705314 -0.13300301
 -0.00105803  0.01902725 -0.13236006 -0.08420216  0.06623165 -0.01098849
 -0.10422089 -0.05191045 -0.07081729  0.0807993   0.07024885  0.09538432
  0.02442448 -0.04918176]