[-0.01888439  0.03557767  0.05143666  0.12834398  0.01844765  0.02143211
  0.04612981 -0.0949254   0.06825124 -0.04809035  0.02758178 -0.0282685
 -0.03254515  0.06300752  0.06944993 -0.05062672  0.04700199 -0.02504082
  0.00124957  0.08786844 -0.03489752 -0.12751073 -0.09670249  0.08854944
  0.07258321 -0.06116819 -0.194969    0.01518167  0.04070513 -0.01224676
  0.12475775  0.09202082 -0.01683742 -0.02058291  0.04751241  0.14687128
 -0.00239686  0.01363145 -0.04874842 -0.17560567  0.06259558  0.00614536
 -0.00692953 -0.13745585  0.06591743  0.03429109  0.00576684  0.04932655
 -0.04276501 -0.09480547 -0.2192385  -0.00982847  0.16143848 -0.09337252
  0.08072875  0.05201304 -0.21383959  0.07893595 -0.0722945  -0.04216135
 -0.10865191  0.13841605  0.06362363 -0.13563995  0.03385428  0.33013472
  0.05447092 -0.05852218 -0.16832308 -0.08482273  0.02340773 -0.0151772
 -0.01124636  0.03060584  0.07346226 -0.00116125  0.07441221 -0.08409945
  0.07238545 -0.04048989 -0.0361315   0.03390993 -0.1353687  -0.14237313
  0.05797916 -0.00188757 -0.09445287  0.02102126  0.00268786  0.09618017
  0.17372988  0.00660697  0.0932369   0.05744981  0.03642316  0.01780747
  0.00131242 -0.06861662  0.03419765  0.00762186  0.02301315 -0.06817485
 -0.04633193 -0.16578023 -0.12209895  0.25513324  0.12338795 -0.10850413
  0.07341676  0.0386329   0.02295808  0.03658146  0.00417744 -0.07793417
  0.08234463 -0.04665212 -0.08269396  0.02517637  0.06295636  0.01873866
 -0.03780098 -0.06033605 -0.00157556  0.06546356 -0.01584457  0.16283643
  0.08773185 -0.1050865 ]