[-0.08327226 -0.0039239   0.14645797 -0.03823698  0.1094673   0.07676358
  0.0211222  -0.1426346   0.06492758 -0.0353171  -0.05284584  0.06499805
 -0.0983684   0.11911022  0.17834343 -0.0951946  -0.08955518 -0.02126207
 -0.02435616 -0.09412304 -0.18090507  0.14949569 -0.05077707 -0.03594645
  0.0462102   0.00794385 -0.02225661  0.12461697 -0.08438707 -0.07231754
  0.05948435  0.02591192 -0.00998583  0.0198021   0.04423332  0.13325053
  0.05063057 -0.1329589  -0.0025746   0.0398227   0.20889181  0.02080304
  0.0519908  -0.13189304 -0.09428713  0.07491696 -0.04614554  0.00920662
  0.02030763 -0.05063502 -0.08943012 -0.08407639  0.06185072 -0.01196482
  0.0429996   0.0827075  -0.14281356  0.11364569 -0.13451271  0.13361928
 -0.11077147  0.1189972  -0.0176164  -0.04694183  0.07103864  0.23225565
  0.00814035  0.0647815  -0.08237846  0.10441533  0.08716112  0.06654248
  0.05867136  0.02893975  0.12488645  0.12718555 -0.06860041 -0.14304033
 -0.02450122 -0.17895199  0.07930774  0.13390318  0.04553621  0.05005896
 -0.05289035 -0.01979871  0.06092356  0.04064569 -0.14363661  0.14036542
  0.10808664 -0.03846336  0.10631531  0.01615557 -0.0426378   0.05326482
 -0.08461612 -0.10548595  0.11263349  0.05201313 -0.04803314 -0.0837509
 -0.01278944 -0.13934368 -0.04021421  0.09765659 -0.04747908 -0.11294683
 -0.14406142  0.05719294  0.0981989  -0.0120996   0.07782426 -0.00749069
 -0.02229913 -0.07436797 -0.05521307  0.08844583  0.00599991  0.00441995
  0.18803225 -0.06047807 -0.00948516 -0.01243842  0.02009459  0.10569378
 -0.01209391 -0.01717026]