[-0.07852367  0.07405934  0.07610916 -0.08993817  0.05985292  0.0463058
 -0.08071599 -0.128962   -0.01350632 -0.07136284  0.0034063   0.03553839
 -0.05629007  0.15681882  0.1474604  -0.08210214 -0.04035906 -0.11872666
  0.08960665 -0.01645774 -0.12295549  0.17865308 -0.07789739 -0.01083096
  0.01293134  0.07400445  0.04498599  0.10403278 -0.0244063   0.00872173
  0.00666125 -0.08752213  0.0778904   0.0085986   0.03989814  0.22864924
  0.1218761  -0.13264887  0.00078024  0.07424333  0.11133926  0.02226636
  0.08612575 -0.07006984 -0.05779859  0.22392422  0.10878208 -0.01259079
 -0.05528775 -0.03199857 -0.1305218  -0.00808608  0.01944993  0.04273584
  0.12663199  0.10372131 -0.15440157  0.07910371 -0.13852036  0.11571979
 -0.09808823  0.07900307  0.03012279 -0.04997235  0.06649531  0.08506846
  0.042882    0.04510607  0.01576806  0.08441664  0.09114549 -0.00918657
 -0.01108351 -0.04509047  0.21789905  0.15216279 -0.08205799  0.02517124
 -0.00810226 -0.12190283  0.07741908  0.14310612  0.02533432  0.09105354
 -0.06181489  0.06046763  0.02780172 -0.00318961 -0.13238962  0.16705894
  0.10507642 -0.06211501  0.06024694  0.05223271 -0.03922674 -0.00768063
 -0.0472385  -0.04476221  0.12160216 -0.01699916 -0.10469095  0.00737005
 -0.00622999 -0.15397212 -0.13760184  0.16869344 -0.06847794 -0.05820795
 -0.16519572  0.03882733  0.10374513 -0.10143355 -0.00390787 -0.02708711
 -0.05786576 -0.01333953 -0.02631909 -0.07500952 -0.03317038  0.03115523
  0.15392679 -0.04818958  0.01946942  0.03544566 -0.02485307  0.12223377
  0.05808602  0.03026856]