[-0.03837534  0.09420049  0.07586364  0.11088003  0.03140578  0.04328905
 -0.05435277 -0.23002875  0.04069857 -0.0688912  -0.02087587  0.03783942
 -0.04987751  0.05862122  0.02531053  0.01696303  0.04046741 -0.00546647
 -0.04106786  0.03582373 -0.07644332  0.01468748 -0.08079745  0.08063162
  0.03230425  0.00586822 -0.1306666   0.02059406 -0.02082088  0.05274666
  0.05466731  0.22522838  0.00180814  0.01017014  0.01943771  0.13500406
  0.01404867 -0.03735919 -0.01071903 -0.04531126  0.05811012 -0.0233046
  0.00730589 -0.22665937  0.09937081  0.18584658  0.0630166  -0.00654069
 -0.14044085 -0.1216626  -0.05229332  0.0309306   0.19839332 -0.07883374
  0.0414595   0.0809721  -0.10849559  0.0454771  -0.04248672  0.04238832
 -0.05453604  0.18135262 -0.01885027 -0.12158065  0.05499792  0.22159493
  0.0379475   0.01716576 -0.16753741  0.04058181  0.02743122 -0.05194687
 -0.04152489 -0.00771562  0.10653453  0.12268197 -0.00186033 -0.09870608
 -0.02653468 -0.06765074  0.02203226  0.14505921 -0.11649058 -0.07874972
 -0.01732945  0.04886034 -0.0607535  -0.06222109 -0.17263129  0.13992487
  0.07721284 -0.0078092   0.09535608  0.13955614 -0.01183193  0.14058776
  0.0034052  -0.08342675  0.13089965 -0.01332294  0.0499317  -0.06072119
 -0.10455846 -0.02322409 -0.08510994  0.14121291  0.01927829 -0.07810718
 -0.08086378  0.03231359  0.02013893  0.01715468  0.01962708 -0.10430399
  0.01438839 -0.04825894 -0.22594149  0.02054664  0.02668316  0.02209046
  0.06017366 -0.00530098  0.00847985 -0.02218522  0.04319098  0.21303351
  0.02277586 -0.15416661]