[-1.01674467e-01  1.01574346e-01 -2.52972394e-02 -6.05283156e-02
  4.59042005e-02  1.01825513e-01 -1.24959216e-01 -1.37882173e-01
  7.47377519e-04 -9.40475389e-02 -6.72205770e-03  3.95405572e-03
 -1.66914351e-02  9.27033871e-02  1.21051379e-01 -9.22594406e-03
 -3.92561480e-02 -1.04246862e-01  6.86913654e-02 -4.64410186e-02
 -7.34168217e-02  6.16710000e-02 -1.94638222e-02 -4.15613055e-02
  7.30574206e-02  4.66312468e-02  2.60708313e-02 -5.32950182e-03
 -5.15834838e-02  3.49211064e-03  1.28548309e-01  3.34924064e-03
  9.27095562e-02  8.20768811e-03  3.42869870e-02  2.18981728e-01
  9.62441638e-02 -1.25628039e-01  2.48001311e-02  2.17385851e-02
  1.03261791e-01 -3.59848142e-02  1.23458274e-01 -1.46466084e-02
 -1.24670528e-02  1.73721001e-01  1.48765624e-01 -1.94104370e-02
 -1.40833497e-01 -8.17783251e-02 -1.75146729e-01 -1.15312591e-01
  9.94252190e-02 -2.18165182e-02  3.39112543e-02  1.42457619e-01
 -1.74829125e-01  1.09276935e-01 -8.81511867e-02  4.07055616e-02
 -1.39758185e-01  9.08419415e-02  7.15327412e-02 -1.34441584e-01
  1.12397149e-01  1.56291172e-01  1.01474905e-02  4.82903197e-02
 -3.94476131e-02  2.35806238e-02  3.58740836e-02 -1.98379662e-02
 -6.86560050e-02 -1.30647868e-01  1.87847227e-01  1.20472208e-01
 -8.16348568e-02 -3.60937081e-02 -6.97980523e-02 -5.54820076e-02
  3.07718990e-03  8.73912051e-02 -4.73313779e-02  4.06549387e-02
 -1.51644930e-01  1.21024556e-01  7.56814916e-05 -7.15697333e-02
 -1.50847197e-01  1.15315184e-01  9.92985964e-02 -8.75933617e-02
  1.34010166e-02  3.12222131e-02  2.06764415e-02  8.92781317e-02
 -7.77785107e-02  3.14040594e-02  6.30671829e-02  1.09168608e-02
 -1.36653930e-01 -9.02842656e-02 -3.88569944e-02 -9.63977650e-02
 -1.29056528e-01  1.79201305e-01 -7.18715042e-02 -1.67941058e-03
 -1.82275072e-01  1.72852051e-05  3.15691605e-02 -8.16347674e-02
 -1.09966900e-02 -7.43115023e-02 -8.67296197e-03 -3.06880753e-02
 -1.15552023e-01 -5.58445454e-02  6.63896129e-02  7.28902370e-02
  1.67935699e-01 -6.47602230e-02  9.50282905e-03  6.40125349e-02
  6.33164949e-04  8.09663162e-02  1.33009460e-02  6.07327791e-03]