[-0.08964954 -0.01444274 -0.04070666  0.02362324 -0.03398978  0.09786743
 -0.04162521 -0.11285756  0.09052489 -0.04055718  0.04763013  0.04832637
 -0.04013361  0.08317538  0.08382257 -0.07320163 -0.06229228 -0.08532729
  0.07707319 -0.07245436 -0.11711718  0.01674576 -0.12913255 -0.01598309
  0.02211997  0.09639473 -0.02407677 -0.04568161 -0.10310976 -0.02118232
  0.13893056  0.03595913  0.01048395 -0.06204278  0.0163846   0.24821556
  0.00832043 -0.12202568 -0.0057229   0.05403046  0.12035563  0.00265013
 -0.05343346 -0.01735005  0.01498062  0.04873381  0.03800499 -0.0447429
 -0.02922083 -0.1622559  -0.1649591  -0.09378855  0.09790979 -0.04863723
  0.03930259  0.15099885 -0.22855148  0.14201276 -0.08291999  0.09121267
 -0.1364852   0.05503583  0.10733575 -0.12700392  0.10728071  0.15370803
  0.10891377  0.02170785  0.00709368  0.02105532  0.07612383  0.02075544
  0.00437114 -0.0644752   0.10144647  0.06795101 -0.09575562 -0.05216409
 -0.09088784 -0.08098403 -0.01892215  0.07849643 -0.06276038 -0.05403266
 -0.13250779  0.06664407  0.07548768 -0.07929505 -0.12292568  0.01879878
  0.0619577  -0.04995735  0.08476126  0.00644667  0.02116234  0.07900584
 -0.02253704 -0.15386608  0.09387948  0.09861171 -0.10864581 -0.07462965
 -0.05820332 -0.18411887 -0.0991072   0.17897037 -0.01521789 -0.11499468
 -0.21128482  0.0594377   0.01742552 -0.0732774   0.02986796 -0.15526623
  0.02765964 -0.03167418 -0.07898793 -0.05392406  0.08791489 -0.03528225
  0.12078685 -0.12265266  0.02357955  0.05003592  0.0485114   0.12960245
 -0.0121641   0.03554957]