[-3.20113078e-02  8.18374231e-02 -2.52649207e-02 -8.37954283e-02
  1.37324706e-01  7.39108548e-02 -4.05185409e-02 -1.20425843e-01
  1.62838884e-02 -1.14534865e-03  2.82638650e-02 -3.49472873e-02
 -4.97864150e-02  1.16410442e-01  1.88414231e-01 -1.70755282e-03
 -2.77888700e-02 -1.37335528e-02  3.79676893e-02 -1.23831080e-04
 -1.50723591e-01  1.36399403e-01  5.49185425e-02 -1.64061502e-01
  3.90870124e-02 -2.17754096e-02  1.13818580e-02  1.01188295e-01
  3.12116444e-02 -3.19652855e-02  4.70036194e-02  1.72687676e-02
  1.12765647e-01 -2.93549784e-02  9.32380483e-02  1.61427438e-01
  1.12806581e-01 -8.62099826e-02  5.27284406e-02 -4.41862307e-02
  9.21496004e-02  4.14263876e-03  8.01413059e-02 -6.10635988e-02
 -1.60587862e-01  1.55067950e-01  1.11702448e-02  7.56365284e-02
 -5.20102195e-02  3.75561859e-03 -2.06637800e-01  3.09922849e-03
  2.74969488e-02 -2.26509431e-03 -2.81872004e-02  3.98950540e-02
 -9.44994390e-02  1.46884155e-02 -1.76226497e-01  1.16216384e-01
 -1.91912889e-01  6.70233369e-02  9.86078382e-02 -8.04658979e-02
  6.46208450e-02  2.30112553e-01 -6.20476119e-02  9.43576917e-02
 -6.26475662e-02  3.58920842e-02  8.76382589e-02  1.43229375e-02
  8.65347858e-04 -4.52730171e-02  1.25746667e-01  7.09506050e-02
 -3.64726745e-02 -1.19901799e-01 -3.27479877e-02 -1.70173407e-01
  1.02936238e-01  8.61838460e-02 -4.42894697e-02  7.67022073e-02
 -1.89260971e-02  8.77865180e-02 -7.97224492e-02  2.74409764e-02
 -5.12853824e-02  1.81775033e-01  1.88272521e-01 -4.37909029e-02
 -5.78859374e-02  6.71426803e-02  5.28417826e-02 -3.00084203e-02
 -1.14907034e-01  4.59882468e-02  2.67996676e-02 -1.46997673e-02
 -4.05532420e-02 -8.88707414e-02  3.83767150e-02 -1.99800074e-01
 -8.34013596e-02  1.91863164e-01  4.44947556e-02 -5.16415872e-02
  2.90257335e-02  5.58535419e-02  7.51483813e-02 -3.72358672e-02
  8.25340450e-02  4.20789607e-02  4.92902147e-03 -9.15172845e-02
 -1.98288336e-02  5.36176413e-02  6.89520463e-02  5.05634993e-02
  1.57024369e-01 -1.15282699e-01  5.97549118e-02  7.39235356e-02
  8.08703713e-04  4.18973081e-02  1.10459141e-01  9.73785203e-03]