[ 0.09282833 -0.00638173 -0.21231622 -0.06418046  0.10474706 -0.0257123
 -0.00994351 -0.01037816 -0.05223915  0.00845291 -0.0182791   0.02514935
  0.17282884 -0.03785133 -0.14622019  0.14248468  0.04860185 -0.02673392
 -0.17980999  0.21711154  0.10204295 -0.10019101  0.03422046 -0.01162225
 -0.0836302   0.01790952 -0.02734355 -0.07870691 -0.02985813  0.10976242
 -0.09305383  0.13352647 -0.05541531  0.03233768 -0.0741709  -0.00930009
 -0.04788086  0.12141282 -0.02282637 -0.08506951 -0.11401989 -0.02662472
  0.05704019  0.05304909  0.06733926  0.05954248  0.05979805  0.11457442
 -0.08338963  0.0732467   0.03195806 -0.10162951 -0.05475425 -0.01133338
  0.04797219 -0.10088551 -0.06960025  0.01640237  0.04757589 -0.09373758
  0.05786913 -0.01610229  0.07871382  0.02603926 -0.03965479 -0.1172449
 -0.10274132  0.18004674  0.01086769 -0.1955272   0.00752752 -0.00987702
 -0.01307472 -0.12088407 -0.0797307   0.07707568  0.07059935  0.03876785
  0.00421393  0.09144758  0.10219944 -0.05312884 -0.11942297 -0.02836489
 -0.11245349  0.07272607 -0.02448693  0.03327969  0.11798845  0.01435963
 -0.05911702 -0.07123233 -0.12292669  0.08348159 -0.06542055  0.09718366
 -0.00094525 -0.01155212 -0.03158171 -0.08461133  0.0821307  -0.04407453
 -0.06993517  0.13327126 -0.11626703 -0.02609054 -0.19297621  0.14417668
 -0.00398378 -0.00571372  0.00440408  0.10830218 -0.09197494  0.09301849
 -0.03672649  0.05923473 -0.19767272  0.04606334 -0.1070169   0.02492242
 -0.14686891  0.09848957  0.11279021  0.07083711 -0.04100297 -0.04504784
 -0.15072113 -0.1761767 ]