[ 0.13653527 -0.15550633 -0.06217707  0.0249799   0.18162817 -0.03636146
  0.0941849   0.01727206  0.02412852 -0.14302027  0.00395691  0.11183453
  0.0314691  -0.09918454 -0.10024918  0.06810129  0.00836477  0.04166269
 -0.20071326  0.11361871  0.15482394  0.04155035 -0.08326036  0.07308607
  0.00939266  0.03684743 -0.0355333  -0.10504052 -0.03368678  0.07244398
 -0.04882424  0.16083342 -0.11753561  0.08029504 -0.02220234 -0.06636989
 -0.06281152  0.00052959  0.00034507 -0.10604637  0.13170724  0.05917152
  0.03487793  0.1193497   0.01330291 -0.01230615  0.00142281  0.01444671
 -0.01328946 -0.05931756 -0.01995887 -0.1486197  -0.0205326  -0.0367026
  0.06670784 -0.07650749 -0.1396333   0.07644432 -0.04073928 -0.02558517
  0.07809026 -0.0656562   0.04266585  0.12340569 -0.07820366 -0.08453172
 -0.04918765  0.09318951  0.10288326 -0.13609569  0.01401096  0.01328788
  0.05613879 -0.1052608  -0.12369784  0.01924652 -0.01993285  0.02046299
 -0.06811175  0.07164245  0.09827659  0.13162597 -0.04465648 -0.1038219
 -0.03557509  0.01871873  0.118613    0.05833542 -0.07190846 -0.01160887
  0.08276656 -0.01762312 -0.21370159  0.00424576 -0.0932688   0.09669212
 -0.01960153 -0.14739518  0.01335001 -0.07590379  0.00542315 -0.10723278
  0.02440805  0.09259751 -0.12188165 -0.07505336 -0.12681711  0.1461143
 -0.04712098 -0.00530915  0.10221599  0.0626223  -0.17588781  0.03064595
  0.03393825 -0.00370708 -0.20367607 -0.06267659 -0.09066521 -0.03836287
 -0.0459584   0.21542253  0.03264593  0.09316162 -0.01782814 -0.06579086
 -0.09130224 -0.1617312 ]