[ 0.01019428  0.05048622  0.03646829 -0.02976599  0.01128368  0.09704327
 -0.04396066 -0.07765158  0.00257298  0.0152128   0.09363378 -0.035353
 -0.09697919  0.0046436   0.03544259 -0.04530816 -0.07495525  0.13069642
  0.09443723 -0.14767101  0.04361593  0.20306207 -0.06885457 -0.09028379
  0.01090299  0.00928425  0.06227496 -0.01249901 -0.0412645   0.08032815
 -0.06693814 -0.22330725 -0.00099825 -0.0803473   0.20701456  0.06203345
  0.00130455 -0.19665882  0.04646458  0.03933083 -0.05529885  0.07404349
 -0.02512993  0.12458523 -0.06741603  0.09349181  0.02384801 -0.03997708
 -0.02983335 -0.05388262  0.07161407  0.06942599 -0.06128751  0.04191884
 -0.01314272  0.04225436  0.01301124 -0.06886904 -0.06719724  0.07174643
  0.05702666 -0.07944584  0.06636545  0.04439846  0.0903426  -0.19212168
  0.01868832  0.03490431  0.13087131  0.20740923  0.16206987  0.02748767
  0.06562501 -0.21044448 -0.10275885  0.03602098 -0.16820738  0.06184502
 -0.08301491 -0.09709565  0.07864591  0.14849406  0.01753321  0.08826953
 -0.04627495  0.01628227  0.01938961 -0.05504731 -0.06731016  0.10365965
 -0.02848903 -0.0175406  -0.09098741 -0.03076857 -0.05829728 -0.07562142
 -0.03082105 -0.03675309  0.03163273  0.05614768  0.05228661  0.14658117
  0.05470046 -0.24732313  0.03865468 -0.01779476  0.06450149 -0.0922043
 -0.10686903  0.12180741  0.07769927 -0.18436104  0.02264502 -0.04852569
  0.00715635  0.04050592 -0.01189557 -0.04355139 -0.08610727 -0.12914567
  0.05678698 -0.0671155   0.05239381 -0.02423833  0.13820069  0.03241753
  0.15313157  0.10245383]