[-0.04064821  0.12585561  0.09925903 -0.06262548 -0.03300666  0.07083718
 -0.00403214 -0.04267909  0.05306157  0.03136574  0.04581133 -0.07655273
 -0.06220692  0.04438838  0.02667475 -0.05095642 -0.07873081  0.05562153
  0.02181364 -0.16886     0.04860018  0.21308061 -0.08566003  0.02865079
 -0.02279367 -0.0366471   0.02064075  0.03159699  0.07990442  0.10584445
 -0.03963854 -0.25439242 -0.04260525 -0.11478198  0.13777898  0.04501026
 -0.03014503 -0.09048571 -0.03744639  0.16740775 -0.09028328  0.12356331
 -0.11292793  0.08083597  0.00677164  0.11686832 -0.00471254 -0.03539166
  0.02846037 -0.08040819  0.08980732  0.16658589 -0.05550257 -0.00632176
 -0.01235119  0.05469754  0.04577149  0.00334325 -0.00133112  0.03111716
  0.02760381 -0.04530814  0.01740759  0.07355992  0.01306126 -0.23079515
  0.10357451  0.02362282  0.11289325  0.18431035  0.19327459  0.05884333
  0.07175054 -0.13899805 -0.02139246  0.07718956 -0.20411623  0.09852073
 -0.03807683 -0.04642167  0.11784448  0.14541736  0.06081025  0.11561056
  0.01735627 -0.02962967  0.0433519  -0.05089811 -0.08740085  0.03725023
 -0.10493258 -0.00474459 -0.00738673 -0.03012328 -0.05640719 -0.12159394
  0.00897017 -0.06895752  0.06345744  0.0652343   0.07075771  0.17093559
  0.03394403 -0.1518825  -0.07051412 -0.04985632  0.01148119 -0.12734386
 -0.02685797  0.08738514  0.137336   -0.12281699 -0.0285043  -0.02261938
 -0.04516603  0.1391025  -0.06659428 -0.01634675 -0.16138272 -0.10931009
 -0.00804693 -0.03878608 -0.03002725 -0.05542699  0.04488979  0.10464649
  0.02344986  0.09140782]