[ 0.04546807 -0.00848157 -0.01145396 -0.06607527  0.09336597  0.1347426
 -0.04035887 -0.14702177 -0.14761992  0.04076348  0.00930486 -0.00260507
 -0.04091914  0.08894851  0.17552477  0.0112018  -0.07120246  0.02882219
  0.1642383  -0.04387312 -0.09244177  0.22450794  0.06217993 -0.07841772
 -0.01104374  0.05675945  0.05742802 -0.02485765 -0.04632566  0.06219223
 -0.09359869 -0.06553038  0.00728427 -0.02576611  0.17461462  0.13835302
  0.05283991 -0.17963134  0.05059769 -0.0131736  -0.02469365 -0.01011842
  0.05111296  0.01833436 -0.16561252  0.21453509  0.08382773  0.08640502
 -0.07740825  0.06392308  0.04151847 -0.01336107  0.02253082  0.03781763
  0.0907474   0.00939223  0.03354478  0.01694694 -0.05356873  0.13056511
 -0.03902489  0.06038459  0.08466006 -0.04243768  0.12806898 -0.01256751
 -0.07738204  0.07148792  0.02086316  0.15331306  0.05692263  0.06963976
 -0.0098323  -0.08864444  0.00082141  0.05735537 -0.07916582 -0.03173817
  0.01265131 -0.07979931  0.21372649  0.04383831 -0.03548351  0.03162472
 -0.07490475 -0.01829956 -0.0477072  -0.03863626 -0.0885515   0.21036547
  0.10886858  0.05324226 -0.07718872  0.03537108 -0.07415728  0.03000813
 -0.01358717  0.08112776  0.10493056 -0.03058716  0.08502203  0.09547498
  0.05386637 -0.24938403 -0.04548769  0.04345216 -0.02055263 -0.08644924
 -0.06942067  0.14172402  0.12247318 -0.05954977  0.12056298 -0.08784343
 -0.01278951  0.03661906  0.05376418  0.01153665 -0.09204409  0.01308491
  0.14434125 -0.16632614  0.130363   -0.02437912 -0.0220475   0.08647083
  0.13849394  0.05309409]