[ 0.07561618  0.14025325  0.01085659  0.05565873 -0.00194511  0.14887251
 -0.00180152 -0.08376898 -0.01749096 -0.03262819  0.05800081 -0.04823987
 -0.06791344  0.01689541 -0.01438773  0.01353576 -0.05472412  0.0184464
  0.02818521 -0.11753588  0.09904511  0.15265538 -0.09130701  0.05646391
  0.07496546 -0.0732271   0.0133905  -0.03880197  0.02153555  0.17838991
 -0.08251999 -0.13655595 -0.08960512 -0.05985076  0.07605218  0.04728445
 -0.0448921  -0.1683698  -0.0275558   0.08149453 -0.0807569   0.043272
 -0.020353    0.07800222  0.02634885  0.17856027  0.09719332 -0.07904346
 -0.06524833 -0.04992824  0.18396042  0.16710369 -0.01981848  0.00983604
  0.08113664  0.02914288  0.02732929 -0.00273493  0.08447405 -0.01346566
  0.06606501 -0.03308254  0.02945    -0.01605154  0.00641698 -0.19747533
  0.07627027  0.03364807  0.09843963  0.19775996  0.13209744  0.1011391
  0.02536979 -0.18825269 -0.01968148  0.0959149  -0.11881389  0.1170662
 -0.09978275  0.05126128  0.14042357  0.14021221  0.03376722  0.02875759
 -0.00397679  0.05311132 -0.00639416 -0.10609244 -0.12735803  0.08884499
 -0.09446958 -0.0461116  -0.13333948 -0.00136609 -0.1198845  -0.04037751
  0.0624821  -0.06486707  0.13028598  0.01065517  0.07425842  0.17621233
  0.06610495 -0.08777948 -0.16084218 -0.02199762 -0.04663783 -0.00727276
 -0.1205527   0.06279731  0.13864005 -0.08317743 -0.05096343 -0.08907219
  0.00361859  0.11704046 -0.12449384 -0.02898834 -0.13243802 -0.05812868
 -0.00286206 -0.00258324  0.06179932 -0.03704568  0.10398965  0.11399437
  0.11140017  0.04775986]