[-0.05737728  0.07651611 -0.00524374 -0.12336111  0.00657937 -0.0068161
  0.01501234 -0.11160799 -0.18800928  0.12535831 -0.01158284 -0.01660556
  0.00661994  0.19549735  0.09830705 -0.03972086 -0.02730429  0.08430794
  0.20999284 -0.11385158 -0.0948198   0.17552146  0.00030106 -0.11469094
 -0.04277948  0.0975168   0.08450617  0.0686029   0.065644    0.1467386
 -0.19913448 -0.10140333  0.09241483 -0.12220503  0.13713282 -0.01693015
  0.02850751 -0.06946233  0.05106399  0.0392198  -0.08557201  0.02783431
  0.08415034  0.06365214 -0.1539769   0.20261085  0.06998324 -0.031136
 -0.08818831 -0.10707048  0.08536021  0.0367666   0.01405534  0.04193631
  0.01964937  0.08364121  0.0894709   0.05295926 -0.02309353  0.11659706
  0.00962637 -0.00136965  0.05015676  0.07328054  0.12334207  0.00596578
 -0.07967092 -0.01384726  0.00656566  0.03331672  0.08184723 -0.03997889
  0.02495823 -0.10013983  0.03995702  0.10510202 -0.09304681 -0.07473579
  0.02423222 -0.15298596  0.11456981  0.00774581  0.02147046  0.1170627
 -0.03678548 -0.06006454 -0.03284918 -0.0914518  -0.02387442  0.1226692
 -0.06513587  0.01987978 -0.00654197 -0.00914474 -0.02811406 -0.04911979
 -0.00138725  0.12244187  0.11952548  0.01834782  0.04884034  0.18256278
  0.13199665 -0.13194332 -0.08654518  0.00274913  0.01989632 -0.04557422
 -0.02297374  0.0108782   0.13854876 -0.15648051  0.05695824 -0.06149419
 -0.09030013  0.04480353  0.05238647  0.01147119 -0.06613534 -0.06520739
  0.07164876 -0.22016662 -0.00852532 -0.13572393 -0.00359828  0.11936139
  0.0243878   0.06686943]