[-0.0782833   0.07804295 -0.14423145  0.02140662 -0.03257276 -0.02683511
  0.03534072 -0.05564192  0.11099664  0.02695354  0.07537165 -0.0701334
  0.10702817  0.1572578   0.03899829 -0.06834522 -0.00821979 -0.15042759
  0.06399337  0.02028496  0.01675284 -0.15756325 -0.09430528 -0.02963372
  0.10097744  0.00597477 -0.06759772 -0.01364956  0.06911604  0.13746218
  0.08888467  0.01445396  0.09491643 -0.12820442 -0.02295358  0.09179103
  0.01345261  0.0987795  -0.04472191 -0.10351393  0.05174605 -0.02941639
  0.00569036  0.0755341  -0.02644781  0.02253374  0.02127674  0.00335864
  0.06288272 -0.24290958 -0.17374182  0.01873248  0.11526324 -0.0569288
  0.10030682  0.09498755 -0.19757856  0.08098931  0.01564392 -0.12614104
 -0.13497356 -0.08432519  0.08457555 -0.00811412  0.00338969  0.24550723
  0.07753671  0.04021403  0.05732663 -0.21134579  0.05623718 -0.01019028
 -0.01416835 -0.16298088  0.16268314  0.08147133 -0.04240065 -0.04627829
 -0.00359089  0.09471884 -0.02062627 -0.04764682 -0.01640101  0.00081727
  0.03723906  0.04553564  0.0268373   0.00563656  0.07590902 -0.04977648
 -0.03703828 -0.08355004  0.03971912 -0.03460949 -0.09568752 -0.15292129
 -0.02020475 -0.03683034  0.10594157 -0.03673051  0.01021588  0.00400976
  0.12767348 -0.1157472  -0.2648249   0.16748627  0.00061165  0.05127654
  0.04972561 -0.03876169  0.05144483 -0.05314681 -0.15822138 -0.07435077
  0.00655359  0.03642039 -0.12912667 -0.00563195  0.01339651 -0.01206309
 -0.0188532  -0.07846911 -0.06732257  0.06744623 -0.03105776  0.12016351
 -0.00718409  0.09311131]