[-0.09191288  0.05473178 -0.02803405  0.01928938 -0.09720767  0.01424211
 -0.00933697 -0.02768773 -0.07872432 -0.03407799  0.06594835 -0.00852461
  0.07188079  0.16030827  0.03259725 -0.09291717 -0.05596842 -0.11663195
  0.11888026 -0.01588002  0.02789747 -0.14625591 -0.03907535  0.01907865
  0.08809123  0.08460744  0.00938128 -0.08995675 -0.00869619  0.06183067
  0.01989006 -0.0473588   0.07886781 -0.07172973 -0.06137436  0.07865665
 -0.02812976  0.09858119 -0.06175816  0.0028218   0.06480537 -0.0305174
  0.00764074  0.1014085  -0.09449128  0.06181364  0.15598173 -0.1595933
 -0.12111347 -0.21530282 -0.08163023 -0.06646941  0.07099529  0.03120279
  0.12105298  0.13865797 -0.09796201  0.16164854  0.06648128 -0.11166211
 -0.07390981 -0.03559366  0.07854929 -0.02564889  0.11080774  0.19266652
  0.08917901 -0.00395795  0.05662477 -0.06418668  0.03130417 -0.00169026
  0.0014699  -0.11301164  0.21707377  0.07409744 -0.11489901 -0.00967504
 -0.02221986  0.05406976 -0.14086445 -0.0386302  -0.00336994 -0.05498124
 -0.10419321  0.0642297   0.09463351 -0.06724592 -0.03465775 -0.07120208
 -0.04162411 -0.1062425   0.06721904 -0.10113752 -0.08431377 -0.09238712
  0.02220812  0.04186808  0.13991484 -0.00767216 -0.13346249  0.04768443
  0.11473054 -0.01618623 -0.20416623  0.13672791 -0.05655846  0.11714458
 -0.07516224 -0.18127044  0.0334524  -0.0213503  -0.11670475 -0.15144145
  0.0183377   0.03754963 -0.12066814 -0.13343473  0.05944272 -0.00390821
  0.01177218 -0.08598781 -0.10044962  0.0172795   0.01966492  0.1399712
 -0.00417299  0.11267581]