[-0.01705785 -0.02624545  0.15927078 -0.05880401  0.06530269  0.10980452
  0.01935398  0.07028552 -0.07568239  0.02385432  0.05568425 -0.04596599
  0.08509894  0.10311679  0.23619182  0.03273902 -0.00092584 -0.0018969
 -0.03970813  0.02181571  0.08988132 -0.03596802  0.12622285  0.14177132
  0.0845995  -0.07325605 -0.032974   -0.01869611  0.12043986 -0.07558033
  0.12102191 -0.04602393  0.03176548  0.10499204 -0.00830889  0.07947981
 -0.01027156  0.10624789 -0.02449259 -0.05097916  0.0521599  -0.03563189
 -0.0107902  -0.06231881 -0.09414054 -0.10652725  0.00133749  0.04562257
 -0.09136329 -0.00847022 -0.10221431 -0.12826827  0.0020537  -0.02998043
  0.03796448  0.07645746 -0.0502331   0.18135333 -0.0743966  -0.0492271
 -0.15961358  0.04348996  0.05401443 -0.12151491  0.10625038  0.28257
 -0.06689879  0.04598263 -0.17881477  0.03755694 -0.04217466  0.08806556
 -0.08797649 -0.01119678  0.11806775 -0.04689452  0.06021558 -0.0434208
  0.11378942 -0.00148107 -0.02472576 -0.0876877   0.02902979 -0.07946963
 -0.04020822 -0.0427453   0.02715996  0.07454867  0.00500445  0.08780993
  0.16777015 -0.05862623  0.0123219   0.06775685  0.01359587  0.02288598
 -0.1265308   0.1039648  -0.00547711  0.03212932  0.01148102 -0.09223711
 -0.06740391 -0.03889096 -0.01221274  0.1683199  -0.01627272 -0.11051454
  0.17495401 -0.19724546 -0.04827661  0.16912249  0.03319273  0.02163044
  0.16271074  0.05015804 -0.01772787  0.06761128 -0.01012352  0.2008706
  0.05251862 -0.11668637 -0.07269766  0.06965663 -0.09288518  0.13553342
  0.04602808  0.00995275]