[-0.01855996  0.08967387  0.10159432  0.06504456  0.02919681  0.20022731
 -0.02162892 -0.08714832  0.11735979 -0.08746161  0.11198693  0.00302337
 -0.03872319 -0.01807628  0.07244711 -0.01741267 -0.05629113  0.03919661
 -0.10026151 -0.13457866  0.13788614 -0.01743415  0.05924839  0.10707912
  0.19916071 -0.1577408  -0.01364962 -0.02276421  0.02247711  0.00640553
  0.24834692 -0.06702744 -0.01050588  0.06110541  0.02548972  0.0414254
 -0.06894681 -0.01808708  0.06183453  0.04224676  0.08252002 -0.00625842
 -0.04664978 -0.01802886 -0.02787679 -0.20095426 -0.04867878 -0.04037922
 -0.00522962 -0.05210106 -0.00454165  0.03027925  0.03178334 -0.06109178
 -0.06630179  0.1075014  -0.05461638  0.15725906 -0.107663   -0.04409946
 -0.16777357 -0.01700877  0.10077938 -0.1670837   0.07824741  0.11876506
  0.02003613  0.02043508 -0.18570784  0.19479038  0.04869601  0.10953669
 -0.08005188 -0.07634357  0.05357638 -0.03126239 -0.01673307 -0.09887135
 -0.08830937  0.11145244 -0.10504374  0.00881488  0.13394764  0.00525331
 -0.08547332 -0.00417743  0.05408959 -0.04063124 -0.10472961 -0.01035352
  0.02527462 -0.16660646  0.02955642  0.04541741  0.03090654 -0.06148702
 -0.14011884 -0.00321602 -0.03193384  0.08609388 -0.00949821 -0.0481704
 -0.08480139  0.06187993  0.06776203  0.10245161  0.0438352  -0.0484745
  0.03534235 -0.12121895 -0.06194869  0.04553596 -0.02033809  0.08351666
  0.14344576  0.04317496 -0.09231988  0.11847138  0.1074788   0.18670884
  0.10054248 -0.0602779  -0.12718189  0.00028734  0.07311562  0.10677087
  0.08086645  0.08353283]