[ 0.01444911 -0.04982106 -0.07619683 -0.04811207  0.05594409  0.08265181
 -0.02621553  0.07356752 -0.0583473   0.02848785  0.06753957  0.00506957
  0.11556878  0.00339834  0.01924939  0.02652752 -0.00046894 -0.0656518
  0.00638051  0.18312749  0.0943412  -0.19044398  0.13042454  0.13027808
  0.04538919  0.02056901  0.03086283 -0.12799896  0.08718352 -0.04771488
  0.08699303 -0.07883316  0.02763883  0.03553773 -0.09300474  0.05675748
 -0.06987257  0.18506169 -0.0299407  -0.0876997  -0.02687673 -0.03644947
 -0.08753545  0.02732817 -0.06715143 -0.1243075   0.06108749  0.0585135
 -0.07170197  0.03044583 -0.1601638  -0.10156573  0.02525015 -0.04317631
  0.04339367  0.01689395 -0.05754578  0.17940691 -0.05655878 -0.15401746
 -0.10822089  0.00612702  0.21435009 -0.09309609  0.04210235  0.17379449
 -0.03950575  0.10046527 -0.06748412 -0.09500039 -0.06473721  0.08525427
 -0.10613535 -0.00684805  0.09421283 -0.05219575  0.0648962   0.02798369
  0.10897046  0.09967855 -0.1220837  -0.0860303  -0.03353171 -0.09744544
 -0.03108683 -0.01941548  0.0146359   0.13805075  0.15980403 -0.05731276
  0.12259312 -0.03380582  0.00765394  0.10761616  0.04144696 -0.07126838
 -0.05201622  0.07705529 -0.02188264 -0.06839883  0.00956248 -0.1263572
 -0.08339879 -0.02722934 -0.09846373  0.18062191 -0.02912697 -0.04824141
  0.12830201 -0.14332314  0.00304873  0.21734299  0.02904537  0.03174616
  0.11532141  0.06794996 -0.12017339  0.00719567  0.01615276  0.14762659
 -0.07581787 -0.0502986  -0.03891384  0.06650162 -0.15892825  0.12381802
 -0.0288339  -0.0086087 ]