[ 1.51127174e-01  4.67457548e-02 -2.40611658e-02  6.86154068e-02
  2.69687790e-02  1.08874992e-01  1.96764961e-01  4.60228249e-02
  4.31532189e-02 -1.05085179e-01 -3.23821045e-02 -6.63282052e-02
  7.79081360e-02 -9.85072404e-02  7.09465519e-02  1.40063046e-02
  5.13644563e-03 -5.15208133e-02 -1.36040822e-01 -4.60776463e-02
  1.11121163e-01  4.80799377e-02 -1.00614615e-01  2.71865949e-02
  1.02015166e-02 -1.85202226e-01 -2.05419078e-01 -1.63056493e-01
 -5.60153201e-02  1.67515621e-01  3.32790576e-02  1.42285511e-01
 -1.05409347e-01  9.36258361e-02  5.04499599e-02 -6.48639798e-02
  1.18751623e-01 -4.95028459e-02 -6.17850921e-04 -3.62868905e-02
  8.88663456e-02 -4.10103500e-02  9.45076868e-02 -1.43327909e-02
  4.48886566e-02  5.69865368e-02  2.99810935e-02 -3.28573100e-02
 -4.33130302e-02 -3.65282595e-02  4.85749394e-02 -9.86002609e-02
  8.10526758e-02  3.85180078e-02  3.88555005e-02  3.90705932e-03
 -3.91083136e-02 -2.91001070e-02  6.49785027e-02 -2.89379116e-02
 -5.86243207e-03 -1.00727007e-03 -1.22400180e-01 -1.70288578e-01
 -2.49276068e-02 -3.52837779e-02  6.46899715e-02 -3.16889957e-02
 -3.60808522e-02 -1.76228479e-01  1.65553149e-02  3.81840253e-03
 -4.53356877e-02 -1.22921608e-01 -4.46551852e-02  1.01989552e-01
 -7.74501314e-05 -2.77655330e-02 -3.22493277e-02  1.52549565e-01
  7.84307793e-02 -3.37841995e-02 -4.65931110e-02  4.05890960e-03
  1.98078398e-02  1.57904461e-01  2.48099361e-02 -1.62696511e-01
 -1.54794946e-01  5.16211279e-02  6.50266325e-03 -1.27394244e-01
 -1.15765534e-01 -7.27147236e-02 -1.90915763e-01  8.41988921e-02
  4.10611816e-02 -6.22974485e-02  3.08517963e-02  8.09511617e-02
  5.88030852e-02  3.90989594e-02  4.42589782e-02  1.28690824e-01
 -1.44781381e-01 -1.00605808e-01 -7.69626498e-02  1.59928218e-01
 -1.26868188e-01  7.59890527e-02 -8.17035139e-03 -1.01230152e-01
 -1.64770231e-01 -1.30994827e-01 -2.10620966e-02  9.40888524e-02
 -1.04280449e-01  8.91006738e-03 -1.27092019e-01  1.25213023e-02
  1.46735860e-02  6.43741786e-02  4.69036102e-02  1.36009544e-01
  1.06646098e-01 -8.20678622e-02 -4.42240834e-02 -8.28655586e-02]