[ 0.10099842 -0.04250579  0.00849795 -0.00219788  0.08974587  0.08792748
  0.13902597  0.04523475 -0.03242677 -0.17947876 -0.05623673 -0.01989305
  0.07423391 -0.10414047  0.03203057  0.03081963 -0.14629731 -0.03836343
 -0.17333002 -0.00752718  0.1650849   0.05378542 -0.03716414 -0.04045377
 -0.00782467 -0.14518216 -0.18400307 -0.15666398 -0.08445758  0.11959169
 -0.0105729   0.07353915 -0.13437752  0.09069525  0.05478402 -0.03136051
  0.00327343 -0.11017699 -0.01318774 -0.0183698   0.1123936  -0.03769622
  0.09688242  0.06353433 -0.00160239  0.07579478  0.05786336 -0.01566939
 -0.07955088  0.0196608  -0.02450216 -0.1754719   0.01025385  0.0492981
  0.03749696 -0.03156564 -0.04353557  0.01201556 -0.01172783  0.02192107
  0.05675186  0.06231278 -0.05921144 -0.00348295 -0.00111453 -0.08393378
 -0.01117766  0.01715933  0.03100173 -0.12565172  0.03684698  0.04200071
  0.01200888 -0.1212896  -0.05705068  0.10778421 -0.05065818 -0.07209092
 -0.03438646  0.14347059  0.12902278 -0.04768581 -0.04870741  0.03174882
 -0.12489368  0.18895374  0.07011075 -0.10052146 -0.18127367  0.05449943
  0.08813152 -0.10056995 -0.16148527 -0.07090502 -0.22001241  0.10128237
 -0.04334632 -0.01960531  0.02033011  0.06751301  0.03439912 -0.01587635
  0.03222599  0.06035091 -0.07212558 -0.06777573 -0.12475415  0.25446332
 -0.13932413  0.05326291  0.01532295 -0.09531704 -0.17583431 -0.09970805
 -0.04429188  0.13358362 -0.07802747  0.06618074 -0.10178059  0.0492341
  0.00970558  0.06977677  0.02171752  0.10819172  0.02539039 -0.06725634
 -0.06607528 -0.05079919]