[ 0.04420884  0.11076778 -0.05580768 -0.10506298  0.01721646  0.07040884
  0.00181213  0.07110253  0.0492968  -0.11677204 -0.08285487 -0.0550312
  0.14275111 -0.10575442 -0.02291214  0.05412749 -0.11012518 -0.08388736
 -0.25883082  0.0647376   0.08726759  0.1061336   0.04774453 -0.0532495
 -0.10881405 -0.12941909 -0.11104475 -0.0684289  -0.03163739  0.11916728
  0.02542268  0.06082624 -0.01234508  0.07429399 -0.01487897 -0.04826772
  0.03932682  0.04925642 -0.07517853  0.07828066 -0.04325353 -0.05548355
  0.05573622  0.09109443  0.02316635  0.02024289  0.05616608  0.04577713
 -0.03333803  0.20072988  0.03757297 -0.07362871 -0.02480198  0.05880711
 -0.02333532 -0.07423209  0.00865051 -0.07126231  0.07032419 -0.12709947
 -0.05128609  0.01515653 -0.05326166  0.00786708 -0.13148244 -0.19217312
  0.04620813  0.03430941 -0.02323794 -0.15419015  0.04485985 -0.04372951
  0.01554493 -0.05398991 -0.0191274   0.06265197 -0.06668273 -0.10639106
 -0.01582991  0.1977677   0.19222225 -0.06375545 -0.03850019  0.10725174
 -0.00543452  0.13615265 -0.02393251 -0.07903001  0.00435129  0.06413038
 -0.05716244 -0.1350407  -0.14646451 -0.02713862 -0.1429656   0.07116388
 -0.05338136  0.06903904 -0.09000003  0.00730474  0.05331209  0.01844351
  0.00312316  0.14499424 -0.14657652 -0.09458403 -0.18927707  0.17452714
 -0.02233223  0.05258688  0.03664627  0.01180832 -0.19768286  0.04385639
 -0.15222287  0.10710314 -0.04878536  0.05588073 -0.07876749  0.06858025
  0.01194656  0.08917298  0.08288933  0.06313783  0.00557729 -0.1643862
 -0.05097936 -0.02778408]