[ 0.01541606  0.11201221 -0.06157115 -0.07330927  0.1160348  -0.0019962
  0.06575233 -0.00612507 -0.13945411  0.06608281  0.01840898 -0.01195859
  0.08909283  0.18365374  0.12310942 -0.02321416  0.11575884 -0.07125743
  0.05146124  0.16761297 -0.05854985 -0.04512234  0.07748389 -0.04135139
 -0.03743345 -0.00269011 -0.07584418  0.0618254   0.14705242  0.0251042
 -0.06011285  0.08438735  0.06700046  0.02351111 -0.04019516  0.10045001
  0.13117476  0.19773436 -0.00590824 -0.05112844  0.02339282  0.04789978
  0.04098969 -0.13504675 -0.1773968   0.16278715  0.10116807  0.05819208
 -0.08229365  0.01929963 -0.15930785  0.07633129 -0.08284488  0.06256349
  0.11383273 -0.00783783 -0.02292272  0.0823525  -0.11334759  0.00976432
 -0.1280068   0.03957526  0.09807023 -0.17258152  0.07402229  0.19248876
 -0.01269751  0.09073766 -0.07995743 -0.03026141  0.05315917  0.05509191
 -0.03540623  0.12390918  0.16839361  0.06315313  0.07364828  0.0329939
  0.10948975 -0.16116147 -0.05790908  0.04326632 -0.04824265 -0.00505542
  0.04143015  0.00602898 -0.05894629  0.09233053  0.10363831  0.07208063
  0.14241029 -0.06482041  0.04481427  0.01400349  0.07375424 -0.17056274
  0.03936809  0.10065661  0.03134923 -0.06035405 -0.06220838 -0.00638177
  0.03429552  0.02635674 -0.19667435  0.2085797  -0.03278014  0.02408581
  0.14778259 -0.06979949  0.01828895  0.07346567 -0.01537544  0.07016696
  0.02657622 -0.04510723  0.01088678 -0.10759752  0.01327071  0.1107963
 -0.00209294 -0.01674982  0.0386434   0.13066216 -0.09508543  0.07156528
  0.02391466 -0.04874778]