[-0.01240623  0.14122713  0.03955354 -0.02845572 -0.02625633  0.0513545
  0.0612835  -0.0004914  -0.05964837  0.07573311  0.08501336 -0.09331712
  0.00686425  0.02802876  0.1611682  -0.06341365 -0.12567896 -0.02872215
 -0.00555297  0.02503836 -0.12207583 -0.0026582   0.08387707 -0.10900275
 -0.00667066  0.02171475 -0.04645157  0.01339711  0.12569402 -0.08413546
 -0.01314224  0.08965124  0.03518716  0.03096806  0.01653522  0.02802376
  0.09623951  0.17575236  0.05663758 -0.01024406  0.08456798 -0.10648316
 -0.03993335 -0.0527343  -0.21505584  0.02150961  0.04217909  0.03924625
 -0.09559295  0.01820615 -0.13677301  0.12245436 -0.04622805  0.09764687
  0.01067269 -0.03110025  0.04581996 -0.01645162 -0.08146031 -0.05173557
 -0.1879039  -0.01840355  0.11385901 -0.05926223  0.00535566  0.29831716
  0.04749336 -0.0013358  -0.0271294   0.03127807 -0.04036169  0.02319057
  0.02716587  0.22094291  0.20760731 -0.14539349 -0.03899552 -0.09041467
  0.0478984  -0.06237475  0.02234911 -0.00223063 -0.01192423 -0.05761006
  0.06140196  0.03865899 -0.04281745  0.05531796  0.09041635  0.08817968
  0.20039645 -0.0561262   0.01462706 -0.0568837  -0.02510468 -0.16777486
 -0.03975284  0.10968481  0.08569285 -0.03992617 -0.0532016  -0.01688842
  0.08733906 -0.01204022 -0.02120429  0.14988029  0.06456013  0.09633798
  0.19819406 -0.06873297  0.04531747  0.15664364 -0.01234966  0.00387919
  0.06003308 -0.10266949  0.06867325 -0.04974436  0.16970794  0.01207095
  0.13256055 -0.09505782  0.07299387  0.09848768 -0.00178108 -0.01329053
  0.14469509  0.07713722]