[-5.80404811e-02  2.53558904e-01  5.19401282e-02 -6.12173118e-02
 -8.54004472e-02  1.47332335e-02 -1.06664792e-01 -8.11041892e-02
 -1.27276838e-01  3.03761126e-03 -3.42604294e-02 -1.21253110e-01
 -9.90517674e-06 -1.30037367e-02  1.15227111e-01 -8.98478404e-02
 -2.52170041e-02 -1.98693544e-01  1.27960712e-01  9.43707954e-03
 -9.06499252e-02 -6.11193664e-03 -3.61989178e-02  2.29530111e-02
  6.68629929e-02  8.46151635e-03 -8.36284831e-03 -1.12164076e-02
  3.69364247e-02  2.15647742e-02  2.90807933e-02 -1.47582337e-01
  1.83195211e-02 -1.06354924e-02  2.87919957e-02  6.25664517e-02
  9.91470143e-02  4.68216371e-03  6.90665245e-02  4.77043428e-02
 -3.76411267e-02 -1.11932874e-01  1.38033032e-02 -6.64009899e-02
  7.16637373e-02  3.27685267e-01  1.57074720e-01  1.10404147e-02
 -2.14654028e-01 -4.22862768e-02 -7.24433586e-02  9.49695781e-02
  1.12490363e-01 -2.61622518e-02  9.05317441e-03  2.11004335e-02
 -3.51074152e-02  4.86475183e-03  6.74095296e-04 -6.43568337e-02
  2.07149871e-02  1.18930623e-01 -2.40508858e-02 -3.64990421e-02
 -7.91050494e-03  5.05478866e-02  9.48680416e-02  3.50743532e-02
  1.44705339e-03 -1.09017909e-01  7.38128205e-04 -5.65404594e-02
 -9.96861756e-02 -6.11800663e-02  2.32550308e-01  8.04464146e-02
 -9.45715085e-02  4.62766327e-02  1.24539904e-01  1.82294294e-01
 -5.84643558e-02 -1.85845979e-02 -4.17882539e-02  6.22556135e-02
 -1.52152544e-02  5.99921383e-02 -7.17523172e-02 -1.01013981e-01
 -5.02960719e-02  5.20759486e-02 -8.12780391e-03 -2.88234986e-02
  1.51949316e-01  8.51644352e-02 -1.37695834e-01 -8.89502242e-02
  6.83047771e-02  7.23594055e-03  7.87686780e-02 -1.27232835e-01
 -6.03172518e-02  7.49464929e-02 -5.49360402e-02  9.40951705e-03
 -1.70359328e-01  8.87440965e-02 -1.06165316e-02  1.30079672e-01
 -6.28452674e-02  2.10678987e-02  1.50215954e-01 -4.10848521e-02
 -7.66636878e-02 -4.52184640e-02 -1.09589927e-01  5.14622442e-02
 -2.30839208e-01 -6.58524260e-02 -3.46243158e-02  5.24282316e-03
 -1.02803642e-02 -2.06297208e-02 -7.64542222e-02  4.62352373e-02
  1.78258196e-02  5.98561689e-02 -1.95986815e-02 -7.03414008e-02]