[-0.06958177  0.21768066 -0.05705551 -0.15455429  0.00407459 -0.01215308
  0.00437357 -0.04264626  0.02280023  0.07440032  0.01718909 -0.08928428
  0.08223524  0.08085763  0.09548835  0.00180441  0.01194016 -0.05934991
 -0.06480061 -0.02575459 -0.11267645  0.03868686 -0.05481907 -0.13152127
 -0.0566704   0.04325265 -0.05415544  0.10002979  0.16739178  0.01802554
 -0.00144527  0.16669451  0.08339519  0.01149714 -0.01135497  0.02359206
  0.18684302  0.11452369  0.13968623  0.00794906  0.05038306 -0.08332103
  0.05074099 -0.12388948  0.00861327  0.13718075  0.02554386  0.0734109
 -0.14881259 -0.12967497 -0.2199651   0.08072077  0.03579287  0.03581747
 -0.10030789  0.03345548 -0.04140956 -0.01801194 -0.14278787 -0.01722746
 -0.12582287  0.05227026  0.05221969 -0.03377959 -0.09033972  0.29827371
  0.02808287  0.10896663 -0.01027187 -0.1834403  -0.01231215 -0.13745262
 -0.05969985  0.04142411  0.23192137  0.03238216 -0.03971826 -0.09640965
  0.0281466  -0.10330328  0.04380092  0.08763404 -0.0329      0.03953987
  0.02709352  0.1348834  -0.04585832 -0.0220873   0.03250235  0.09537643
  0.11881608 -0.10740897  0.03249839  0.07603475  0.00277092 -0.04844465
 -0.07804492  0.03142083  0.02861462 -0.02210268 -0.01830162 -0.1010256
 -0.0070421   0.08184317 -0.10568783  0.14026536 -0.01515774  0.08838908
  0.03434515 -0.05320699  0.05652068 -0.01126207 -0.08475014  0.04261161
 -0.02762833 -0.07812139 -0.1567589  -0.02255897  0.10948165 -0.02896911
  0.10493889 -0.06024281  0.02561129  0.08929145 -0.02517947 -0.01120425
 -0.07540174 -0.07103417]