[-0.03344217  0.10452832 -0.04799529 -0.03954072 -0.06606445 -0.06152352
  0.05205549 -0.06107485  0.01654535  0.01822815  0.09222979 -0.04767559
  0.12463532  0.17293477  0.04060085  0.00685128  0.06194966 -0.07081138
 -0.04536402 -0.02219622 -0.00047937 -0.06104644 -0.08111681 -0.15690482
 -0.04930586  0.07955544 -0.1098692  -0.01995877  0.05048896  0.08808293
  0.00159281  0.18574984  0.08688612 -0.0436197  -0.01716388  0.06384411
  0.06038727  0.20998789  0.06418709 -0.00107411 -0.0314141   0.00425373
 -0.05762529 -0.04803536  0.04534421  0.17385553  0.0079166  -0.08178841
 -0.16489491 -0.28509331 -0.16948918  0.04207987  0.02286539  0.00236153
 -0.06362633  0.07442893 -0.12790947  0.06144837 -0.09420791  0.05992346
 -0.06192059 -0.04967875  0.03500408 -0.05117229  0.08908734  0.16757931
  0.04846617  0.14873077  0.01221909 -0.14041586  0.10341296 -0.13618055
 -0.03261239 -0.11479896  0.08795375  0.08738191 -0.05787334 -0.10028623
 -0.05543011 -0.04420368 -0.0879323  -0.02502489 -0.11917356 -0.05454369
 -0.10512627  0.07834098  0.04135284 -0.14232528 -0.07003862 -0.01221407
 -0.00467265 -0.14793119  0.04127562  0.03686812 -0.01519703 -0.00361258
  0.00834337 -0.08419672  0.07722016  0.07804624 -0.07277272 -0.01354993
 -0.03362694  0.05281948 -0.11301096  0.1027789  -0.00603898  0.10389766
  0.02563266 -0.14468595 -0.05487296 -0.09505575 -0.16736627 -0.05037199
  0.06564856 -0.00922214 -0.20815027 -0.09023309  0.07687628 -0.03209756
 -0.02481745 -0.02672146 -0.05383781  0.13659559  0.15743911  0.02551167
 -0.03604899 -0.05856851]