[-0.10970424  0.09318754 -0.15038043 -0.02017247 -0.07683525 -0.04706239
  0.02510157 -0.01421022  0.12499844  0.08410732  0.05181401 -0.09952509
  0.14323922  0.17324154  0.04140304  0.01082473  0.01553864 -0.0563385
 -0.01701942  0.07068034 -0.03909305 -0.14818178  0.01499893 -0.11381121
 -0.1065556   0.01404966 -0.14024936 -0.07561667  0.07223672  0.06231411
  0.04538665  0.18138359  0.16756986 -0.09873392 -0.00934111  0.14369473
  0.09137278  0.26291072 -0.11736682 -0.07524832 -0.0651046  -0.00760967
 -0.08503899 -0.01240728 -0.02439828  0.08975412  0.04236168  0.01107051
 -0.05815925 -0.16095375 -0.23111157 -0.02094427  0.05740457 -0.01409806
  0.00866124  0.09909298 -0.09386235 -0.00909959  0.01003837 -0.07189275
 -0.14522968 -0.01898343  0.07343131 -0.10092114  0.08523908  0.2160365
  0.05957218  0.08434933  0.01283667 -0.14210285  0.04161572 -0.11598417
 -0.00694264 -0.06662265  0.09758385  0.0336173  -0.04107609 -0.05103726
 -0.00970614 -0.13265233 -0.04818678 -0.02128891 -0.22135489 -0.07773977
 -0.00403054  0.0935281  -0.05508437 -0.05488349  0.07732455  0.02369867
  0.03119125 -0.10222932  0.04720038 -0.06666034  0.05000773 -0.01771642
 -0.03130203  0.02382624  0.06576442  0.07718651  0.0158379  -0.06515303
  0.02520924 -0.10749626 -0.16535591  0.14935757 -0.00797795 -0.04056395
  0.08600827 -0.03242993 -0.07984684  0.00055699 -0.05317943 -0.12795465
  0.02483493 -0.01135229 -0.07253724 -0.10784758  0.07937813 -0.02526852
 -0.01562325 -0.07128256  0.02262131  0.15259564  0.01565526  0.04377457
 -0.02593045  0.00856244]