[-0.09628491  0.13213618  0.05511906 -0.14222218 -0.02947167 -0.06579176
  0.05751483 -0.04085148  0.07551791 -0.03122304  0.03221078 -0.09146913
  0.0789094   0.07734898  0.06724972  0.0059231  -0.05878762 -0.07578808
 -0.06899437 -0.07792077  0.06556205 -0.00307114 -0.02997134 -0.11951742
 -0.01830394  0.09246473 -0.05233005 -0.04484279  0.15860699  0.04400725
  0.0654209   0.01167391  0.12542784 -0.01962958  0.09442473 -0.032796
  0.13486965  0.28578061  0.10020123 -0.04502979  0.02416976 -0.0100745
  0.01103548  0.02737331  0.01019584  0.11182672  0.01448486 -0.05254382
 -0.14866681 -0.24647059 -0.27494422 -0.03635911  0.07729595  0.02465472
 -0.04171176  0.07158705 -0.05692789  0.09348172 -0.179176   -0.06690603
 -0.08471396 -0.08404336  0.09124748  0.02586302  0.09283777  0.19988197
 -0.00209161  0.09102497  0.02322417 -0.1674848   0.03562998 -0.14998853
 -0.06780038 -0.11411024  0.16150446  0.02494315 -0.11144254 -0.08024148
  0.03456364 -0.01708558 -0.05900051  0.02472309 -0.03130919  0.03422124
 -0.04247146 -0.02392423  0.04637393 -0.00256135 -0.02963533  0.01124502
  0.08481572 -0.1369171   0.03112481 -0.00249844 -0.02674119 -0.05484959
 -0.06006558  0.05398951  0.05825628  0.05438615 -0.05297187 -0.07041491
 -0.03505626  0.03885373 -0.08222232  0.05262122  0.03777177  0.08943363
  0.10481752 -0.17446746  0.02053344 -0.04991947 -0.18306541  0.01621087
  0.08199845  0.06166242 -0.22162232 -0.05149385  0.01743675 -0.01155195
  0.02357701  0.01103392 -0.09306556  0.08661147  0.03947525  0.03236799
 -0.04575857 -0.03329553]