[-0.02808963  0.19441409 -0.00284061 -0.04273352 -0.10618573 -0.04741137
  0.10110959 -0.04552775 -0.04647361  0.03548391  0.04889431 -0.13003293
  0.1016601   0.11402473  0.05030645 -0.05279774 -0.05386328 -0.05445339
 -0.01911802 -0.02528351  0.01083341 -0.07678936 -0.08260163 -0.12145552
 -0.03580045  0.06125297 -0.1514606  -0.03229737  0.13899495  0.10104486
 -0.07559313  0.15427364  0.03993167 -0.03095187  0.04666414 -0.02723582
  0.09568795  0.2380666   0.05673328 -0.07659589 -0.01651232 -0.06799021
  0.01077951  0.00083113 -0.01807971  0.17424174  0.08873542 -0.04204242
 -0.21940629 -0.21050699 -0.15174189  0.08245172  0.05002911  0.06080689
  0.02240249  0.04023156 -0.03056369  0.01595922 -0.01474421 -0.11520021
 -0.03208437 -0.01876422  0.04923756  0.01770078  0.01788871  0.24659167
  0.07229761  0.02594004  0.03785127 -0.14667781  0.01168182 -0.14014147
  0.00405063  0.00267724  0.1455313  -0.02396145 -0.09150025 -0.101894
  0.04326422 -0.02257244 -0.01587474  0.01364233 -0.11383585 -0.08330697
  0.00708658  0.05082159 -0.02181396 -0.09335995  0.03759162  0.06250361
  0.08703467 -0.11222205  0.02960716 -0.07479799 -0.09114812 -0.08443747
  0.02737001  0.06151156  0.12713975 -0.0028165  -0.01569527  0.05622352
  0.08830997  0.05128049 -0.1662973   0.08810797  0.01293358  0.19085422
  0.09583816 -0.1173809   0.06246886 -0.01111452 -0.20681262 -0.09354601
  0.03689726 -0.01277329 -0.12038993 -0.13396755  0.09034161 -0.08940803
  0.01070637 -0.03350451  0.0061737   0.10075114  0.06060983 -0.00068107
  0.03647744 -0.03009338]