[-0.06124768  0.13765465  0.02720769 -0.09800807  0.04848549 -0.08509753
  0.06234511 -0.01266962 -0.0389501   0.052712   -0.01695653 -0.07089793
  0.05861756  0.08826973  0.16365853 -0.03089631  0.00450428 -0.10564609
  0.01959646  0.03068407 -0.07565567  0.02125369 -0.10373332 -0.10278534
  0.01244513  0.06095951 -0.07232729  0.06027389  0.11210019  0.05869482
 -0.05570278  0.06458222  0.1127186   0.01689447  0.05874529  0.02732568
  0.19767383  0.06224092  0.03301188 -0.14152415  0.10623422 -0.08839447
  0.18124126 -0.01039255 -0.04406161  0.24556506  0.09495169  0.03379084
 -0.14300714 -0.1567983  -0.18516682 -0.03942781  0.04518401  0.02268693
  0.1059204   0.04536968 -0.16573608 -0.03363186 -0.07982833 -0.03236742
 -0.06006625 -0.03510803 -0.0368778   0.03146975  0.01625648  0.25748345
 -0.03460606  0.03539876  0.02801881 -0.21759005  0.00365448 -0.10834839
 -0.03327489 -0.07949997  0.20097221  0.09294838 -0.02509578  0.00788482
  0.0956626  -0.06952946  0.04505951  0.04497274 -0.05195745  0.06040687
  0.05961771  0.04894268 -0.0138948   0.03255498  0.03607405  0.16162173
  0.10841357 -0.05479992 -0.03336336 -0.00969268 -0.11755603 -0.03100041
 -0.01762138  0.02898689  0.09050186 -0.08781578 -0.03738371 -0.01591139
  0.09859132 -0.07124219 -0.20301241  0.11710811 -0.02679888  0.12301271
  0.0383484  -0.0305888   0.09644278 -0.06730472 -0.15970932 -0.04300443
 -0.00843978 -0.07287706 -0.10483517 -0.0991778  -0.03010311 -0.03411224
  0.08056673  0.00448856  0.01217498  0.13397458 -0.00532332  0.00402507
  0.03937499 -0.07013426]