[-5.46464361e-02  4.20876034e-02 -1.35337943e-02 -4.84079076e-03
 -5.55319786e-02 -1.03327312e-01  1.08607270e-01  2.74150018e-02
  1.20898806e-01  5.32682799e-02  7.48512596e-02 -1.06344938e-01
  1.00282662e-01  8.49696174e-02  4.37020659e-02 -1.74350422e-02
  1.35085243e-03  7.74362078e-03 -3.78579088e-02  2.66233105e-02
  8.00026655e-02 -1.37095913e-01 -6.35535270e-02 -1.20032951e-01
 -3.13291103e-02  4.85991463e-02 -1.72436893e-01 -9.35730189e-02
  1.16950877e-01  6.58983439e-02  2.65485700e-02  1.11386120e-01
  1.37469545e-01 -6.22789226e-02  9.85271633e-02 -7.80537724e-03
  9.42087024e-02  2.95550048e-01 -2.18028988e-04 -1.97738364e-01
 -1.78875905e-02  6.20062975e-03 -4.54891920e-02  2.56334823e-02
 -5.91600919e-03  1.52187739e-02 -2.20329147e-02 -3.07515860e-02
 -6.11191280e-02 -2.47904077e-01 -2.51041889e-01 -1.96635108e-02
  8.17938149e-02  5.42393746e-03  1.76648553e-02  4.86434661e-02
 -8.62338468e-02 -3.79546955e-02 -8.16547424e-02 -1.25739500e-01
 -6.06694855e-02 -1.21694416e-01  4.52144966e-02  2.09244415e-02
  6.76100031e-02  2.31042340e-01  1.89706311e-02  5.00248931e-02
  4.99248840e-02 -2.08644256e-01  4.04996760e-02 -1.45635724e-01
 -6.34644087e-03 -1.23555951e-01  2.81219259e-02 -2.43642051e-02
 -5.94506152e-02 -6.86710179e-02  5.06951027e-02 -5.74987531e-02
 -8.82806256e-02  1.22991847e-02 -1.31976023e-01 -6.62532747e-02
  7.00752139e-02 -1.32614849e-02 -7.27230858e-04  3.41785476e-02
  1.10270604e-01  8.32405407e-03  7.21675828e-02 -7.42592216e-02
  4.68339678e-03 -4.97107096e-02 -4.02506627e-02 -8.09078068e-02
 -2.35690791e-02  1.09299393e-02  2.85569467e-02  4.10867482e-02
  4.57628295e-02 -4.14233394e-02  4.75806855e-02 -1.05042525e-01
 -9.09232423e-02  8.54622200e-02  1.07172109e-01  7.77375512e-03
  1.79270193e-01 -7.76464492e-02 -4.41422649e-02 -4.04880047e-02
 -1.69302851e-01 -7.59101659e-02  1.18808448e-01 -1.72700454e-03
 -1.25461668e-01 -1.11399114e-01  2.51015332e-02 -9.42270905e-02
 -4.58799899e-02  3.97166610e-03 -2.08469927e-02  1.23848535e-01
  6.98435456e-02  1.30101172e-02  6.67177960e-02 -1.42514305e-02]