[ 4.06741388e-02  3.07630718e-01  4.36118282e-02  5.30477948e-02
 -5.59478290e-02  1.44039690e-01 -6.60506263e-02 -4.32589650e-02
  1.02322474e-01  5.50597347e-02  1.76972255e-01 -7.11507574e-02
 -7.56691769e-02 -9.98411030e-02  1.97623242e-02 -5.59700690e-02
 -1.66805983e-02  9.64730456e-02 -9.23218206e-02 -8.95157233e-02
 -9.62010119e-03  1.25863820e-01 -3.56722474e-02  3.47175524e-02
  6.16472885e-02 -1.85354963e-01  6.70027211e-02  9.61013958e-02
  3.29758599e-02  5.82760423e-02 -7.62147550e-03 -1.34688184e-01
 -3.56823206e-02  5.52560650e-02  1.25257494e-02  9.58476309e-03
  4.46499512e-02 -1.12215340e-01 -1.48816807e-02  1.66643292e-01
 -5.94988465e-02 -2.88172476e-02 -5.13999835e-02  2.84231100e-02
 -8.68837535e-03 -6.50715679e-02  3.18680294e-02  2.44971109e-03
 -3.43685597e-02  1.13603294e-01  1.93032384e-01  2.25939617e-01
 -2.01498672e-01  1.84349176e-02 -9.36395973e-02  8.99639633e-03
 -5.16648442e-02 -1.28975883e-01  1.27712954e-02 -3.25328261e-02
 -4.81764637e-02 -1.03935577e-01  3.06470115e-02 -1.10928893e-01
 -5.07415645e-02 -1.38348982e-01  1.31575137e-01 -3.19151394e-02
 -3.39693464e-02  2.60318130e-01  7.12934062e-02  7.51561075e-02
  5.66446483e-02  1.83877703e-02 -1.92044135e-02 -9.47340205e-02
 -3.65856327e-02  1.02402054e-01 -1.18243895e-01 -2.92011797e-02
  3.28531563e-02  1.22213110e-01  3.86661179e-02  3.63478027e-02
  5.87110817e-02  6.89559951e-02 -6.97874278e-02 -1.09137297e-01
  3.35725248e-02  1.02080226e-01 -8.27918053e-02 -1.51305243e-01
 -5.84131815e-02 -1.39536755e-02  7.38180615e-03 -1.53198078e-01
 -5.34902997e-02 -9.42817032e-02  6.49734866e-03  1.59446411e-02
 -3.30636799e-02  1.05362527e-01  2.91939061e-02  4.38188482e-03
  4.25028009e-03  2.10096817e-02  3.31070907e-02 -1.17463218e-02
 -4.46971916e-02  5.31982146e-02  4.11205962e-02  1.55994156e-02
  1.54164238e-02  1.08262151e-01 -2.47140285e-02 -9.98061895e-02
 -1.17224297e-02 -3.02507891e-04  5.20528145e-02 -5.53462058e-02
  4.79594953e-02  5.28208129e-02  3.72093767e-02  1.00536399e-01
  2.02512816e-01 -7.40313530e-02  1.55559823e-01  2.29886062e-02]