[ 0.09498139  0.306997    0.0442236   0.06146555 -0.03003528  0.1745154
 -0.06194014 -0.00918719  0.00093349  0.068038    0.15021166 -0.11235198
 -0.05333081 -0.12332179  0.07676943 -0.00198761 -0.00740478  0.03704578
 -0.06529556 -0.06289666  0.00442087  0.11037567 -0.01921499 -0.0113249
  0.1036761  -0.20289551  0.04960367  0.09491596  0.05294996  0.05750379
 -0.00958322 -0.12046317 -0.05988596  0.06165289  0.02133968  0.00612174
  0.04572068 -0.16493441  0.01526823  0.07825877 -0.06734727 -0.09202988
  0.00635709  0.02318153 -0.00935134  0.00578509  0.05204424  0.04013152
 -0.09529496  0.1307191   0.19881733  0.21879017 -0.1829849   0.00579731
 -0.0788639  -0.03292015 -0.06241946 -0.16615202  0.04761543 -0.04356064
 -0.04280082 -0.0850783   0.00530437 -0.12440878 -0.04067892 -0.08858249
  0.08461252 -0.02334482 -0.05448922  0.20285304  0.04619401  0.10012315
  0.02266378 -0.03469319 -0.01771293 -0.07972698  0.0140594   0.10358603
 -0.07670426  0.05883693  0.09228212  0.02178272  0.03257876  0.04143202
  0.07402109  0.07431346 -0.11599811 -0.0945823   0.0498752   0.15894488
 -0.05080901 -0.11067633 -0.13855086  0.04733878 -0.06203004 -0.12265366
 -0.00595357 -0.05005442 -0.0095076  -0.02577771  0.00267768  0.12358385
  0.03282931 -0.02492963 -0.03553031  0.04294097  0.03724451  0.04868339
  0.00621052  0.04942496  0.04318504  0.01838908  0.00267884  0.08755739
  0.00662769 -0.10250603 -0.01980004  0.0540202   0.02090325 -0.01791113
  0.0277028   0.01685357  0.09085682  0.10562384  0.22613862 -0.07339332
  0.2190562  -0.00280298]