[ 0.06385708  0.31095347  0.00971654  0.09004053 -0.03195732  0.18354987
 -0.045628   -0.06889468  0.00559544  0.03261882  0.13323253 -0.03008856
 -0.06210427 -0.10119051  0.01035546 -0.04501363 -0.00701886  0.06672467
 -0.04158903 -0.04276543 -0.01460716  0.09773681 -0.0143057   0.01552796
  0.0647618  -0.20069562  0.03488796  0.07459828 -0.0058687   0.10898758
 -0.0441869  -0.11084548 -0.03370069  0.063318    0.01473967  0.01062009
  0.06655032 -0.16204017 -0.0312609   0.11396058 -0.0564014  -0.05082127
  0.04342753  0.01230437 -0.0542671  -0.02158079  0.11011697 -0.01111988
 -0.07741258  0.17316514  0.22949289  0.16890781 -0.18481633  0.0417962
 -0.02089991  0.00869094 -0.05759006 -0.12200552  0.04607717 -0.02507159
 -0.04804198 -0.05832401  0.03620799 -0.19264269  0.01832043 -0.13037473
  0.09276043 -0.08063708 -0.10624205  0.23937355  0.0572583   0.09646203
  0.04449834  0.02288675 -0.01863312 -0.03224317  0.02052147  0.0864631
 -0.09743613 -0.01150706  0.04140178  0.05648816  0.03198621  0.05402218
  0.0449466   0.07700267 -0.10930783 -0.12624227  0.03135851  0.14909649
 -0.08403493 -0.16296853 -0.08016407 -0.00719763 -0.01835364 -0.12836102
 -0.00338145 -0.02925481  0.00564221  0.01213766 -0.03453051  0.14918517
  0.04448105  0.00338344 -0.04253729  0.04771139  0.02711476  0.04200749
 -0.09399889  0.08031435  0.02956242 -0.01852417  0.03729708  0.07736701
 -0.05226919 -0.10146739  0.03677422  0.03059084  0.03483606  0.00166308
  0.03793098  0.01917046  0.07311519  0.07036709  0.20524088 -0.04491838
  0.18968138  0.00512779]