[ 0.03365123  0.33348581  0.12195815  0.01001993 -0.05753784  0.0642377
 -0.04074299 -0.06307902  0.05580871 -0.04884516  0.099753   -0.11435594
 -0.07059718  0.01514615  0.03004682 -0.08644433  0.00478827  0.06045107
 -0.05815999 -0.08822788  0.04765502  0.16544187 -0.05499299 -0.01608392
  0.05530463 -0.20894985  0.01558082  0.16905935  0.09468186  0.13912821
 -0.05258629 -0.18381366  0.04115974  0.01373403  0.10085958 -0.01389626
  0.09087542 -0.07084169 -0.03427808  0.06515905 -0.09938217  0.02094622
  0.04284673  0.01505966  0.00455322  0.09590691  0.04989745 -0.03289839
 -0.0970968   0.06665464  0.09115596  0.24298711 -0.10302873  0.05093959
 -0.03757814  0.00841818 -0.0490814  -0.12162007 -0.02534631 -0.06174254
 -0.01296753 -0.044698   -0.00163084 -0.04626383 -0.03615996 -0.0813082
  0.09443017 -0.0699599  -0.07425492  0.19211549  0.11867269 -0.04909203
  0.03943248 -0.06698947  0.02183538  0.00355936 -0.03458616  0.02378226
 -0.04380807 -0.04055277  0.0584625   0.10255841  0.01291433  0.07374845
  0.10887107  0.05064552 -0.14652005 -0.11840204 -0.00254517  0.19619995
 -0.02429668 -0.16557735 -0.06052473 -0.01229273 -0.01961981 -0.15636396
 -0.02866717 -0.00337595  0.03438614  0.00985755  0.00297899  0.1799134
  0.06766053 -0.03841149 -0.10117076  0.0541601   0.06629028  0.02363735
  0.00976769  0.00326841  0.09686618 -0.10351846 -0.07297813  0.09186064
 -0.04360145 -0.03585053 -0.00327661  0.00336843  0.02070204 -0.04174005
  0.00663161  0.02745649 -0.00362183  0.05318313  0.20663953 -0.03232646
  0.22067842 -0.01018308]