[ 5.82920946e-02  2.34837368e-01 -3.98604907e-02 -1.11216269e-01
  2.71659601e-03  6.76654577e-02 -8.81284252e-02 -1.14915296e-01
  6.85009221e-03  4.18506935e-02  1.87739238e-01 -4.36398797e-02
 -2.24099252e-02  3.69467884e-02  2.42710416e-03  8.36133435e-02
 -2.44982000e-02 -9.23295319e-03 -3.24832611e-02 -4.61929813e-02
  1.32142855e-02  2.31675386e-01 -1.19161531e-02 -1.15992837e-02
 -3.54685658e-03  2.57734228e-02  2.00352162e-01  1.26515090e-01
  1.71089947e-01  1.28544271e-01 -9.96342674e-02 -9.29300860e-02
  1.48547841e-02 -1.95102300e-03  4.32973355e-03  4.37477604e-02
  4.42642309e-02 -2.25298945e-02  1.41079411e-01  2.02785015e-01
 -1.37253642e-01 -1.93475820e-02 -3.35600786e-02  1.89307537e-02
  1.17882565e-02  1.09542064e-01  4.17571329e-02  3.07752639e-02
 -8.23906809e-02  3.47009636e-02  8.43490437e-02  2.86700964e-01
 -1.68680608e-01  5.90380616e-02 -5.84089532e-02 -1.48498742e-02
  1.91539377e-02  1.25568528e-02 -1.39670193e-01  9.05273855e-02
 -6.98931515e-02 -1.15155809e-01  1.79923937e-01  1.08868582e-02
 -6.66433647e-02 -1.24212928e-01  1.03905099e-02  9.23455954e-02
  3.04813907e-02  1.73363790e-01  6.06304891e-02  1.66441016e-02
 -3.62486839e-02 -2.35656872e-02  1.11074761e-01 -3.63670848e-02
 -2.10333075e-02  8.79852995e-02 -1.04028277e-01  3.25486617e-05
  1.90893248e-01  1.03581451e-01  6.36973083e-02  7.08508566e-02
 -3.80267464e-02  5.25085144e-02 -5.91177233e-02 -6.88398704e-02
 -1.75231043e-02  1.17369898e-01 -1.10088466e-02 -1.29746065e-01
 -1.26375809e-01  1.66927651e-01  3.18995006e-02 -1.09665662e-01
 -6.71072304e-02 -3.39136831e-02  1.04916982e-01 -3.54211405e-02
 -1.19853113e-03  6.96055591e-02 -4.41284552e-02  5.08294068e-02
 -3.03288866e-02  6.09060489e-02 -8.58452171e-03  2.16654297e-02
  4.35247719e-02 -7.22518340e-02  8.58807713e-02  2.86705680e-02
 -2.07606656e-03  1.69305041e-01  8.45182501e-03  2.27972660e-02
 -5.00011481e-02  3.43934037e-02  9.52831819e-04  2.85989679e-02
  6.18582107e-02 -3.21525894e-02  7.48942420e-02  2.22293250e-02
  5.11819720e-02  4.79014069e-02  9.88024920e-02  1.63828693e-02]