[ 0.03269249  0.14742337 -0.07083848 -0.06022836  0.02791851  0.00570705
 -0.04927857 -0.1436228   0.06484149  0.04296416  0.15411991  0.00989023
 -0.01959874  0.12004507 -0.03599195  0.12101643  0.03601102  0.03241889
  0.0215786  -0.04991416  0.05435589  0.2291351  -0.03977273  0.02288137
 -0.02362612  0.03336947  0.19567005  0.10377906  0.14473148  0.22107546
 -0.13298376 -0.05346911  0.07873689 -0.02212659  0.03454749  0.07990512
  0.06549338 -0.05298956  0.04663671  0.14575604 -0.16389951  0.04586224
  0.02438132  0.04072456  0.02106875  0.12901652  0.05251101 -0.00214999
  0.01680693 -0.02244037  0.11800868  0.21773322 -0.13571912  0.03994705
  0.04506883  0.05397775  0.01079004 -0.00069577 -0.10291397  0.14119563
 -0.03716117 -0.17306906  0.13265933 -0.00296299  0.02331305 -0.20180142
 -0.03102488  0.03798745  0.04732655  0.20211451  0.06105899  0.00452177
 -0.04537219 -0.11243819  0.02813749  0.03314871  0.03531928  0.15223445
 -0.14475693 -0.11238324  0.20381433  0.13781771  0.02112667  0.08113311
 -0.02074576  0.00595081 -0.05760951 -0.05928696 -0.04163944  0.13571882
 -0.06373896 -0.08327607 -0.15587987  0.10870641  0.0758092  -0.01991248
 -0.06206047 -0.02045198  0.16012309  0.01707528  0.04761229  0.08141744
 -0.0028171  -0.01724064 -0.04597974  0.00724702 -0.01861691 -0.08707126
  0.00393835 -0.02458894  0.01882921 -0.05418883  0.01100105  0.09119562
  0.01554165  0.05943287  0.05229948 -0.01296996 -0.08200722  0.03415859
  0.04162262 -0.00938135  0.08695641  0.00638299  0.01543007  0.09734901
  0.08848284  0.02830955]