[ 0.02039153  0.20374432 -0.01186461 -0.15094773  0.04960807  0.07453925
 -0.09344836 -0.06847893 -0.02965207  0.00684595  0.08691701 -0.06592344
 -0.05648017  0.09637026  0.02086094  0.09304576  0.03007632  0.03091775
  0.03218483 -0.09505949  0.0324      0.25753474 -0.0036549  -0.05859624
 -0.02006102 -0.00835033  0.19222425  0.16407873  0.15643181  0.10217553
 -0.11463479 -0.15276258  0.05169825 -0.00956291  0.07626574  0.07239595
  0.09810802 -0.1122025   0.07536301  0.12503053 -0.13278779  0.0496921
  0.10058122  0.01927761  0.00520615  0.15578203  0.08484842  0.01699208
 -0.10326115  0.04466508  0.03953864  0.16866438 -0.14162913  0.07332505
 -0.02408279  0.03447552  0.03761198 -0.00212828 -0.11469887  0.07751929
 -0.0257654  -0.03341114  0.1262964  -0.02613843  0.01842958 -0.10320599
 -0.05474813  0.03563469  0.01321445  0.2243291   0.0587633  -0.00344195
 -0.02471821 -0.09179261  0.06304142  0.02911436  0.00692113  0.11782274
 -0.08646136 -0.18290055  0.18739031  0.15620981  0.03379527  0.10967058
 -0.0318405   0.05180148 -0.11187037 -0.03055228 -0.02301801  0.19801068
  0.04229361 -0.08957157 -0.16662478  0.09564818  0.11896273 -0.01662309
 -0.05234176  0.08342268  0.04519269  0.02874    -0.00703509  0.06543444
 -0.00928142 -0.04823847 -0.054662    0.06825755 -0.01692511 -0.06714999
 -0.02678022 -0.05144826  0.07179507 -0.06475253  0.06177265  0.12274657
  0.01871724  0.01407945  0.03953936  0.01331578 -0.03580881  0.01227773
  0.06804011 -0.05231974  0.12509403 -0.01901358  0.02025704  0.0439319
  0.10380526 -0.00275118]