[ 9.65217128e-02  1.01881534e-01 -5.73826320e-02 -7.09421858e-02
  1.40725866e-01  1.75333664e-01 -1.73469633e-02 -2.61594504e-02
 -1.37364119e-01  3.28316428e-02  8.14412236e-02  9.40723196e-02
  2.17405725e-02 -5.28886449e-03  1.26693631e-02  3.38135324e-02
 -5.32758273e-02  7.65712410e-02 -3.28740701e-02  5.83312847e-02
  3.83140184e-02  1.82458535e-01  1.04896575e-01 -5.02374023e-02
 -2.92158760e-02 -5.68321161e-02  6.85785115e-02  4.77054864e-02
  2.47253291e-02  1.19483560e-01 -1.48182943e-01 -6.49645776e-02
 -3.17884497e-02  6.74424991e-02  6.57774648e-03  2.74814386e-03
  3.09003098e-03 -8.16304162e-02  2.77314018e-02  1.09246910e-01
 -5.43299653e-02  4.01161574e-02  7.57075250e-02  4.54878472e-02
 -2.11390302e-01 -6.51362091e-02  1.10031165e-01  1.91747658e-02
 -3.18188369e-02  2.54732221e-01  1.79830670e-01  5.56376204e-02
 -2.50220180e-01  1.17092572e-01  5.92099428e-02 -4.96398099e-02
  3.27700488e-02  3.00255343e-02 -7.29657337e-02  5.06743342e-02
 -6.64384514e-02 -3.97649966e-02  1.61140442e-01 -9.16123167e-02
  3.95312086e-02 -1.63231522e-01 -4.47476171e-02  4.52642106e-02
 -5.55651858e-02  2.21425161e-01  7.89161399e-02  1.75964579e-01
  5.73532730e-02  6.86261654e-02 -4.16963063e-02  7.59955874e-05
  1.82092637e-02 -6.76085381e-03 -4.33372185e-02 -6.31415471e-02
  1.57153875e-01  6.31843656e-02  9.74761695e-02  9.62345377e-02
 -3.76797542e-02 -2.88459612e-03 -1.87868867e-02  2.40606070e-02
  9.30014625e-02  1.42576009e-01  1.71052180e-02 -1.29606560e-01
 -1.74879760e-01  6.42146543e-02  3.15728714e-03 -1.23076417e-01
 -5.78043461e-02  9.47368592e-02 -3.19785923e-02 -7.05259480e-03
 -9.11979657e-03  1.02156810e-01  3.91496643e-02  7.50424480e-03
 -5.67306131e-02  6.81556761e-02 -7.94094130e-02  2.45537087e-02
 -1.04017807e-02  1.08506884e-02  6.93116114e-02  4.92088608e-02
  5.45715578e-02  1.60314843e-01 -3.42319198e-02 -1.47704734e-02
  1.28650650e-01  6.35234714e-02 -3.20313536e-02  8.55367705e-02
  7.06505850e-02 -1.80904362e-02  1.36742190e-01 -1.72422603e-02
  6.27938146e-03 -1.91689993e-03  1.42603427e-01  4.80891690e-02]