[-3.51481810e-02  2.09523767e-01 -1.70560237e-02 -1.77499801e-01
  2.26946827e-03  5.29070348e-02 -1.02957569e-01 -3.04636694e-02
 -4.42966335e-02  7.71537051e-02  8.17821249e-02 -4.22016382e-02
  3.67063470e-03  1.06904037e-01  3.93560752e-02  4.31891270e-02
  6.65219175e-03  9.74958241e-02  2.63585299e-02 -6.37125447e-02
  1.54903496e-03  2.44112000e-01  8.92231800e-03  1.52719021e-02
 -6.94047809e-02 -8.23485752e-05  2.08303973e-01  1.28322884e-01
  1.08315714e-01  1.21069595e-01 -1.54041961e-01 -1.85270190e-01
  1.09678321e-01 -3.74871306e-03  7.31265321e-02  5.19422702e-02
  1.06022507e-01 -5.74076697e-02 -1.24886865e-02  1.43189639e-01
 -1.37772128e-01  4.41951044e-02  1.02500528e-01  9.37801003e-02
 -6.45214319e-02  1.01077780e-01  1.37144625e-01  1.12679219e-02
 -1.17005363e-01  7.32580572e-02  1.04467563e-01  7.01194182e-02
 -1.58021301e-01  9.07046795e-02  2.45934501e-02  8.34318623e-02
  1.46377115e-02  5.44932997e-03 -3.33821997e-02  1.77534402e-03
 -5.38849793e-02 -5.91940135e-02  1.04639418e-01  4.96027758e-04
  1.43077793e-02 -1.17046520e-01 -4.50685807e-02  1.29196122e-02
 -3.85833438e-03  1.86616093e-01  7.52555057e-02 -3.73293012e-02
  1.27586238e-02 -9.83457640e-02  8.61111358e-02  3.53818275e-02
 -6.04268387e-02  1.16497748e-01 -3.83255295e-02 -2.09727183e-01
  1.60302848e-01  1.51906669e-01  1.70661565e-02  9.23977792e-02
 -4.42480743e-02  4.84632663e-02 -7.77398199e-02 -5.06798662e-02
  3.70753892e-02  2.03122228e-01 -3.20425481e-02 -1.25101894e-01
 -1.18675083e-01  6.98130112e-03  8.58012438e-02 -2.90760584e-02
 -8.25129598e-02  1.09821528e-01  4.62051332e-02 -1.03419437e-03
 -3.79733625e-03  1.04624726e-01  5.43983988e-02 -6.13382198e-02
 -8.94270614e-02  4.51553538e-02 -8.69022757e-02 -1.02645487e-01
 -5.69176823e-02 -6.41580597e-02  9.51455683e-02 -3.99006568e-02
  6.34439066e-02  8.36774260e-02 -5.62218167e-02  4.68070526e-03
  5.17649502e-02 -5.36591709e-02 -4.99913804e-02 -1.77921839e-02
  1.03514455e-01 -7.98097327e-02  8.05560946e-02 -2.32543182e-02
 -5.07977500e-04  4.16445397e-02  7.71884620e-02  2.01961715e-02]