[ 0.08255451  0.16797493  0.00557654  0.01441461 -0.00336374  0.04228221
  0.06435481 -0.16952623  0.01479921  0.03556826  0.19506983  0.00954263
 -0.04430091  0.12123098  0.05608588 -0.07490098  0.04842003  0.09627089
  0.0038091  -0.05631774 -0.05170093  0.17619364 -0.14676487 -0.05150403
  0.00090786 -0.00683777 -0.00125503  0.15903291  0.1112464   0.16638546
 -0.07853921  0.07785973 -0.01584165 -0.01176573  0.07245645  0.08475748
  0.01206923 -0.07945524  0.1004908   0.07209755 -0.05214231  0.03896179
 -0.03675691 -0.00766978 -0.02846655  0.06315065 -0.02521877  0.01614735
 -0.0411323  -0.0882124   0.03511548  0.26924056 -0.12348598  0.00878796
 -0.03908044  0.0489669  -0.15567642  0.05754235 -0.1665007   0.17783898
 -0.08987729 -0.07398053  0.14752068 -0.06093906  0.01312932  0.00353863
  0.06935338 -0.03646779 -0.08907862  0.16642843  0.11684225 -0.02486594
  0.0503976   0.03559626 -0.04316492 -0.06435433  0.03656458 -0.06720662
 -0.1025116  -0.14161241  0.10568699  0.11257161 -0.02651623 -0.03564947
  0.00124317 -0.03543869 -0.05471758 -0.14922428 -0.0169832   0.15903868
  0.05947519 -0.12240931 -0.04350651  0.08145491  0.06366532 -0.08798487
 -0.02396952 -0.1412072   0.10246655  0.05056842 -0.02501     0.14399298
  0.00603498 -0.03859653 -0.06043375  0.14568482  0.09565859 -0.03933388
  0.05674185  0.0009043   0.07463413 -0.07236785 -0.06111652  0.09542705
  0.03594824 -0.0816445   0.07947432 -0.02123776  0.10056281 -0.023418
  0.06368209 -0.09870649  0.05317383  0.05899321  0.15236114  0.03090271
  0.17527989 -0.04331184]