[ 0.06787729  0.27514496 -0.02744894  0.00669071 -0.00168153  0.0796739
 -0.05293329 -0.21742089  0.02657241  0.04686806  0.12352697 -0.02031628
 -0.05560924 -0.00614636 -0.02952784  0.03375991  0.04330187  0.09658612
 -0.06072831 -0.07599247 -0.04047021  0.15507437 -0.14931016  0.00195395
  0.03409782 -0.03864405  0.03855242  0.15510133  0.09149804  0.18064772
 -0.08404963  0.10602409 -0.04850638  0.01433622  0.03288348  0.01519548
  0.0481642  -0.16344494  0.17009231  0.06834602 -0.0736151  -0.07419211
  0.04406909 -0.08582036  0.12246309  0.11523174  0.04135977  0.05419308
 -0.15239744 -0.05988356  0.12123343  0.25537825 -0.03764596 -0.00792197
 -0.09221482  0.01771674 -0.07596338 -0.03125635 -0.10251287  0.09412822
  0.00230182  0.02147574  0.08890153 -0.04274756 -0.08813146  0.01915097
  0.02149765  0.02368185 -0.09484582  0.11794258  0.0417988  -0.05797626
 -0.03818849 -0.0344803   0.02127339  0.00137801  0.0468779  -0.01514591
 -0.11224288 -0.06981826  0.14068589  0.16452809 -0.02443249  0.00556853
 -0.00654199  0.0986582  -0.12572657 -0.15872476 -0.05313383  0.18693174
 -0.00326597 -0.12551807 -0.06498209  0.17120987 -0.00588517  0.0116021
 -0.04544507 -0.11024707  0.10572257 -0.02391165  0.06696305  0.06190138
 -0.05682148  0.0650411  -0.02589905  0.09342934  0.02391487  0.02800961
 -0.07665054  0.02174452  0.0837866  -0.04227322 -0.00732686  0.08365922
 -0.0150474  -0.09042796 -0.12515885  0.06505978  0.06742056 -0.04358523
  0.07743759 -0.04553298  0.07827275 -0.01242505  0.13017428  0.04993294
  0.06765693 -0.12685578]