[ 0.09717143  0.12943766 -0.20877899 -0.02472943  0.05751208  0.10278284
 -0.02597909 -0.17920616  0.0702737   0.03448032  0.18152529 -0.00812025
 -0.04936398  0.06334849  0.00355153 -0.02735116  0.06856421  0.06848198
  0.06116649 -0.0132922  -0.08319091  0.12008194 -0.04846034 -0.11810517
  0.00408999 -0.0293768   0.08003201  0.05749735  0.04238168  0.1140402
 -0.01416936  0.00615269  0.03177858 -0.09956916  0.08656028  0.11095591
  0.03229492 -0.10731809  0.138925    0.03213003 -0.07082629  0.03872961
 -0.08983166  0.00498563 -0.05724418  0.11324809 -0.04774375  0.06923447
 -0.04492368 -0.05656198 -0.08305135  0.21753976 -0.03041308 -0.03213939
 -0.13161738  0.01852916 -0.09347631  0.03726138 -0.20805769  0.17950277
 -0.1037624  -0.02380309  0.24438718 -0.11946427  0.02091742 -0.01573477
  0.01405477  0.10016719 -0.02211783  0.08700114  0.13140287 -0.01834566
 -0.02158892 -0.09696402 -0.04107714  0.00954639  0.00642895 -0.0484316
 -0.13339666 -0.1155922   0.04733345  0.09478186 -0.08264766  0.00444205
 -0.03831708  0.09247108 -0.09515345 -0.12200597 -0.02271496  0.08438081
  0.06986778 -0.11468337 -0.06844229  0.13977604  0.11501878 -0.11494665
 -0.04638352 -0.12652428  0.03847935  0.01853117  0.02371386  0.02798725
 -0.03590989 -0.11777763 -0.05084598  0.16291776  0.12188426 -0.05348382
 -0.03366705  0.08284401  0.07184367 -0.09690784  0.08579496  0.08443511
  0.00617808 -0.06017293 -0.07068697  0.03474437  0.10915978 -0.01875481
  0.02966193 -0.14558849  0.05354579  0.06752802  0.13059396  0.03713985
  0.08265311 -0.03416932]