[ 0.06773817  0.22105059 -0.05669348 -0.05908666 -0.02871851  0.08390053
  0.01063829 -0.16987137  0.05390734  0.02468329  0.12591845  0.01069975
 -0.03957225  0.04618543 -0.03141565 -0.10005637  0.01387438  0.06393375
 -0.02134758 -0.10523294 -0.06395715  0.19230917 -0.18873559 -0.04959724
 -0.02133843 -0.00676818  0.07923447  0.1607438   0.0450229   0.20064521
 -0.09623738  0.03014681 -0.02764496  0.00843707  0.06388961  0.03068468
  0.05691356 -0.15338121  0.12231491  0.08644254 -0.05922814 -0.05888642
  0.00949597  0.02246522  0.05186604  0.11164971 -0.00833014  0.05067891
 -0.09783691 -0.05832571  0.07141551  0.26018637 -0.0733957   0.01978334
 -0.05217933  0.04241509 -0.15087667  0.02094481 -0.16426419  0.11438739
 -0.00185252 -0.04559292  0.14456758 -0.03250591 -0.05768608 -0.06610659
  0.05741218  0.01533068 -0.06416105  0.13714422  0.07451583 -0.08990725
 -0.0191212  -0.04797194 -0.03651507  0.00770969  0.02635456 -0.03795434
 -0.09630999 -0.08415271  0.09186118  0.12086194 -0.00255839  0.02867003
 -0.01979083 -0.00149196 -0.05339806 -0.16486256  0.00029041  0.19220571
 -0.00314686 -0.17084599 -0.02714444  0.11221509 -0.00116628 -0.04568449
 -0.02000836 -0.16332011  0.11481037  0.01272261  0.04122501  0.15979563
 -0.04439554  0.00774183 -0.06044878  0.07397263  0.00289855  0.01392775
 -0.12781841  0.03899509  0.13089031 -0.11179682 -0.07739979  0.08635704
 -0.03296536 -0.06537026 -0.02077549 -0.00485179  0.10102677 -0.03064205
  0.09165329 -0.08612251  0.05896842  0.01686848  0.16201079 -0.01009787
  0.0962449  -0.08177932]