[ 0.04298467  0.21751228 -0.06373762 -0.03390552 -0.02440202  0.03632174
 -0.04841437 -0.20814018  0.08643374  0.00140218  0.15479399  0.01967723
 -0.07220127  0.02141298 -0.08147169 -0.0270228  -0.00162251  0.07050312
 -0.02392203 -0.05742509 -0.04081674  0.19846201 -0.17145661 -0.03120977
 -0.01980007  0.00597852  0.10887522  0.16786481  0.09306118  0.19929804
 -0.1056092   0.00802014  0.00364328 -0.02606441  0.04791322  0.04430129
  0.05046756 -0.15757264  0.14034769  0.11427513 -0.07564379 -0.04003087
  0.01079728 -0.00226214  0.08232244  0.08973448  0.01311564  0.03654394
 -0.06026673 -0.05131182  0.04937527  0.27513638 -0.06803405  0.02905048
 -0.06711704  0.02957035 -0.10149126 -0.01820303 -0.18624112  0.14146246
 -0.00576943 -0.04691822  0.1619433   0.01736204 -0.08207733 -0.08479264
  0.04868966 -0.02339159 -0.02885797  0.11864485  0.06272406 -0.09846581
 -0.01135154 -0.02654996  0.01173654 -0.00246824  0.02976101  0.00290463
 -0.13247871 -0.08655109  0.14180039  0.16437156 -0.00179095  0.05711899
 -0.00504005  0.07642124 -0.08854853 -0.1320287  -0.03803483  0.1595905
  0.00358838 -0.14671439 -0.05553739  0.1540807   0.0237581  -0.05872696
 -0.06836878 -0.14305052  0.12527855  0.00338398  0.03687969  0.09087612
 -0.047201    0.0020062  -0.00920409  0.09084909  0.06019413  0.00985849
 -0.10099062  0.0386274   0.08813456 -0.11238752 -0.03359877  0.1150163
 -0.05698929 -0.05392954 -0.0269099   0.03314526  0.07730846 -0.05053834
  0.06116826 -0.06446088  0.05147733 -0.01853061  0.11169528  0.03792372
  0.075892   -0.05707106]