[-8.05456415e-02 -6.96897656e-02  1.14132345e-01 -6.74236342e-02
 -3.37510556e-02  1.48847386e-01 -1.99720472e-01  7.83151239e-02
 -2.27855463e-02 -8.84589478e-02  5.91529347e-02 -4.41367626e-02
  3.59160267e-02  3.02862562e-02  1.70463160e-01  2.80555541e-04
 -7.58321732e-02 -5.36833666e-02  5.80556095e-02 -5.52834794e-02
  1.32037178e-01 -7.42352661e-03  9.18470919e-02  6.27320781e-02
  1.33818150e-01  4.86887433e-02  9.87391770e-02 -1.41862556e-01
 -6.89129680e-02 -1.12638488e-01  2.17082158e-01 -1.66357636e-01
  1.06142387e-01  7.52357692e-02  1.27506861e-02  1.61193341e-01
 -2.54218429e-02  2.24059622e-04  1.35859028e-02  9.17608850e-03
  6.37732372e-02 -5.93493953e-02 -2.63607800e-02  7.14086220e-02
 -2.82207951e-02 -1.06119037e-01  7.86248520e-02 -6.76389858e-02
 -1.03428558e-01 -6.49533272e-02 -8.87711793e-02 -1.56900004e-01
  7.14801252e-02  1.37963835e-02  1.42216822e-02  1.18402250e-01
 -4.02224138e-02  7.03415647e-02 -3.25499959e-02 -1.37457028e-01
 -1.04782298e-01 -2.33202912e-02  2.27720682e-02 -4.26341258e-02
  9.82532576e-02  9.79122967e-02  7.32675800e-03  1.00312881e-01
  3.29556279e-02  1.02032982e-01 -1.42801069e-02  1.60213802e-02
 -1.18247941e-01 -2.18361005e-01  1.33763134e-01 -3.58561911e-02
 -1.20138742e-01  1.83245782e-02  8.75759812e-04  1.44062281e-01
 -1.25396952e-01 -1.91227887e-02  7.78797045e-02 -2.31473632e-02
 -1.44892111e-01  3.53244208e-02  1.22734562e-01  4.17855754e-02
 -6.06655218e-02 -5.05967939e-04  4.45983037e-02 -6.37260824e-02
 -3.34623386e-04  5.16878963e-02 -7.18289614e-02  3.54572833e-02
 -1.22176953e-01  9.17815864e-02 -5.23185544e-02  1.28186541e-04
 -7.34572336e-02 -6.66002557e-02 -7.69567043e-02 -8.04997087e-02
  4.69658524e-02  9.62551385e-02 -6.45682812e-02 -7.91831762e-02
 -4.52116020e-02 -1.71793312e-01 -9.06514898e-02  3.15239504e-02
 -5.90299554e-02 -6.59129918e-02  1.38143972e-01  5.28351553e-02
 -1.04440413e-01 -1.03988647e-01  3.20347510e-02  1.19429283e-01
  1.34085268e-01 -6.51139542e-02 -5.62181026e-02  1.92269199e-02
  2.27439832e-02  5.88029809e-02  1.19850837e-01  1.47841737e-01]