[-0.05124137  0.12179262  0.20849462 -0.19360361  0.01134958  0.10910946
 -0.0975723   0.12143794 -0.02233308 -0.07296067 -0.02116568 -0.17114702
 -0.04101943  0.01552292  0.19089715 -0.03029144 -0.00717974  0.01902322
 -0.03911484 -0.12454781  0.07276852  0.16364756  0.12636946 -0.03508438
  0.01013409 -0.09929966  0.05093796  0.0305754   0.11422465 -0.14533536
  0.15179917 -0.2706061   0.07527586  0.03009458  0.14790888  0.05767002
  0.03365667  0.07299426 -0.0474196   0.03057416 -0.05584143  0.06798378
 -0.05748376  0.05409451 -0.03112798  0.10066543 -0.00297455  0.01403467
 -0.19819337  0.04293858 -0.1496225   0.02304637 -0.00940788 -0.02604312
 -0.14006506  0.0372043   0.02493191  0.05202454 -0.09192508 -0.08303441
 -0.09631734  0.0638385   0.0226311  -0.0350812   0.09384993 -0.01105987
 -0.02237568  0.06564976 -0.08079233  0.19497149  0.08074138 -0.05176897
 -0.04993806 -0.127322    0.03024363 -0.03919338 -0.12403199  0.00110711
  0.07485588 -0.05107705 -0.05690369  0.02335511 -0.00992279  0.03393165
 -0.00771609 -0.07195488 -0.04389974  0.01480732 -0.03899043  0.14399293
  0.14221656 -0.04744327 -0.04177265  0.00573148  0.1168671   0.00990148
 -0.05083369  0.1415755  -0.14486463  0.05481888 -0.0396162   0.02780006
 -0.09567187 -0.09944487 -0.02371241  0.04814994  0.01497564 -0.13780534
  0.14799349 -0.13438052  0.06446886  0.01938346 -0.01486707  0.07352154
  0.10954542  0.04822643 -0.06044867 -0.06398141  0.03853482  0.09120229
  0.06009801 -0.0459155  -0.05307216  0.04990087  0.07573987 -0.037096
  0.13322951 -0.02454309]