[-0.06398442 -0.00368368 -0.06019692 -0.04358941  0.05406778 -0.02565989
 -0.07767372 -0.05614577  0.02221913 -0.03891594  0.11034496 -0.01996162
  0.01983219  0.13267262  0.13435216  0.03233449  0.06766589 -0.05430994
  0.14338289  0.01334803  0.01528742  0.03613992  0.01583984 -0.14984989
  0.09373388  0.11037147  0.04064384 -0.05789128  0.06579184  0.03174259
  0.11012293 -0.03868522  0.21646255 -0.09490401  0.07326497  0.10460342
  0.11714047  0.0799386   0.1278782  -0.05343175  0.04406575  0.07590032
  0.04203825  0.03439431 -0.09487846  0.02881343  0.06132884 -0.11450849
 -0.02017216 -0.23449723 -0.24672796 -0.10477375  0.08480117  0.02225872
 -0.0617983   0.0835035  -0.09643111  0.05190316 -0.17303488  0.03404697
 -0.13966209 -0.11322142  0.09755937 -0.06178961  0.1351919   0.18707125
  0.0087893   0.05988359  0.07571908 -0.16250671  0.07867396 -0.04890742
 -0.03368196 -0.20466219  0.13185807  0.02971396 -0.09800402 -0.05675799
 -0.05739468 -0.02660621 -0.05298802  0.06990471 -0.01118265  0.05655169
  0.00488123  0.0614461   0.01279892  0.00712922 -0.06310706 -0.04600082
  0.05059696 -0.05848717 -0.05609849  0.0819828   0.04342224 -0.09446885
 -0.09139969  0.04115708 -0.02658052  0.03220403 -0.146745   -0.11574938
  0.03721546 -0.12990345 -0.09794913  0.18160042  0.13301045 -0.03954335
  0.05141316 -0.08343159 -0.04211536 -0.14164884 -0.04341779  0.00493385
  0.04427289 -0.04818805 -0.15690842 -0.07599919 -0.0148156  -0.03448341
  0.03875849 -0.04360479 -0.05472847  0.05260466  0.06114794  0.0587964
  0.05170471  0.0793842 ]