[-0.13024479  0.06555388  0.01319853 -0.03819976 -0.03834055  0.07085801
 -0.06951853 -0.0425488  -0.0774224   0.03323696  0.06286442 -0.0844245
 -0.03366005  0.09262607  0.11288992  0.00250524 -0.07987937  0.06463824
  0.17462611 -0.10756495  0.0276315  -0.06526842  0.10197429 -0.10582199
  0.12142978  0.03789376  0.05877784 -0.07654389  0.07340078 -0.02611113
  0.08316598 -0.12046594  0.15543649 -0.09439812  0.10697308  0.06040754
 -0.02813975  0.02642097  0.04571018 -0.05568847 -0.01929268 -0.03150097
  0.03295949  0.08428013 -0.12146413 -0.01230431  0.09924404 -0.0995565
 -0.15409146 -0.17222407 -0.14613481 -0.07083063  0.09823877 -0.00957222
 -0.06886454  0.14327143  0.04195394  0.09413223 -0.06705824 -0.0460802
 -0.11707126 -0.00790293  0.14903377 -0.04632209  0.21142736  0.24396905
 -0.07472717 -0.04840051 -0.05223484  0.04520842 -0.00802343 -0.01266542
 -0.04721044 -0.13540949  0.11222691 -0.04197535 -0.07535616 -0.0926576
 -0.02483033 -0.09163562 -0.1136546  -0.02540468 -0.02808721  0.00709922
 -0.0956698   0.02403834 -0.05580427 -0.02966343 -0.01581357  0.02440118
  0.06043277 -0.02255043 -0.02940008 -0.02683901  0.08545908 -0.02123897
 -0.0916778   0.20016675  0.01875257  0.07748017 -0.06739248 -0.04209253
  0.0361727  -0.15336752  0.00782951  0.16372707  0.1319322  -0.05294139
  0.06171157 -0.14826579 -0.03377121 -0.03717924  0.0733221  -0.08767848
  0.10527804 -0.00474236 -0.02628884 -0.00521805  0.13572405  0.02345439
  0.07646609 -0.21405526 -0.05631372 -0.06544451  0.02316192  0.13135816
  0.09765314  0.11130389]