[-6.65981472e-02  3.46196741e-02  6.13043457e-02 -5.40677197e-02
 -6.93326741e-02 -1.44485077e-02 -2.76069213e-02  4.97241691e-02
 -2.79518235e-02 -8.78816247e-02  2.99183223e-02 -6.29502535e-02
 -2.90867388e-02  1.11351416e-01  3.33374180e-02 -5.19122668e-02
 -4.09625620e-02  7.05818832e-02  1.17084742e-01 -8.63316804e-02
  9.72829163e-02  1.13591012e-02  7.89275393e-02 -7.04363063e-02
  3.62558663e-02  3.23217809e-02  1.18120342e-01 -5.06764352e-02
  6.14745393e-02  2.38375030e-02 -5.52384416e-03 -1.66713193e-01
  2.14533940e-01 -4.29344550e-02  1.22968964e-01 -3.49972956e-02
  5.27209565e-02  1.42762765e-01 -5.82356378e-02 -1.00316301e-01
 -3.84977125e-02  3.77242342e-02  8.42061266e-02  1.76460922e-01
 -1.47150502e-01 -2.04199571e-02  1.03917636e-01 -1.73286587e-01
 -1.38923690e-01 -9.12094042e-02 -1.18001208e-01 -9.04114619e-02
  7.82783851e-02  8.57081413e-02  3.01244911e-02  1.23696901e-01
  4.35426719e-02  6.33182451e-02 -3.34724523e-02 -1.45890996e-01
 -7.12859929e-02 -1.12183839e-01  1.18688680e-01 -2.78123794e-03
  1.79518551e-01  1.18738249e-01 -4.69002575e-02 -1.25433072e-01
 -2.82734148e-02  5.75865433e-02 -7.78249884e-03 -1.35188907e-01
 -9.63736139e-03 -1.42952666e-01  5.29115312e-02 -5.14694490e-02
 -6.24382049e-02 -6.43771216e-02 -1.19493715e-02 -1.22091599e-01
 -1.24743596e-01  1.19517352e-02 -2.24325154e-02 -1.73471179e-02
  1.04005570e-02 -5.46276048e-02 -4.10402827e-02 -8.59751645e-03
  2.99048778e-02  7.73187503e-02  6.94032758e-02 -1.03888027e-01
 -8.62297937e-02 -1.28816471e-01  1.18866146e-01 -1.92478541e-02
 -4.39851545e-02  2.44241521e-01  2.91928649e-02  7.54828453e-02
 -9.14293751e-02  5.24600372e-02  1.08351626e-01 -9.48475823e-02
 -5.99973015e-02  4.57720906e-02  9.22037810e-02 -4.52761501e-02
  5.34057468e-02 -2.15228975e-01 -2.57338723e-03 -6.06879853e-02
 -2.84207147e-02 -5.58475219e-02  9.96606499e-02 -7.72599524e-05
  7.74282590e-02 -1.45646051e-01  1.10712163e-01 -1.35842944e-02
  6.35743290e-02 -9.34085548e-02 -2.96609104e-02 -4.40584049e-02
  8.55122954e-02  2.02330332e-02  1.82684883e-01  8.71370882e-02]