[ 0.04154257  0.10497452  0.00622066 -0.02181905 -0.08430753 -0.00604319
 -0.00906648 -0.06030162  0.09028483 -0.10974646  0.15969056 -0.01632622
 -0.01365183  0.16995734 -0.03131368 -0.12982206  0.04726705  0.04604387
  0.05400757 -0.05937103  0.09285854  0.11154056 -0.06917845  0.03182456
  0.0232893   0.00319193  0.11646706  0.06567578  0.06770585  0.16250578
 -0.02037916 -0.20287617  0.14011824 -0.06376749  0.08458862  0.01544854
  0.02029095  0.11963879 -0.01600988  0.03144561 -0.10313264  0.1425239
 -0.04650791  0.14375615 -0.06451025 -0.01382793  0.00788028 -0.13121347
 -0.0241951  -0.10178301 -0.04307975  0.13854146 -0.00466257  0.06640264
  0.03430569  0.09313908 -0.0955793   0.12335107 -0.09341806 -0.06596974
 -0.08211926 -0.16080169  0.17812155 -0.01038853  0.02976429 -0.04818413
  0.09761848 -0.04927136 -0.00935647  0.09766826  0.15511209 -0.1240522
  0.02609049 -0.14534718  0.01499451 -0.01983085 -0.08018191 -0.05331268
 -0.05635799 -0.03202107 -0.06176194  0.09495667  0.0307271  -0.0282424
  0.04541019 -0.07854605 -0.00971543 -0.09254515  0.02413703  0.06153845
 -0.01193071 -0.20338809 -0.00932262 -0.0197982   0.08798137 -0.16753447
 -0.02512085 -0.01612953  0.06701186  0.03583051 -0.061018    0.18475965
  0.06711283 -0.05592257 -0.16371454  0.0851521   0.09130128 -0.09888937
  0.03583879 -0.14768404  0.09729306 -0.11212827 -0.10673616  0.08180249
  0.03888401  0.03686742  0.00467609 -0.1372879   0.04887583 -0.04846977
  0.00974719 -0.05804474 -0.07374679 -0.0073121   0.1515657   0.05289711
  0.19256093  0.06434204]