[ 0.07939362 -0.03305139  0.26713037  0.21384098  0.12383492  0.03015524
  0.0760376  -0.11523215  0.10222269 -0.1506509  -0.05344366  0.07763535
 -0.12401973  0.01980289  0.05832728  0.0006243   0.06292449  0.02069043
 -0.08840065 -0.02438585  0.05994048  0.07033314 -0.01097575  0.15106665
  0.1563434  -0.17002934 -0.10156683  0.05904557 -0.04040004  0.03369424
  0.06954195  0.07616015 -0.05280428  0.06789432  0.04364995 -0.04928866
  0.04681669 -0.03641014 -0.05235776 -0.0943321   0.1302526   0.0813543
  0.08588299 -0.22921677  0.01352138 -0.04198636 -0.06818237 -0.09885565
  0.09629848 -0.01275217  0.12555316 -0.03133314  0.11804114 -0.01980314
  0.11382272 -0.0104533  -0.04013264  0.02198727 -0.02496143  0.03291544
  0.01509705  0.03455563 -0.17228426 -0.13938481  0.10123633  0.10766737
  0.01237595 -0.07035294 -0.177898    0.13992773  0.02050054  0.10304172
  0.01511813 -0.00621339 -0.00892061  0.09001304  0.11245268 -0.04234505
 -0.03264818 -0.01352799  0.034539    0.09533592  0.07218342 -0.01595975
  0.15315115 -0.11450579 -0.01431719  0.07071288 -0.19970642  0.10133032
  0.02211091 -0.0197198   0.01746783  0.05622024 -0.06129872  0.05214312
  0.01334026 -0.07981987  0.08850046  0.06206158  0.05665523 -0.02940017
 -0.02134222  0.02011786 -0.00131479 -0.03413711  0.07470299 -0.10471911
 -0.00728885  0.00162358 -0.04347476  0.01374466  0.04034873  0.00618045
  0.08463759 -0.0308215  -0.08967914  0.13930732 -0.14019975  0.06148788
 -0.00223321  0.16331264 -0.05609845 -0.06398469  0.13392939  0.12932247
  0.09473542 -0.0802443 ]