[ 0.07727596  0.11694592  0.22666164  0.18500161  0.03689435  0.04969048
  0.00800161 -0.18379205  0.0757924  -0.10827512 -0.02401651  0.02950863
 -0.10137516 -0.01560025 -0.03597236  0.05328475  0.07458177  0.02313069
 -0.11981964 -0.04949358  0.07383162  0.09176364 -0.08071567  0.10648526
  0.09344759 -0.10816196 -0.11319175  0.09585772  0.031133    0.10211177
  0.00508937  0.11951412 -0.07202309  0.03228834  0.05067663 -0.06352433
  0.06235392 -0.02693945  0.03956632 -0.06184458  0.01729955  0.037618
  0.07034653 -0.27166715  0.13718534  0.0483536  -0.01656571 -0.07294291
 -0.03021939 -0.06200346  0.16494672  0.12088776  0.11767752  0.00234626
  0.05768672 -0.03256642  0.02061955 -0.0543205  -0.00500816 -0.01466416
  0.05998722  0.06530286 -0.13867591 -0.10169812  0.02567277  0.08255418
  0.03937944 -0.03054862 -0.1503948   0.12474704  0.03474175  0.01069851
 -0.00683195 -0.03486549  0.02738079  0.09910806  0.06387897 -0.0286559
 -0.0425821   0.01181523  0.08721317  0.13725412  0.05013201  0.00145631
  0.13887252 -0.03723982 -0.0765167  -0.00068165 -0.18507567  0.13215047
 -0.03433471 -0.03896279  0.01565349  0.13857472 -0.09792729  0.04473411
  0.05777273 -0.06706442  0.09570745  0.0291173   0.12366669  0.03505762
 -0.06784253  0.08856609 -0.0006816  -0.02858274  0.08524079 -0.04239937
 -0.02843935 -0.00034575 -0.02465102 -0.01890924  0.01182258  0.01437916
  0.06369559 -0.01486775 -0.21616627  0.14587821 -0.13795188 -0.01840339
 -0.02875471  0.12024714  0.00912777 -0.12420417  0.16995968  0.15518785
  0.08555434 -0.11902203]