[ 0.06604087  0.10894385  0.28094491  0.18246974  0.09863345  0.08803313
  0.07156895 -0.12732255  0.09116513 -0.14965425 -0.03161272  0.02180201
 -0.14997442 -0.03986171  0.06043098  0.01999501 -0.00412944 -0.01654327
 -0.13852823 -0.1043513   0.06245717  0.13256772 -0.06695265  0.06174579
  0.16751248 -0.16942041 -0.14177436  0.0999231   0.04128592  0.04502373
  0.08691961  0.06200939 -0.12709905  0.0403037   0.0514319  -0.0409077
  0.01484115 -0.10103338  0.00894392 -0.00704631  0.12748733  0.07124188
  0.06289919 -0.19535053  0.06067152  0.02574592 -0.04635859 -0.09913947
  0.02793468 -0.04154906  0.12212771  0.10007201  0.04269951 -0.03490267
  0.0369871  -0.03459871 -0.05377571  0.00987608 -0.04115151  0.0489288
  0.00080984  0.03803214 -0.13428675 -0.11108441  0.06123444  0.06225962
  0.05873575 -0.05765316 -0.1395157   0.18696137  0.07788613  0.14586815
  0.04844445  0.01870663  0.00699502  0.06979067  0.0358606  -0.04071472
 -0.0815969   0.01923156  0.09889688  0.12411068  0.10061398  0.03578956
  0.12228143 -0.06768546 -0.01524363  0.01655772 -0.22598784  0.0977371
  0.01802497 -0.03497743 -0.043482    0.05938927 -0.06801903  0.01434069
  0.03957201 -0.10407235  0.07097121  0.07474159  0.01151922  0.00387624
 -0.02431843  0.03919685 -0.04402837 -0.00548023  0.07920671 -0.00860621
  0.01608278  0.0136563   0.01458781 -0.01677573 -0.03252567  0.02803829
  0.08885235 -0.03108019 -0.12703189  0.16414036 -0.09805668  0.03052353
  0.00950761  0.15838994 -0.0158469  -0.04791222  0.17144361  0.10214672
  0.11016058 -0.06756802]