[ 0.06542056  0.0502672   0.22855058  0.2015661   0.05612605  0.02784113
  0.06931492 -0.14151452  0.11269124 -0.12277604 -0.04429761  0.06013544
 -0.10967448 -0.00041264  0.05741043 -0.02968453  0.03134119 -0.06436639
 -0.08796869 -0.04225969 -0.00229574  0.06436142 -0.10217501  0.12975743
  0.13736869 -0.13020836 -0.09996822  0.06833427 -0.05217744  0.07087004
  0.05198965  0.09736782 -0.06634109  0.04701453  0.01723744 -0.02775373
  0.06745473 -0.07040097 -0.02300927 -0.05758245  0.1341822   0.00101911
  0.05938657 -0.23979548  0.07645538  0.08734323 -0.0480002  -0.08913988
  0.02775159 -0.07768431  0.12125162  0.05538781  0.14094104 -0.02939908
  0.11958888 -0.00072114 -0.09310459 -0.01042196 -0.01653127  0.04171282
  0.01728738  0.03006331 -0.18244611 -0.12086517  0.05225253  0.11220856
  0.06113842 -0.03000733 -0.13516155  0.07514758  0.04105607  0.05624139
 -0.00931081 -0.04881561  0.0763012   0.14605525  0.06545634 -0.02498726
 -0.03439239  0.06223061  0.03391782  0.07828953  0.0561465   0.00668381
  0.11845895 -0.0508029  -0.00123847  0.00512616 -0.221369    0.11128165
 -0.03210917 -0.04673817  0.05363366  0.08352323 -0.15686636  0.04041021
  0.06703495 -0.17204258  0.15268743  0.01036926  0.06736715  0.00536815
 -0.04034015  0.03189663 -0.05812191 -0.02465744  0.04080444 -0.02203482
 -0.08677589  0.02637693  0.00143376 -0.02553154 -0.01707452 -0.04157988
  0.045296   -0.02348877 -0.19530268  0.12185711 -0.12565756  0.02688508
  0.01314807  0.12870154 -0.05099237 -0.04156993  0.18688923  0.14599
  0.0719288  -0.09882585]