[ 0.0843854   0.09127282  0.17859769  0.11685857  0.11833817  0.12501131
  0.03849302 -0.09400406  0.08616518 -0.08886081 -0.05965091 -0.00747043
 -0.04995405 -0.00602181  0.15195338  0.03963842  0.0649344  -0.02074468
 -0.13185534 -0.03385375  0.01843812  0.07575737 -0.01531275  0.11395945
  0.13809349 -0.19762623 -0.14785609  0.03916618 -0.02795767  0.03980289
  0.14390618  0.14325032 -0.0599962   0.11367116  0.0384313   0.02302804
  0.10057959 -0.06179485  0.02800005 -0.08126045  0.09772974 -0.01844247
  0.09638789 -0.25507298  0.06684987  0.04527814 -0.02838655  0.01495518
 -0.03739779  0.00881489  0.06320749 -0.01994136  0.12544784 -0.04821761
  0.04146981  0.00659253 -0.08707327  0.01531015 -0.03817591 -0.00326711
 -0.06371998  0.09818387 -0.14257556 -0.23349895  0.03358848  0.18644851
  0.00164917  0.0346091  -0.22252336  0.06519289  0.0214463   0.08725587
 -0.07556741 -0.04766296  0.04060664  0.09563421  0.09537797 -0.06812168
  0.00898396  0.0410227   0.06048035  0.07032547  0.00762658 -0.01185875
  0.08871228 -0.01838747 -0.06338678 -0.00173048 -0.1455515   0.17317249
  0.05824345 -0.06716728 -0.00118471  0.12277888 -0.0750001   0.1121378
 -0.01268653 -0.06864439  0.03235818  0.02663201  0.07288198 -0.07326854
 -0.09621758  0.05126823 -0.06747397  0.04478984 -0.01762642 -0.07945525
 -0.02058688  0.02400293 -0.01500999  0.04204626  0.01117673  0.00635147
  0.08090713 -0.03727157 -0.16378894  0.14248566 -0.08450525  0.11410727
  0.07075322  0.09284849  0.01773633  0.03610057  0.11942686  0.0763259
  0.07452682 -0.1480056 ]