[ 5.61326854e-02  1.32442400e-01  1.63854301e-01  1.70560837e-01
  2.34955009e-02  5.80160990e-02  5.80421351e-02 -1.64919749e-01
  1.14613153e-01 -6.14844374e-02 -3.06463204e-02  1.92661341e-02
 -3.36557142e-02 -1.87005717e-02 -2.60112770e-02  2.30577346e-02
  1.00268699e-01 -1.24233346e-02 -1.59091383e-01  8.77589546e-03
 -1.00783678e-03  3.35409120e-02 -1.03462480e-01  1.68086842e-01
  1.86737683e-02 -1.05491340e-01 -1.57640830e-01  5.68747185e-02
  3.88982259e-02  7.97357634e-02  3.77032198e-02  1.69063777e-01
 -8.80819261e-02  2.85998341e-02  3.13178846e-03 -2.73577943e-02
  9.16828215e-02  4.45769355e-02 -1.07721463e-02 -2.10119467e-02
  6.28895089e-02  1.62598211e-02  1.74189657e-02 -2.96351135e-01
  1.22364312e-01  5.14426678e-02 -1.95680559e-02 -1.68343913e-02
 -4.73054545e-03 -7.84412399e-02  1.25255778e-01  8.96631628e-02
  1.36731073e-01 -1.90293174e-02  6.66146353e-02 -6.31314982e-03
 -1.24451676e-02 -1.89202782e-02  5.17872348e-02 -2.48946603e-02
 -1.84799042e-02  9.31865275e-02 -1.32408574e-01 -1.62090436e-01
  5.08459425e-03  1.08263843e-01  9.39809084e-02 -3.16361785e-02
 -1.70278132e-01  2.88170427e-02  2.77726017e-02 -4.08688886e-03
 -6.49754377e-03  1.44365868e-02  9.50744376e-02  1.20148979e-01
  5.70895262e-02  1.59277506e-02  1.77595444e-04  7.49409012e-03
  6.04514442e-02  1.20177470e-01  2.22035982e-02 -1.04793794e-02
  1.38673633e-01  3.07307323e-03 -3.50149311e-02 -7.24177528e-03
 -1.74555182e-01  8.66834447e-02 -4.17266414e-02 -5.40448427e-02
  1.09008133e-01  1.00057349e-01 -1.11191861e-01  2.93930229e-02
  8.44082311e-02 -1.03609398e-01  1.02963090e-01  1.67245697e-02
  1.24622926e-01  2.03315727e-02 -8.29075575e-02  1.41193449e-01
 -4.46426645e-02 -2.14767102e-02  4.65154089e-02 -5.08716255e-02
 -3.46828252e-02  3.20667587e-02 -2.38119923e-02  2.82698851e-02
  2.02916544e-02 -5.33542829e-03 -1.19170314e-03 -1.75870443e-03
 -2.62692243e-01  1.21526822e-01 -1.70281872e-01 -2.03223638e-02
 -3.44596803e-02  9.12632495e-02 -1.56405065e-02 -7.35280737e-02
  1.03331804e-01  1.78996712e-01 -4.34845202e-02 -1.47214681e-01]