[-0.00909379 -0.0531691  -0.01643266 -0.15068185  0.07314445  0.01087403
  0.03191356  0.14609747 -0.05028107 -0.0691324  -0.1383733   0.10152654
  0.09076269  0.00287576  0.01366754 -0.0867572  -0.04466159 -0.23771931
 -0.11320192  0.13765994 -0.06762584 -0.0123484   0.01341061  0.01451849
 -0.03914359  0.01001125  0.04699215  0.10262159 -0.05783309 -0.05463423
  0.02704543 -0.06343831 -0.03087188  0.10159344 -0.16725275 -0.02397616
 -0.05837365  0.0605909  -0.15077755  0.04350094  0.08617192 -0.05063668
  0.06293471  0.06249543 -0.00850389 -0.03115578 -0.03716088  0.06799982
  0.03191757  0.1820849  -0.01568278 -0.1206324  -0.077568   -0.02647539
  0.10509124 -0.04395586 -0.23647282  0.16716018 -0.02119088 -0.04087875
 -0.04665232  0.02896571  0.00182216  0.04484643 -0.04133621 -0.03933619
 -0.03288118  0.06691989 -0.10183024 -0.11802337 -0.00192807  0.03015135
  0.00923937  0.06994464  0.05092266  0.09650902  0.09119124 -0.07449654
  0.10758519  0.12952733  0.0128117  -0.17183314  0.09867287  0.06320783
 -0.03012426 -0.15577956  0.10543942  0.12086287  0.13604949  0.0295431
 -0.03062559 -0.08604337  0.00410442  0.07882044 -0.05622553  0.05035453
  0.0548874  -0.08739875 -0.05715941 -0.06125019 -0.08644466  0.01441391
 -0.07909255  0.07124407 -0.21396695  0.027732   -0.23261073  0.07018399
 -0.04222686 -0.08191458  0.13867956  0.12502101 -0.11768621  0.14100607
 -0.07603915  0.00930759  0.00218899  0.09912935 -0.01134798  0.17302008
 -0.02751968  0.05392662 -0.0201874   0.01387927 -0.04860686 -0.0630881
 -0.07205397 -0.0926704 ]