[ 0.07825388 -0.05113576  0.06581482 -0.04694925  0.01646238  0.08467056
  0.04516656  0.08922912  0.02016332 -0.20694876  0.03817529  0.04013402
  0.07585814 -0.05655121  0.08141711 -0.08565515 -0.14240347 -0.21050948
 -0.16814435  0.11012407  0.01248534  0.0809      0.00750931  0.09992418
 -0.01377046 -0.08187853  0.04734836  0.01537422 -0.04425581 -0.02225359
  0.05037824 -0.08958264 -0.00599981  0.18526208 -0.10057824  0.02586572
  0.01599414 -0.01583219 -0.1235152   0.05993016  0.14870504 -0.13066211
  0.02411455  0.07306336 -0.07462842 -0.0714381  -0.01672104  0.05475072
  0.00286184  0.19456026 -0.07633414 -0.12815918 -0.03656666  0.05175655
  0.09232    -0.02156622 -0.21647044  0.10677488 -0.07172002  0.0066538
 -0.13369535  0.00434886  0.04028972 -0.00585167 -0.07106376  0.02793843
  0.04992183 -0.04444119 -0.08643492 -0.07952978 -0.06443194 -0.03027024
 -0.0089726   0.04588502  0.15073848 -0.00662868  0.05670048 -0.08690108
  0.04127223  0.22768332  0.1073238  -0.17869218  0.06420755 -0.01800524
 -0.02821419  0.04688627  0.07669368 -0.0067736  -0.06471109  0.12529202
  0.14461519 -0.17376366 -0.06621544  0.04225516 -0.17022252  0.02315482
 -0.08423492 -0.08593884  0.05872797 -0.03525899 -0.04480656 -0.00029658
 -0.01778438  0.02380052 -0.1013861   0.05226106 -0.11750176  0.15077001
 -0.07671671 -0.08883841  0.09367388  0.09701294 -0.10207705  0.04891263
 -0.05985952  0.05948685  0.03124495  0.10452031 -0.00167587  0.1873682
  0.05736622 -0.01087029 -0.03955444  0.11838141 -0.00088501 -0.03838943
  0.03700544 -0.0012238 ]