[ 0.12259618  0.0396724  -0.01038852  0.00508249 -0.01700554  0.05020716
  0.03855347  0.0609378   0.07304282 -0.16588542  0.0966938   0.07453043
  0.05134274 -0.09568198 -0.05987401 -0.00633073 -0.02287763 -0.18327361
 -0.25793239  0.16776347  0.00373919  0.02217869 -0.00127483  0.10542046
 -0.07875212 -0.05159355  0.0163107   0.01773246 -0.01749876 -0.02190106
  0.01283409  0.02989202  0.0016652   0.1692439  -0.18819858  0.00041658
 -0.02894534  0.15504171 -0.12943389  0.10965794  0.02762849 -0.0675889
 -0.07434963 -0.02490065  0.03925603 -0.02396878 -0.02842381  0.00361466
 -0.07281116  0.19543068 -0.03172437  0.01972054 -0.09340301  0.02325204
  0.04082105 -0.05384376 -0.18573965  0.094195   -0.07395897  0.01548429
 -0.13971063 -0.01570836  0.09752009 -0.07806758 -0.08187156 -0.0359147
  0.04717219  0.03225875 -0.14985757 -0.03955673  0.00574437 -0.06904036
 -0.01866576  0.13352945  0.11964273 -0.0133466   0.07906844 -0.06512021
 -0.03114464  0.16996846  0.0136995  -0.11790606  0.00188973 -0.08196626
 -0.04191788  0.05497248  0.03887589 -0.05782374 -0.02477978  0.07317798
  0.05699548 -0.20957685 -0.06135242  0.09850963 -0.00608346  0.05391784
  0.00231572 -0.16427276  0.01666432 -0.01976972 -0.06436805 -0.01128492
 -0.10980012  0.14686745 -0.12811001  0.05247782 -0.10639473  0.1143935
 -0.01083823 -0.14750081  0.0661741   0.17078356 -0.07432757  0.09256288
  0.01864608  0.02794157 -0.06938975  0.03952999  0.07889313  0.17434189
 -0.02775145  0.0703199   0.00345596  0.14023317  0.09784299 -0.02498573
  0.05730735 -0.10166336]