[-4.62686270e-02  1.73185423e-01  8.26038644e-02 -3.58141996e-02
  2.19076537e-02  5.39377928e-02 -4.94981818e-02 -1.12117663e-01
  6.74844673e-03 -5.24739437e-02 -1.06509272e-02 -8.64358023e-02
 -4.34314646e-02 -1.17286583e-02  1.16738707e-01 -6.79933801e-02
 -9.23698843e-02 -1.56275511e-01 -7.12711969e-03 -5.80197424e-02
 -4.44738343e-02  4.81966212e-02 -1.19489715e-01 -9.11276191e-02
  9.83791724e-02 -1.81796700e-02 -1.26061380e-01  3.41732427e-02
 -9.48188175e-03  3.57584632e-03  7.45121390e-02 -6.06243052e-02
 -4.51970436e-02 -2.14808937e-02  6.64938390e-02  1.07680000e-01
  5.70889339e-02 -1.11454643e-01  1.11912027e-01  7.08595244e-03
  9.84190926e-02 -5.39088994e-02  1.39659112e-02 -1.08659953e-01
  8.12727585e-02  2.76733458e-01  3.34687345e-02  2.27485467e-02
 -1.19003586e-01 -1.19883500e-01 -1.53056562e-01  1.11100279e-01
  9.01326686e-02 -2.47532669e-02 -7.95421656e-03 -1.01981661e-03
 -9.54598263e-02 -4.49440330e-02 -9.64783505e-02  6.16016984e-03
 -1.93706818e-03  1.18998803e-01 -4.90206853e-02  2.23151818e-02
 -4.46111821e-02  1.11676157e-01  7.95069635e-02  1.43521294e-01
  7.11463094e-02 -6.70336485e-02  1.25300229e-01  3.10656871e-03
 -2.87323259e-02 -1.13344938e-01  1.82519376e-01  1.46954283e-01
 -1.54828534e-01 -2.97825001e-02  2.64003854e-02  1.28916264e-01
  1.30286887e-02  7.58159384e-02  3.09614781e-02  1.16772763e-01
 -5.28243333e-02  1.39656305e-01  2.52310298e-02 -3.56125720e-02
 -1.24667525e-01  5.49059287e-02  4.87517715e-02 -3.40154544e-02
  9.82678235e-02  7.94287920e-02 -2.07986787e-01 -9.80562344e-02
  4.99349653e-06 -9.70770493e-02  3.88672017e-02 -8.00063312e-02
 -8.91380711e-04  1.06293941e-02 -3.19554731e-02 -8.63726214e-02
 -1.02000587e-01  1.08872950e-01  5.65426983e-03  1.43905252e-01
 -8.10865983e-02  8.71961042e-02  1.22105345e-01 -1.27816409e-01
 -1.34077296e-01 -3.21424380e-02 -4.02449369e-02  3.41456607e-02
 -2.74638742e-01  2.77257618e-02 -4.12063412e-02 -2.99814120e-02
  4.67426479e-02  5.27937850e-03 -4.10073809e-02  6.49460629e-02
  5.87246157e-02  6.36514127e-02  2.35044099e-02 -6.72571221e-03]