[ 1.75530538e-02  2.36330315e-01  2.30797064e-02 -7.62375072e-02
  3.38331498e-02  2.51698922e-02 -4.44633840e-03 -4.72213663e-02
 -9.40332636e-02  4.49301042e-02 -1.80790015e-02 -1.54545918e-01
  1.92842521e-02  2.13921759e-02  1.05874002e-01  3.65741625e-02
  5.76064028e-02 -7.22966492e-02 -2.12941766e-02 -4.88102958e-02
 -8.28549918e-03  1.92511939e-02 -4.38544489e-02 -1.49969250e-01
  4.81423773e-02 -4.33470048e-02 -1.16333410e-01  2.46332567e-02
  7.80097991e-02  3.17208432e-02 -4.33419161e-02  3.27926129e-02
 -1.94477197e-02 -2.27381736e-02  7.37686381e-02  7.38957059e-03
  1.10161692e-01  1.23785054e-02  1.25917614e-01 -4.72221300e-02
 -3.90895456e-02 -4.24418263e-02  4.00721431e-02 -1.26477316e-01
  8.60196277e-02  3.78042728e-01  5.19214422e-02  2.96853706e-02
 -2.57789195e-01 -1.37195215e-01 -8.16690177e-02  1.51292056e-01
  4.08875160e-02 -1.76667869e-02 -7.33765662e-02 -4.85706255e-02
  3.29351909e-02 -1.06510371e-01 -4.17827591e-02 -1.40170371e-02
  5.80668338e-02  9.10681710e-02 -8.24932978e-02 -1.85255036e-02
 -7.01208925e-03  9.51964706e-02 -2.03894768e-02  2.01692373e-01
  5.12140468e-02 -6.88328743e-02  9.08004344e-02 -5.15210740e-02
 -6.05677143e-02 -1.70555428e-01  1.15079142e-01  1.38069898e-01
 -8.86350796e-02  2.85423137e-02  5.01934774e-02  2.62002684e-02
 -1.06698861e-02  6.12711385e-02 -6.06381185e-02  7.56476000e-02
 -2.46150177e-02  1.33359537e-01 -7.38043413e-02 -6.46513402e-02
 -7.11739212e-02  9.15802494e-02  2.17680298e-02 -2.85575949e-02
 -7.09082326e-03  8.21572840e-02 -1.27094671e-01 -4.58800942e-02
  6.77947551e-02  1.77901366e-03 -1.71157881e-04 -7.23002478e-02
  5.55054061e-02  3.33936699e-02 -2.43139975e-02  1.52113121e-02
 -1.12946957e-01  4.72637005e-02 -9.67286900e-03  1.60807744e-01
  1.47460327e-02 -6.17665518e-03  8.25159252e-02 -8.59364420e-02
 -9.31772739e-02 -2.77149435e-02  1.50078582e-02  1.47895645e-02
 -3.18060726e-01 -9.56948008e-03 -5.03753684e-02 -4.18867320e-02
 -3.23324986e-02  1.87595561e-02  1.25611126e-02  9.16670188e-02
  1.20087363e-01  9.70555004e-03  4.76358132e-03 -1.19978040e-01]