[ 0.00831206  0.12762228  0.01765661 -0.08006977 -0.01758698 -0.05302121
 -0.04487576 -0.10194612 -0.06122881  0.04607881  0.03562551 -0.12609112
 -0.00653217  0.04220905  0.16592313 -0.03277341 -0.02087434 -0.16477375
  0.10802183 -0.00454009 -0.13099653  0.13153809 -0.04103788 -0.07551434
  0.00457931  0.0399259  -0.01024846  0.03149939  0.08549114  0.03418646
 -0.04702465 -0.08835955  0.00845327 -0.06430751  0.05451562  0.07693768
  0.08060879 -0.02911679  0.13156705  0.07784219 -0.05602333 -0.04452523
 -0.11123495 -0.10058305  0.04958695  0.3668153   0.00483522  0.07294274
 -0.08219339 -0.09462246 -0.12883733  0.17725472  0.08022097 -0.03638976
 -0.07938671 -0.04470898  0.00346191 -0.05091039 -0.11026382  0.13782036
  0.02787207  0.06836649 -0.01433527  0.07701294 -0.07048769  0.02416051
  0.07911447  0.13764304  0.12430093 -0.12253285  0.0579595  -0.04256551
 -0.06598397 -0.05825652  0.1610653   0.07017557 -0.10761797 -0.00435049
  0.0635251   0.12393654  0.0991475   0.00659873 -0.05599656  0.06707202
  0.03098598  0.0765401  -0.05741588 -0.09190474 -0.11301716  0.03545566
  0.05794023  0.05658408  0.08323495  0.15328948 -0.14304411 -0.11442784
  0.00781541 -0.11589371  0.12354576 -0.10122341  0.02844462  0.03167067
 -0.02978765 -0.10625941 -0.10167536  0.05958849  0.06298637  0.0694927
  0.02998098  0.10572208  0.16572168 -0.09473719 -0.03870149 -0.03425484
 -0.10081003  0.07317935 -0.19704759  0.011291   -0.09224375 -0.05291431
 -0.02126537 -0.04069781 -0.05278277  0.08454091  0.00103731  0.0580156
 -0.02732375 -0.03513113]