[-0.15567802  0.20036639  0.10383537 -0.12976559 -0.04528553  0.06199434
 -0.13618676 -0.05806883 -0.08314165  0.05953604 -0.09255617 -0.12067138
  0.01045807 -0.01858096  0.16776916 -0.09486588 -0.13879514 -0.17875946
  0.06092084 -0.02590911 -0.11242963  0.01462224 -0.02224677 -0.04606063
  0.03651973  0.03490697 -0.08623495  0.00664037  0.00095264 -0.06810948
  0.0913635  -0.14118719 -0.02944973 -0.01505816  0.05371301  0.11535639
  0.06673416 -0.01829863  0.05948521  0.08199303  0.03635888 -0.09161935
 -0.016747   -0.09109345  0.05337298  0.22480784  0.10753324  0.08849188
 -0.11507326 -0.01355006 -0.10006332  0.05149132  0.07309466 -0.02360467
  0.01165713  0.01165948 -0.01013181 -0.03788107  0.00050185 -0.10189002
 -0.01053064  0.15935324 -0.06810642  0.03758205 -0.04107165  0.07859887
  0.09952746  0.12079774  0.06504618 -0.07109646  0.04656094  0.02790866
 -0.03011343 -0.01194384  0.22801208  0.08373134 -0.20001565  0.00629947
  0.15118749  0.1470111   0.00740713  0.02770607  0.03622622  0.12739447
 -0.05422955  0.04821011  0.02037607  0.02389168  0.00474355  0.02189974
 -0.00976203  0.03530396  0.21810111  0.04734146 -0.20723234 -0.11297948
  0.01524541  0.02308315 -0.0020025  -0.11677277 -0.01488935  0.03375649
 -0.05950696 -0.07278459 -0.09554127  0.08145082 -0.06817282  0.06838758
 -0.04475585  0.10610799  0.13018808 -0.02257234 -0.08631184 -0.02839843
 -0.12064318  0.05472564 -0.20774993 -0.01168223 -0.07709398 -0.02166757
  0.06398693 -0.03162853 -0.04362916  0.00621262 -0.07667053  0.0544401
 -0.04887662  0.02213218]