[-0.0703116   0.16035108  0.05890413 -0.04007706 -0.00796664  0.00072512
 -0.04801512 -0.0496468  -0.0723911   0.01121379 -0.04144228 -0.11500011
 -0.03476469 -0.02758068  0.17310138 -0.07276369 -0.04611443 -0.14319144
  0.07705414 -0.02563827 -0.12514275  0.01765724 -0.07746583 -0.11594213
  0.05928627  0.0030658  -0.11820441 -0.0129481  -0.00471319 -0.05249807
  0.03205804 -0.02613142  0.01171927 -0.02641433  0.06288195  0.08789536
  0.10262238 -0.08867439  0.07770491 -0.01453853  0.09184679 -0.08974398
  0.01198565 -0.1075521   0.0411126   0.34462202  0.08370226  0.01630392
 -0.17922206 -0.12161939 -0.17687723  0.05032397  0.11595441 -0.03961793
 -0.04286701  0.0058281  -0.0559076  -0.10135143 -0.04427537  0.02248349
  0.01064442  0.13899124 -0.09777977  0.01134616 -0.0148686   0.14325623
  0.06897675  0.08891977  0.08158845 -0.13914554  0.05379824 -0.04641044
 -0.03768748 -0.07325407  0.195787    0.1148566  -0.14563291 -0.00627476
  0.06236976  0.07308182 -0.03680174  0.04406204 -0.0605008   0.07745656
 -0.01407869  0.15819389 -0.02332689 -0.06222571 -0.11163212  0.04891979
  0.07568485  0.04217269  0.09199917  0.03418422 -0.16532147 -0.05116173
  0.03368911 -0.04726336  0.03333729 -0.09653087 -0.03720374 -0.01483422
  0.00437702 -0.10423622 -0.1154143   0.10027089  0.02939597  0.14008448
 -0.06865773  0.0995346   0.11569835 -0.11535106 -0.07806525 -0.12291139
 -0.07661305 -0.02195733 -0.23967677 -0.05711462 -0.0071951  -0.06075932
  0.03735942 -0.01024281 -0.04283933  0.10107144  0.0435749   0.02210258
 -0.00552416 -0.04666417]