[ 0.07953344  0.21743116 -0.00243064  0.05575026  0.04086692  0.23063
 -0.01435582 -0.16340119 -0.09384634 -0.04533765  0.05352682 -0.00905885
 -0.07252489 -0.09989168  0.03523568  0.02595144 -0.10170245 -0.05836344
  0.0411844  -0.08201886  0.0437444   0.07205029 -0.02770102 -0.02424533
  0.12826426 -0.05897836 -0.02385621 -0.06719576  0.03275204  0.13022053
 -0.01504633 -0.00704993 -0.07814772  0.0290072   0.06985553  0.04447041
  0.0317111  -0.16898058  0.13813993  0.01472753  0.02350894 -0.13192835
  0.06278303 -0.06495183 -0.01345777  0.20115511  0.1487197  -0.03347682
 -0.2282152  -0.02377476  0.07214888  0.15824732  0.02281214  0.01467251
  0.03954257  0.02067025  0.00975002  0.02278273 -0.09138604  0.03419339
 -0.01188769  0.05811585  0.12513341 -0.16583118  0.10171428  0.01897291
  0.00190468  0.03796973 -0.06813079  0.16032869  0.01697448  0.09710006
 -0.11286166 -0.06684317  0.10562938  0.08647736 -0.0151214   0.01845327
 -0.06873342  0.1019372   0.03690667  0.05374107  0.0418266   0.05245858
 -0.08730895  0.10391971 -0.04671427 -0.10629372 -0.14210266  0.15048324
  0.05712703 -0.11725616 -0.08804417  0.12449992 -0.12670922 -0.03398331
  0.04145166 -0.00037492  0.12827982 -0.01496633  0.03869262  0.06779189
 -0.05824978  0.01268631 -0.07541316  0.09538129  0.02313475  0.15366967
 -0.12886935  0.01816354  0.07345966 -0.04396302 -0.01395324 -0.06086303
  0.0698747   0.03336154 -0.16983308  0.05999751  0.03484878  0.09748591
  0.09000265 -0.06247214  0.07582255 -0.00144939  0.12914953  0.13550983
  0.13835514 -0.02351369]