[ 0.07753892  0.20596109 -0.02368771 -0.02861148  0.09415152  0.17382783
 -0.10017405 -0.1845264  -0.03815033 -0.04858728  0.05003779 -0.06791932
 -0.04463575 -0.02573416  0.0420976   0.10241198 -0.00624316 -0.01955952
  0.02125817 -0.07024327  0.1079248   0.16335201  0.01711903 -0.00319044
  0.11435965 -0.04987676  0.02311923 -0.04511619  0.12379371  0.16441453
  0.03243862 -0.03092992 -0.03160203 -0.01440544  0.11344458  0.08052385
  0.01766406 -0.13298862  0.13706213  0.01740866 -0.08633202 -0.04413761
  0.01768869  0.00383022  0.04328351  0.261547    0.11270285  0.0475462
 -0.16748258 -0.03998964  0.04638905  0.21478626  0.03885806 -0.05441727
 -0.02161278 -0.00172945  0.05859678  0.01807526 -0.07221515  0.01873512
 -0.00717742  0.03350581  0.11347253 -0.06779484  0.03702066 -0.11247968
 -0.02741108  0.11468948 -0.00258377  0.18819444  0.05033726  0.0557741
 -0.14060137 -0.19056162  0.03377559  0.05812468 -0.05322374  0.0754054
 -0.07976156  0.11155216  0.13031282  0.12671518  0.00682216  0.07060463
 -0.02728836  0.0532416  -0.08932008 -0.0822666  -0.14503199  0.14746624
  0.04616043 -0.0376383  -0.15276048  0.16017464 -0.04643937 -0.01282413
 -0.0120399   0.05419574  0.06310227 -0.05413367  0.10345602  0.06888357
 -0.06836748 -0.01283863 -0.10111997  0.05247711 -0.00124281  0.05137154
  0.02219857  0.02855305  0.08979915 -0.04368921 -0.06041606  0.00640897
  0.0617492   0.09514984 -0.19351284  0.01353605 -0.05308058  0.11112433
  0.05798704 -0.00896017  0.06231722  0.00147611  0.03505653  0.09889881
  0.12030565 -0.02138767]