[ 0.07547142  0.16120544 -0.11841876 -0.02547375  0.0501027   0.22128339
 -0.03141526 -0.10646027 -0.13220325  0.03886621  0.03725962 -0.04214733
 -0.04299563 -0.07607515  0.03842474  0.06832927 -0.08715446 -0.05277872
  0.12240881 -0.10819907  0.05886805  0.05926821  0.01493186 -0.10519999
  0.0843559   0.01370705  0.02164869 -0.14316398  0.03097895  0.12064072
 -0.05746328 -0.0048225  -0.0575095  -0.00376734  0.08814896  0.05370191
  0.03460124 -0.1528323   0.15751407  0.00236109 -0.03458137 -0.13270445
  0.04024099 -0.00375475 -0.02039693  0.25270599  0.16010505  0.00477156
 -0.22918293 -0.04947099  0.05491393  0.15736106  0.01471511  0.02061415
  0.03682433  0.02179674  0.11019257 -0.01188608 -0.06825428  0.02900853
  0.02972027  0.01849858  0.1471007  -0.12367605  0.11757665 -0.04301127
 -0.050838    0.12671506  0.06565764  0.16170809 -0.00278747  0.10292013
 -0.15209612 -0.12956606  0.05117108  0.07381213 -0.04139562  0.07754926
 -0.07310399  0.05380022  0.02568577  0.06163739  0.00936321  0.06189233
 -0.11836504  0.10175885 -0.03149628 -0.08053302 -0.07062525  0.11120168
  0.05264321 -0.04770214 -0.13672474  0.09181498 -0.09364495 -0.01576571
  0.0640212   0.06252556  0.1072797  -0.02699609  0.08877464  0.06187276
 -0.03837781 -0.03696242 -0.0641605   0.04476075 -0.02668421  0.12487216
 -0.12441066  0.03443187  0.06288679 -0.05163561 -0.00132677 -0.12036609
  0.09842324  0.07103415 -0.13543858 -0.02555201  0.02092728  0.06699746
  0.0982542  -0.07665105  0.14503534  0.01293371  0.06134208  0.09652669
  0.12032408  0.02340284]