[ 1.14463260e-02  7.56413164e-03  2.45134570e-02 -2.86009423e-02
  4.23665494e-02 -4.47873324e-02  3.99854928e-02 -3.88984270e-02
 -6.95360824e-02 -1.49880975e-01 -9.61585641e-02  1.17629752e-01
  5.99782467e-02 -1.15494672e-02 -9.59620401e-02 -5.09639494e-02
 -1.01543091e-01 -1.57605022e-01 -1.95121899e-01  1.49295658e-01
 -3.38872112e-02 -9.85460263e-03  6.58879131e-02  1.10294146e-04
 -3.44665125e-02  2.65529845e-02 -4.00082394e-02  4.84669209e-02
 -2.89864540e-02  1.50187574e-02 -1.76502727e-02  5.50588220e-02
 -7.98715875e-02  4.73766699e-02 -1.43498510e-01 -8.33430439e-02
 -1.51469350e-01  1.90782383e-01 -1.16653316e-01  8.54057521e-02
  2.44307239e-02  1.73029844e-02 -2.68446449e-02  4.97230366e-02
 -3.62064391e-02  1.75676290e-02  2.72611692e-03  4.18968440e-04
  1.71141066e-02  1.57882988e-01  4.58412245e-02 -8.14655703e-03
 -5.68552911e-02 -1.84903275e-02  4.96257879e-02 -1.17481314e-01
 -1.08451426e-01  1.73083901e-01  1.71329528e-02 -3.01817451e-02
 -2.68582571e-02  3.73025090e-02  3.55891138e-02  1.19547457e-01
 -3.83583829e-02 -8.70080069e-02  1.82454903e-02  2.88688950e-02
 -1.10883728e-01 -5.63119017e-02  4.46975417e-02  4.32026573e-02
  1.07211255e-01  1.75728813e-01  2.97503509e-02  3.11668962e-02
 -1.05531188e-02 -1.89812526e-01  3.25321183e-02  1.97364777e-01
  6.10025600e-02 -1.27010763e-01  4.15636711e-02 -1.11655518e-02
 -5.27429208e-02 -1.59489676e-01  7.18346983e-02  4.15598974e-02
  8.03460740e-03 -5.20827956e-02 -5.16502857e-02 -5.95554970e-02
  3.87451351e-02  1.76890772e-02 -6.81780055e-02 -1.11556575e-02
  6.24303333e-02 -4.75197881e-02  2.55958065e-02 -5.73347881e-02
 -9.49459746e-02  5.77354059e-02 -3.82160544e-02  1.89366400e-01
 -1.68228045e-01 -3.51563022e-02 -1.65349409e-01  1.94847688e-01
  8.59227329e-02 -8.81922916e-02  1.55639350e-01  1.65595680e-01
 -1.69130623e-01  1.49055198e-01 -1.00966707e-01  4.74004820e-02
 -6.06428944e-02  1.20453283e-01  1.85547657e-02  1.32164389e-01
 -9.11348686e-02  1.14086896e-01 -7.34500885e-02 -3.80870588e-02
 -1.19405547e-02 -3.41047011e-02 -7.20381066e-02 -8.13410431e-02]