[ 1.27235860e-01 -8.04344378e-03  1.78872067e-02 -7.65796192e-03
  1.45013183e-02  6.59712702e-02  9.51922834e-02  2.77569275e-02
 -1.09028734e-01 -2.69874483e-01 -4.78880592e-02  6.75886422e-02
  2.23606192e-02 -5.19227572e-02 -5.88931851e-02 -1.15335472e-01
 -1.15510777e-01 -1.49506047e-01 -1.35477975e-01  7.20986202e-02
  3.04182656e-02  5.78312613e-02  9.40901227e-03  2.50450671e-02
 -2.75533809e-03 -1.05472535e-01 -7.84099195e-03  2.09503360e-02
 -6.79510608e-02  5.42166345e-02 -4.34000157e-02 -1.10823795e-01
 -9.63655114e-02  7.98735172e-02 -6.09593354e-02 -8.94679874e-02
 -1.21763714e-01 -1.74742769e-02 -1.27197430e-01  4.69207540e-02
  3.58163938e-02 -1.31979547e-02  2.37451065e-02  1.22228637e-01
 -5.76558039e-02  4.89832237e-02  1.06047615e-02 -3.19462754e-02
 -7.63941258e-02  1.91215023e-01 -1.89967011e-03 -4.75373678e-02
  2.84147129e-04  1.51119698e-02  2.91936304e-02 -8.03160071e-02
 -1.40571609e-01  1.82078719e-01 -6.77307788e-03 -2.76310043e-03
 -1.19378045e-02  9.89767909e-02  7.37347454e-02  3.90392877e-02
 -5.31885177e-02 -8.12020004e-02  2.13709213e-02 -7.42400512e-02
 -1.35570481e-01 -6.44521192e-02  3.55578661e-02 -1.77938230e-02
  6.45981058e-02  5.50939664e-02  8.77074245e-03  5.09063825e-02
  7.90099334e-03 -2.14553922e-01  3.25745977e-02  2.44980156e-01
  6.50612861e-02 -1.88662648e-01  2.11730842e-02 -3.35577540e-02
 -6.24540634e-02 -2.78376918e-02  1.95031837e-02 -9.82292518e-02
 -8.92081857e-02  6.00932948e-02  6.61772937e-02 -1.25608176e-01
 -6.43981323e-02 -2.53594713e-03 -9.33338776e-02  1.07971663e-02
  4.39744443e-02 -5.00947088e-02  2.44352091e-02 -1.26002124e-02
 -6.90252185e-02  1.23965472e-01  1.53026143e-02  8.39807466e-02
 -1.97659671e-01  2.30784441e-04 -9.32721123e-02  2.34225929e-01
 -7.17934817e-02 -7.36882091e-02  2.15046227e-01  2.59945914e-02
 -1.24999858e-01  5.46998307e-02 -9.40693766e-02  1.01030484e-01
 -7.57461041e-03  1.44243807e-01  4.55780253e-02  1.37255117e-01
 -7.37959221e-02 -1.61624085e-02 -7.11707473e-02 -5.57924388e-03
  6.35432750e-02 -4.43605073e-02  2.33588684e-02 -7.83068016e-02]