[-0.01349505  0.02544428 -0.04335085 -0.02256607  0.02727531 -0.0483132
 -0.02851999 -0.05890004 -0.05179098 -0.16661164 -0.05770306  0.1029023
  0.08078109  0.01236879 -0.13558652 -0.07591732 -0.15059863 -0.14622295
 -0.09872593  0.16563596  0.04627104 -0.05520666  0.10070489 -0.04194469
  0.02135584 -0.02435069  0.02278251  0.04095974 -0.08155424  0.10938489
 -0.04845039 -0.11268492  0.03909443  0.01139893 -0.06119079 -0.06516144
 -0.10457855  0.12844136 -0.09321361 -0.00324346 -0.03144633 -0.03373557
  0.07556013  0.11774937 -0.10791207 -0.01738576  0.0491507  -0.0148836
  0.04953821  0.19537424  0.01958317 -0.00783558 -0.01435405  0.06185612
  0.11757505 -0.102896   -0.07475057  0.07636646 -0.015003   -0.1052893
 -0.02482811 -0.022688    0.08102547  0.11840743 -0.0218105  -0.10564443
 -0.02552179  0.02237569 -0.07768948 -0.09322229  0.06156268  0.01207012
  0.06196253  0.00930827  0.06386713  0.09549484 -0.01186975 -0.18144143
  0.04420419  0.26638597  0.02637304 -0.1785742   0.09486596  0.10312297
 -0.07034058 -0.06565529  0.01752224  0.06044431  0.08123296 -0.02634891
 -0.09225759 -0.12625977  0.03082792  0.02194136 -0.15030532 -0.12770467
 -0.01786336  0.07230213  0.02579035 -0.10939466 -0.02510574  0.11283774
  0.0302655   0.08824547 -0.1190696   0.00818933 -0.09873521  0.2419945
  0.03113389 -0.06354318  0.09821814  0.04228569 -0.16109353  0.15826863
 -0.13352846  0.1019612  -0.01015813  0.15377355 -0.00156937  0.15799035
 -0.08669109  0.03512321 -0.07475373 -0.07854682 -0.00794166  0.0069578
  0.0343282   0.04384997]