[ 0.07433932 -0.02491101  0.02776366 -0.01488983  0.07530635  0.04099005
  0.05946736 -0.03692695 -0.12019084 -0.16711499  0.01460938  0.16179727
  0.04667673 -0.03550937 -0.11049245 -0.03346466 -0.14004926 -0.04048555
 -0.21569987  0.09575073  0.05135998  0.03870518  0.06441415  0.02546247
 -0.03259429 -0.01308968  0.00692128 -0.00111941 -0.06347775  0.04564913
 -0.11372893 -0.01400498 -0.08842679  0.08542866 -0.11763639 -0.0781661
 -0.20265642  0.05500725 -0.11151895  0.11307926  0.04960313  0.00911029
 -0.04062693  0.10904135 -0.1180489   0.02992104  0.0205561  -0.04303943
 -0.09003538  0.14249957  0.09112537 -0.02893495 -0.13176289  0.01094334
  0.03187849 -0.08150791 -0.07878751  0.18232702 -0.02367615  0.07449227
 -0.00495217  0.03368091  0.09439303  0.11612417  0.01389037 -0.14334475
 -0.04744403  0.05996668 -0.09053189  0.06561685  0.08391333  0.04834623
  0.11241526  0.06413396  0.01220449  0.06572597 -0.04795032 -0.15359537
 -0.04202306  0.14638141  0.04677461 -0.11101586  0.05595388 -0.01400174
 -0.17952399 -0.03321885  0.12534438 -0.04148311 -0.10360625  0.01410869
 -0.01499237 -0.12337714 -0.07150456  0.0087492  -0.10767969 -0.00244459
 -0.01514848 -0.06797327  0.0550666  -0.02374712 -0.05015021  0.08770691
 -0.00552422  0.13964038 -0.08016143 -0.03457018 -0.15728666  0.24675779
 -0.02712649 -0.13821431  0.15699831  0.11299115 -0.09562504  0.10123567
 -0.06376567  0.08502897 -0.08670492  0.12273578  0.03024589  0.15558866
 -0.05492745  0.03442631 -0.10139979 -0.02347205  0.05582511  0.028225
 -0.02772301 -0.0440776 ]