[-3.11677647e-03  2.01914385e-01  2.27544475e-02 -6.49862811e-02
  6.05818406e-02 -3.87333557e-02  1.37086830e-03 -1.45945817e-01
  1.53600669e-03  2.03962363e-02  5.10199554e-02 -1.54567696e-02
 -1.24732414e-02  6.67272061e-02  1.28611699e-01  1.74072236e-02
 -1.81871168e-02 -1.54024377e-01  3.05106435e-02 -1.73176695e-02
 -8.37722272e-02  1.61203891e-01 -7.03996345e-02 -9.44988877e-02
  5.55839911e-02  7.37465546e-02  2.40333173e-02  8.99835005e-02
  1.40384167e-01  1.32012248e-01 -5.67845888e-02  1.07811347e-01
  8.23166892e-02  4.23123911e-02  9.10873897e-03  4.92080897e-02
  1.93541557e-01  7.62388343e-03  1.70658156e-01  4.70075682e-02
  7.31012449e-02 -1.02296799e-01  8.74847695e-02 -1.14675440e-01
 -2.02991683e-02  2.91433334e-01  6.78477138e-02  9.67207272e-03
 -6.42432421e-02 -1.00931711e-01 -6.18165471e-02  2.28475034e-01
 -9.61720478e-03  4.59054746e-02  6.67575821e-02 -1.85510342e-03
 -2.53912900e-02 -6.32271543e-02 -1.90212205e-01  1.21527955e-01
 -7.53585920e-02 -9.23038349e-02  2.97001941e-04  3.79465008e-03
 -1.82055794e-02  6.69031665e-02  1.65293440e-02  9.52183679e-02
  5.52722588e-02 -1.17875533e-02  1.17383571e-02 -2.51650773e-02
 -1.09866664e-01  1.04594954e-04  2.37158328e-01  9.32420045e-02
 -1.25948125e-02  4.34919931e-02 -3.81726846e-02  2.60584578e-02
  1.03241287e-01  1.12095319e-01  6.24257959e-02  1.44666508e-01
  5.25878444e-02  4.32378836e-02 -6.82053296e-03 -4.94831568e-03
 -8.66996571e-02  1.23876989e-01  5.32452837e-02 -6.15664795e-02
 -3.06486599e-02  1.33721486e-01 -1.20848686e-01 -1.06670104e-01
 -1.77341700e-02 -3.84351835e-02  1.75241962e-01 -1.03940777e-01
 -2.87194774e-02 -6.11652853e-04  1.19186286e-02  6.21272102e-02
 -1.04232475e-01  6.27008826e-02 -1.64131373e-02  1.55669838e-01
  4.02010642e-02 -4.73071542e-03  6.17656969e-02 -5.98561615e-02
 -1.58748806e-01  4.04693782e-02 -2.01091412e-02 -2.98208762e-02
 -8.78487825e-02 -6.19951822e-02 -1.29060475e-02  6.32297322e-02
  1.31973922e-01  6.95132166e-02  3.37360054e-02  9.55038890e-02
  1.68986376e-02  3.90952192e-02  8.69078860e-02  1.23826857e-03]