[-0.1007359   0.12357198  0.06672849 -0.18062811  0.06630758 -0.01109108
  0.03527277  0.01621186 -0.17010008  0.10054673 -0.11157361 -0.03649639
  0.04707673 -0.01010861  0.20454265 -0.04277381 -0.11917301 -0.21722201
  0.06591797  0.04092233 -0.11919486  0.00490253  0.03205882 -0.10510221
 -0.00034648  0.12358928 -0.08221085 -0.04577034  0.09525666 -0.0670897
  0.00285032 -0.0156353  -0.03939885  0.01083309 -0.00388726  0.01920026
  0.07299238  0.13347962  0.07472856  0.06921984  0.09696696 -0.08320794
 -0.00635089 -0.06279762 -0.07028294  0.27602381  0.10166074  0.0477763
 -0.13939132 -0.03492448 -0.135325    0.01088392 -0.02937532 -0.01042947
  0.0517289  -0.0293133  -0.0071002   0.07350103 -0.09933788  0.01839505
 -0.01480941  0.05177919 -0.00278326  0.02722622  0.07160834  0.07514893
  0.00476596  0.15067527  0.07024936 -0.11830584  0.00384282  0.11054979
 -0.05004761  0.11365651  0.21040452  0.07305396 -0.1087013   0.03455767
  0.1608635   0.07828064 -0.01827782 -0.02114257  0.01895426  0.1072548
 -0.04052327 -0.08203494  0.0853563   0.09787381  0.04127222 -0.02714273
  0.06156812  0.06236067  0.10769815  0.0325169  -0.13663773 -0.09921872
  0.08363687  0.02690319  0.04930994 -0.10580446 -0.09302232 -0.03540642
 -0.04657621  0.01548185 -0.16500989  0.05824828 -0.10823512  0.15483072
  0.07508647  0.01092657  0.14322639  0.06872553 -0.12982841 -0.01526264
 -0.04119555  0.02648632 -0.1453159  -0.06090278 -0.06802139  0.06306481
  0.04244613  0.05804383 -0.03303107  0.0861783  -0.12277254  0.02272933
 -0.10067727 -0.03595457]