[-0.04082615  0.1910053   0.13769598 -0.10607186 -0.00950389 -0.0732489
 -0.06421966 -0.07414693 -0.03385234  0.03637427  0.03414029 -0.10415517
  0.0207615   0.15713869  0.18117619  0.01886395 -0.02381268 -0.18202339
  0.01045102  0.01688246 -0.06741925  0.17279184  0.00624707 -0.02578965
 -0.00437788  0.04339292  0.00857982  0.12787648  0.12519971  0.05600922
 -0.08187532 -0.03374648  0.07321244  0.04319918 -0.01396665  0.09528085
  0.17361677  0.11517259  0.07446022  0.14679158 -0.04636733 -0.0080947
 -0.00574825 -0.19101097  0.01942388  0.28652644  0.05459948  0.019315
 -0.02524808  0.00204993 -0.01778632  0.21503426 -0.0536546   0.09170756
  0.07309949 -0.03218746  0.06024493 -0.08485843 -0.08879695  0.05527179
 -0.033755   -0.01522083 -0.09848398  0.04193494 -0.07291224  0.03269256
  0.07061302  0.15002364  0.09620386  0.02277011  0.05813714 -0.01050197
 -0.03927534  0.02749906  0.28028205  0.07930479 -0.07435989  0.0584499
  0.05570466  0.03328956  0.14223313  0.08660766  0.0579988   0.11872965
  0.05296803  0.03352784 -0.02269185  0.01844128 -0.05462751  0.10557026
  0.00478607 -0.03053171  0.0894457   0.11752304 -0.15127914 -0.14001107
 -0.02322147 -0.0142482   0.14677197 -0.09745363 -0.01060069  0.04430251
 -0.00798581  0.02584898 -0.09031625  0.0454013  -0.06472654  0.04312694
  0.09298503 -0.02580138  0.07355467  0.00269593 -0.09851411  0.06436905
 -0.073342    0.06004005 -0.07948621 -0.04756964 -0.13523702  0.01474016
  0.06253143  0.08063063  0.01019636  0.07779615 -0.023811    0.06958469
  0.05927605  0.02759716]