[-9.47845057e-02  2.40372285e-01  1.26790389e-01 -1.70110926e-01
  4.44010925e-03 -2.72744913e-02 -4.95678261e-02 -8.72255117e-02
 -2.90678255e-02 -6.33551851e-02 -6.64585680e-02 -7.51043782e-02
 -3.84601690e-02  4.40067761e-02  1.57438502e-01 -8.24701041e-02
 -1.36076808e-01 -1.82858229e-01  2.97522061e-02 -8.69350731e-02
 -1.04944251e-01  1.80585787e-01  2.04691966e-03 -9.51835290e-02
  4.92493957e-02  4.93602864e-02  5.02915233e-02  9.69211608e-02
  1.21166050e-01  2.76259556e-02  1.91049073e-02 -8.66138190e-02
  7.52492398e-02  2.08416041e-02  4.94689755e-02 -8.66665225e-03
  1.57267541e-01  4.76107895e-02  9.79204029e-02  1.07730068e-01
  8.47582966e-02 -7.88582414e-02  7.59600550e-02 -2.43986249e-02
 -5.32459617e-02  2.59108961e-01  9.11808163e-02  2.58840766e-04
 -9.38366205e-02 -9.63228196e-03 -1.13971360e-01  1.38201207e-01
  4.60217372e-02  4.78857197e-02  1.37927923e-02 -3.22410581e-03
  2.25691460e-02  1.25703551e-02 -1.29662082e-01 -1.57737415e-02
 -7.05099627e-02  1.28687434e-02 -1.43617475e-02  8.73730481e-02
 -4.06682007e-02  6.47673979e-02  5.24533913e-02  2.77132634e-02
  3.17917131e-02 -8.16726871e-03  5.31039666e-03 -4.51094955e-02
 -5.63114621e-02  5.27755357e-02  2.78880656e-01  4.99689020e-02
 -1.30696759e-01 -5.04215434e-02  4.80900481e-02  8.78125429e-02
  7.80358166e-02  7.00656250e-02  9.27495807e-02  1.74368635e-01
  4.32723351e-02 -2.91292109e-02 -5.36870537e-03  4.76631336e-03
 -7.45870844e-02  9.03676301e-02  6.11100793e-02 -3.80046144e-02
  5.78218549e-02  1.99258421e-02 -1.02796547e-01 -1.23436257e-01
 -2.52665468e-02  8.88523757e-02  1.07009418e-01 -9.51011330e-02
 -9.50955674e-02  2.84102764e-02  3.62710468e-02  5.67362309e-02
 -1.39039725e-01  2.64489464e-02 -5.53756282e-02  1.56314954e-01
  3.84336486e-02 -3.24378833e-02  1.82215333e-01 -3.94751988e-02
 -1.68636963e-01  5.41905388e-02 -1.03674971e-01  1.86188947e-02
 -6.69859424e-02 -3.80711369e-02  1.27754714e-02  5.91410324e-02
  1.47431090e-01  4.84195836e-02 -5.53582683e-02  1.40056554e-02
 -5.03946021e-02 -1.41053498e-02  3.97583097e-02  3.92702483e-02]