[-0.02450369  0.24903883  0.08881377 -0.18012536 -0.01151125  0.07022252
 -0.05027448 -0.03329872 -0.02893404  0.02061927 -0.01236741 -0.14141278
 -0.01958773  0.03108359  0.17044652 -0.0497301  -0.13433518 -0.1710377
 -0.03884258 -0.12348969 -0.09049183  0.1586439   0.01569945 -0.13971931
  0.03515051 -0.01170442  0.04254748  0.09344098  0.08351056 -0.01671194
  0.00308027 -0.07486811 -0.01140441  0.03097017  0.01054167  0.02973377
  0.08534466  0.01628265  0.10712943  0.14759618  0.01949112 -0.11225735
 -0.04354103 -0.07528049 -0.00494695  0.28978035  0.00150897  0.05135127
 -0.14434007  0.00053506 -0.05701037  0.26570725 -0.02378909  0.03657555
 -0.05819165 -0.04083254  0.05884077 -0.04700062 -0.10515983  0.00224131
 -0.05679078  0.02886795 -0.01312568  0.05604779 -0.07803679  0.04300729
  0.05038765  0.19769454  0.06698631  0.09715141  0.06298018  0.00805546
 -0.06913389 -0.00747768  0.21883909  0.05953027 -0.13491181 -0.03735568
  0.00901231  0.09875738  0.07258585  0.02794484  0.08179326  0.1328899
 -0.02582464  0.04013006  0.00869604 -0.01944666 -0.0462926   0.11209659
  0.03897912 -0.06463081  0.02891156  0.07696284 -0.14549606 -0.11548932
  0.00136445 -0.00564314  0.09394076 -0.0841815   0.00490778  0.05544702
 -0.02706442  0.03321604 -0.07999858  0.01754932 -0.09313266  0.14279906
  0.03538817 -0.03821974  0.16082604  0.01552085 -0.13386837  0.05198697
 -0.02240861  0.04301649 -0.14615434  0.00405429  0.03902426  0.05691318
  0.13358259 -0.00229384  0.01114167  0.06764227  0.05374465 -0.02107945
  0.08133278  0.03411505]