[ 0.02703555  0.01229311  0.14479485 -0.16412821  0.10987042  0.04812111
 -0.07076479  0.01419231 -0.14809737 -0.07271676 -0.00539989 -0.05846004
 -0.03008986  0.0728507   0.21382739  0.00390162 -0.01741712 -0.14295407
  0.10919169 -0.00502177  0.04301627  0.13337088  0.04336358 -0.09862284
  0.10196441  0.1406457   0.05144636  0.01793904  0.10372373 -0.08252236
  0.09828056 -0.1629253   0.0018105   0.04681197  0.10784791  0.10708196
  0.0530098   0.05713597  0.15676855 -0.05253798  0.00749361  0.04013897
  0.05017503  0.03055181 -0.03426829  0.14988823  0.06074161  0.00896685
 -0.1254146  -0.02297692 -0.1839139   0.00443755 -0.0378593   0.00726065
  0.05478533 -0.02154966 -0.08239345  0.14634566 -0.18863167 -0.00448854
 -0.03443864 -0.02665937  0.11247802 -0.0043946   0.11328654  0.06684806
 -0.04336292  0.13109303  0.04965325  0.08632611  0.03226495  0.08499549
 -0.08201336 -0.04760455  0.05740904 -0.06758033 -0.03122071  0.03353037
  0.10530385  0.04727968  0.01407983  0.04794635  0.05555219  0.02674727
 -0.01716083 -0.20182247  0.03871465  0.13624936  0.03960761  0.08020675
  0.19930719  0.02932614 -0.0445793   0.12431742  0.02809185 -0.04373169
  0.02123926  0.08050287 -0.03993928 -0.05340843 -0.1540769  -0.00102179
 -0.09500851 -0.10885163 -0.10742106  0.13440497  0.00381638 -0.03671729
  0.1577231  -0.09398544  0.10199022  0.02199573 -0.1186659   0.10518114
  0.16124456  0.01275881 -0.02905408 -0.09363011 -0.05671776  0.07220628
  0.06781247  0.05555951  0.04947007  0.07421438 -0.02493764 -0.00829925
  0.18241787 -0.00535375]