[-0.0114213   0.00670793  0.1492345  -0.1805128   0.060205   -0.00946378
 -0.04211152  0.04518624  0.00284529 -0.09186874  0.01757474 -0.07004248
 -0.01609933  0.08253472  0.18241371 -0.03045294  0.01130589 -0.11469235
  0.04296986 -0.03447418  0.03889728  0.16522796  0.04141256 -0.08120371
  0.06588584  0.09869343  0.06077286  0.08154307  0.15665187 -0.09175586
  0.13468778 -0.18098745  0.07726733  0.01673997  0.1035858  -0.0078769
  0.10834315  0.1759883   0.17302789 -0.00629271  0.02450192  0.0980006
 -0.00838539 -0.01718474 -0.03852663 -0.04796869 -0.06695624 -0.0067899
  0.02407507 -0.02520877 -0.23265946  0.01442257  0.02345822  0.04921608
 -0.04913985 -0.03333578 -0.02553546  0.11934221 -0.23690887 -0.05504684
 -0.09671235 -0.06879333  0.10049944  0.02035199  0.00384238  0.13806723
  0.01820382  0.07759432  0.01985612 -0.05702117  0.03391973 -0.00323099
 -0.05045418  0.00750655  0.10220738 -0.09865317 -0.04980101 -0.09512851
  0.10384203  0.0603838   0.01242957  0.04647731  0.1292946   0.06232681
  0.10633418 -0.19740514  0.0351993   0.14558165  0.06627426 -0.01110856
  0.15355442 -0.01593559  0.02891799  0.11805339  0.06586579 -0.13481417
 -0.04636589  0.06874976 -0.09322149 -0.01047497 -0.12145106 -0.05062073
 -0.06377013 -0.03883937 -0.05852996  0.10126363  0.09757091 -0.09815166
  0.20551986 -0.11822836  0.08883345  0.00768898 -0.09500507  0.1863462
  0.09678865  0.0150557  -0.03247168  0.0055607  -0.04566127  0.01982203
  0.04423289  0.03222573 -0.02794053  0.01059501 -0.04060312 -0.02658748
  0.10642853  0.03443066]