[-8.94133188e-03 -4.73302677e-02  7.63291791e-02 -1.35569766e-01
  4.64469055e-03 -2.77599972e-02 -1.18706264e-02  5.04363030e-02
 -1.31784678e-01  8.64832029e-02  1.02311514e-01  2.69831456e-02
 -1.56248210e-03  2.08131090e-01  1.82900593e-01  1.76434461e-02
 -9.62369796e-03 -6.27970323e-02  1.67484373e-01 -4.44154404e-02
 -5.24511784e-02  1.83749065e-01  6.97298795e-02 -1.35682732e-01
 -3.68716866e-02  1.79832205e-01  1.43820137e-01  5.15886359e-02
  9.10179839e-02 -2.12427154e-02 -1.16866626e-01 -5.38144149e-02
  1.08919233e-01 -1.79364197e-02 -3.21420096e-02  4.41524573e-02
  5.52633554e-02  1.49148211e-01  1.51583984e-01  1.95565477e-01
 -3.36567126e-02  8.63071978e-02 -1.03600122e-01 -1.32752478e-01
 -1.28063574e-01  4.76946086e-02 -2.99603716e-02 -1.39741048e-01
  1.83977094e-03 -7.63182789e-02 -2.98474431e-02  1.25554889e-01
 -1.13572426e-01  1.39333561e-01 -1.79439373e-02  1.89540107e-02
  1.45475507e-01  5.02598137e-02 -2.15503812e-01  1.97383046e-01
 -6.95501119e-02 -1.25042647e-01  6.14809915e-02 -1.10401884e-02
  9.45452303e-02  4.58607711e-02  8.26081785e-04  1.53084904e-01
  1.03310861e-01  7.74177760e-02  6.74066469e-02  6.39679804e-02
 -3.17793451e-02  7.06701428e-02  1.53058827e-01  7.93327112e-03
 -4.38719988e-02 -3.81373353e-02 -1.78755689e-02 -9.86255482e-02
 -1.25657124e-02  1.38942925e-02  1.23059489e-01  6.69903234e-02
 -4.39823084e-02 -7.18467757e-02  9.48380455e-02  4.44237851e-02
 -9.35746916e-03 -5.18377610e-02 -1.32213845e-05 -4.61970270e-03
  3.57952379e-02  1.42652377e-01  3.35750245e-02 -1.32495031e-01
 -4.27137222e-03  6.25986047e-03  8.52057263e-02  4.77345288e-02
 -1.12429351e-01 -2.28149374e-03 -2.94719022e-02 -9.06449184e-03
  1.72098111e-02  6.02505580e-02  2.90961508e-02 -9.84706208e-02
  8.18318129e-02 -1.60713866e-01 -3.15332152e-02 -1.39091648e-02
  3.23687047e-02  4.10525948e-02  7.49162734e-02  2.53632963e-02
  5.55388704e-02 -5.20113558e-02 -2.15319544e-02  8.77711084e-03
  7.17876330e-02 -6.74362481e-02  1.36403712e-02 -1.66782979e-02
  3.25215422e-02  9.60040912e-02  7.50612542e-02  1.31890610e-01]