[-0.01493309 -0.01407599  0.05087273 -0.04077195 -0.02099647 -0.08755106
 -0.01787097  0.04652723 -0.02690337 -0.02639293  0.03659257 -0.08524144
  0.03787223  0.1518231   0.21028848 -0.14544813  0.16442738 -0.13857558
  0.20112027  0.06015075 -0.066959    0.00117461  0.03712603  0.03332622
  0.05793603  0.01424422  0.04275086 -0.01672152  0.03873103 -0.04313475
  0.10144651 -0.22282806  0.17111136 -0.0540826   0.07307163  0.06361317
  0.11966256  0.17931607 -0.02769454 -0.06795698 -0.01177989  0.09003315
 -0.07730465 -0.01255996 -0.09732519  0.13124226 -0.01548483 -0.03429941
  0.01503541 -0.11522843 -0.19058205 -0.02786704  0.14549029 -0.03199626
  0.0061476   0.02950191 -0.09623664  0.0693776  -0.06423847 -0.02524941
 -0.08653494 -0.03722972 -0.02350793 -0.06991172  0.08869404  0.11532033
  0.08452555  0.03510081  0.0098402  -0.16780905  0.05663096 -0.08296404
 -0.07156597 -0.13838969  0.12737614  0.03236532 -0.04987783  0.00164596
  0.15009281  0.08974753 -0.16499554 -0.07356365 -0.02787649 -0.01063012
  0.13365997 -0.11206815 -0.01667724  0.01233078  0.00163014 -0.03090629
  0.0347784   0.00961284  0.14190561  0.03927941  0.0004183  -0.16608238
  0.04284932 -0.01788819 -0.01026868 -0.06298558 -0.09031829  0.05057799
  0.02280211 -0.1323403  -0.17113414  0.09728545  0.12347601 -0.1167129
  0.12307005 -0.05060597  0.07770332 -0.06744294 -0.02530727 -0.00039711
 -0.01646111  0.03011573 -0.12261377 -0.11948699 -0.08234593  0.00789983
 -0.07487027 -0.03512868 -0.16694437  0.08951359  0.05305874  0.03654197
  0.04054007 -0.00367831]