[-0.03042273 -0.0690194   0.12933439  0.01966748 -0.05596329 -0.01752439
 -0.06534988  0.03189996  0.02408186 -0.11647186  0.03517451 -0.01820096
  0.0051336   0.09158877  0.11586346 -0.15660492  0.00600921 -0.11028249
  0.13825555  0.08061715  0.04055781 -0.04316103  0.01087184  0.15739444
  0.09602986  0.0439835   0.06959906 -0.03100327  0.00128923 -0.03399066
  0.10837526 -0.24233608  0.14488004  0.02151109  0.07333899  0.08312277
  0.06551959  0.13573673 -0.09167255 -0.14983496  0.04196365  0.00333394
  0.00899399  0.0564564  -0.08584785 -0.06922816  0.04552862 -0.03109614
  0.03018318 -0.01685811 -0.14991961 -0.09406792  0.16195221  0.02723477
  0.19683403  0.05600404 -0.13294233  0.08376896 -0.03958383 -0.20388712
 -0.0919023  -0.04943065  0.05351814 -0.01902491  0.05475966  0.17728268
  0.07015099 -0.07420472 -0.03032848 -0.05239234 -0.03465032 -0.07410997
 -0.05418404 -0.08960947  0.15162164 -0.04871266 -0.01442843 -0.00059269
  0.16040009  0.13528793 -0.10573176 -0.03422992  0.04641576 -0.0744303
  0.12125305 -0.14946294  0.01284567  0.11763205  0.07572987  0.0646006
  0.09531289 -0.03007134  0.10885711  0.00736958 -0.0709748  -0.11960724
 -0.01703065  0.05516095  0.04234054 -0.09075404 -0.0371709   0.05446944
  0.03223404 -0.17143223 -0.11776905  0.12821184  0.0804572  -0.12584101
  0.06995442 -0.09584271  0.06245127  0.03436884 -0.06113698 -0.02403217
  0.05742296  0.03969964 -0.00641158 -0.11358287 -0.03808529  0.04017683
  0.01226829 -0.03707366 -0.08468264  0.00351691 -0.01643542  0.09678859
  0.18608193  0.06798336]