[-1.12658978e-01 -1.36353518e-03  5.17767854e-02 -5.16015142e-02
 -8.05939957e-02 -6.34603649e-02 -2.63719005e-03  1.02289863e-01
  1.28665239e-01 -2.29422692e-02  4.47668172e-02 -4.53626644e-03
  7.24852830e-02  1.36200786e-01  4.17400971e-02 -1.44422382e-01
 -2.07076557e-02 -1.05756424e-01  7.58197811e-03  2.67873332e-02
  6.23657927e-03 -1.05754927e-01  9.50654317e-03  6.26053736e-02
  2.79966649e-02  4.36021648e-02  8.17333087e-02  4.46162000e-02
  4.00696658e-02 -4.00678888e-02  8.96449685e-02 -1.20159939e-01
  1.93874523e-01  5.05806366e-03 -5.80305420e-02  4.14086087e-03
  8.52577835e-02  2.63712615e-01 -1.11138225e-01 -4.90924194e-02
  9.20083001e-02 -3.52968136e-03 -1.96656329e-03  4.63195667e-02
 -1.14026435e-01 -1.81830361e-01 -2.57767104e-02 -6.47186711e-02
  9.39803571e-02 -7.57745877e-02 -1.47275522e-01 -5.23442663e-02
  5.65059893e-02  6.79131746e-02  1.28353968e-01  8.84993076e-02
 -1.01348422e-01  7.04786479e-02 -3.67824025e-02 -2.16738403e-01
 -1.62717178e-01 -1.42878443e-01  4.09737490e-02  6.71838457e-03
 -3.81790381e-03  2.31060654e-01  6.88923225e-02 -1.64277498e-02
 -5.61458524e-03 -9.27980468e-02 -1.28949154e-02 -8.99399519e-02
 -3.16499150e-03 -2.70980187e-02  2.19654739e-01 -1.07905967e-02
 -2.38867588e-02 -3.34814750e-02  7.82314092e-02  1.71056408e-02
 -1.44851908e-01 -4.22869548e-02  1.16676167e-01  2.76221149e-03
  9.60503221e-02 -8.64381641e-02  8.90002549e-02  1.48476273e-01
  1.57619759e-01 -2.46848185e-02 -1.68416593e-02 -1.40019923e-01
  1.21308960e-01 -6.27007559e-02 -2.49168836e-02 -1.68168008e-01
 -5.63620850e-02  5.10464758e-02  4.40168008e-02 -2.83929259e-02
 -6.75064102e-02 -7.44161056e-03  7.43109882e-02 -1.22419437e-02
 -9.70962271e-02  8.10225084e-02  9.66268475e-04 -6.32551834e-02
  7.59099796e-02 -1.98486403e-01 -9.56641417e-03  6.26683235e-02
 -9.51955467e-02  5.11178821e-02  3.94232199e-02 -6.70994166e-03
  1.90457853e-04 -7.76801631e-02  5.35114259e-02  2.83004586e-02
  4.33440022e-02 -2.71310098e-02 -1.05816931e-01  1.19504230e-02
 -1.27253868e-02  5.11930995e-02  5.39943539e-02  1.19560823e-01]