[-0.04365689  0.01013636 -0.05808812  0.04802133  0.00433788  0.01526173
  0.01934532 -0.02980556  0.04657727 -0.09557842  0.0534341   0.04903527
  0.08818039  0.0314192  -0.07791469 -0.06774326 -0.06627601 -0.10650471
 -0.00026824  0.12946396  0.14236605 -0.22173409 -0.09108904  0.08138826
  0.10378996 -0.00607055 -0.05546608 -0.07128533 -0.01184925  0.12181376
  0.0299005  -0.02675453  0.07021017  0.01489437 -0.0233892   0.0506516
  0.01851179  0.05432909 -0.04742613 -0.18816353  0.10067233 -0.10193624
  0.13376558  0.05081397 -0.01140197 -0.05502491  0.12168339 -0.03879445
 -0.05615355 -0.09330373 -0.16761173 -0.11788995  0.09816671  0.03513565
  0.22078136  0.07709838 -0.20804211  0.07448103 -0.06885976 -0.19392993
 -0.04097541 -0.03061149  0.12105215 -0.03640779  0.03349041  0.21675152
 -0.00281247 -0.01687444 -0.02883547 -0.18225093 -0.02231428 -0.03254997
 -0.07141273 -0.13282384  0.16613898  0.10007952  0.04265545  0.00541236
  0.05681301  0.12010768 -0.1093716  -0.03270384  0.0134955  -0.01001954
 -0.04094397  0.09507424  0.03770836  0.07723279  0.09141641  0.02544775
  0.04924188 -0.16129905  0.01772973  0.01671842 -0.14929782 -0.08049072
 -0.0612889   0.01856733  0.08440948 -0.06933573  0.01856154 -0.03768993
  0.04077225 -0.04004125 -0.14969984  0.18615477 -0.02334464  0.14656106
 -0.09465218 -0.09695486 -0.01363546 -0.0189057  -0.15194711 -0.05647486
  0.04085575  0.04769804 -0.12750879 -0.00914853  0.01730691  0.08048514
 -0.03067669 -0.01553245 -0.04495171  0.04182287 -0.04568498  0.14065227
  0.04171708  0.02202403]