[-0.10520101  0.09845179  0.05843244 -0.05806903 -0.12953506  0.00917957
 -0.03145272  0.0573517   0.12038198 -0.01813312  0.02763624 -0.06450868
  0.02554691  0.07065411  0.06463712 -0.19082715 -0.04626224 -0.12726344
  0.03483956 -0.01598103 -0.08009721 -0.05881264  0.03262425  0.04892268
  0.00553836 -0.0298564   0.06414411  0.06674898  0.04931056 -0.07845812
  0.12140859 -0.19285007  0.15637591 -0.01144612 -0.00528588  0.00267882
  0.10623112  0.22126514 -0.05866215  0.01338731  0.04602905 -0.03049303
 -0.07799334 -0.0486978  -0.07961845 -0.12975422 -0.05286828 -0.00668274
  0.04113128 -0.00500096 -0.17933609  0.04819617  0.13001698  0.04811868
  0.01313494  0.06056512 -0.04483515  0.04249188 -0.08395679 -0.1921079
 -0.19036408 -0.01667533  0.06944215 -0.06572451 -0.03733669  0.24422802
  0.12888376 -0.03631816 -0.08722878 -0.10047211 -0.01229864 -0.11381556
 -0.03370436  0.04810355  0.24514998 -0.01602517 -0.04492566 -0.11593315
  0.12010985  0.07576215 -0.13686264 -0.0760008   0.0949971   0.01643132
  0.11442667 -0.05149278 -0.0023717   0.07076178  0.1224779   0.00154149
  0.02567479 -0.12535931  0.21422644  0.00525934 -0.00712974 -0.20954099
 -0.04251803  0.03692928  0.01317782 -0.0203461  -0.02629953  0.01439174
 -0.00505685 -0.02667765 -0.06843181  0.11214648  0.09054016 -0.08635287
  0.05923565 -0.10130408  0.05739253  0.04479931 -0.00500881  0.05858884
 -0.02403106  0.01534691 -0.04066478  0.01374282  0.10280325  0.02194076
  0.03276118 -0.12275814 -0.11901615 -0.01651444  0.01518418  0.06401628
  0.03794605  0.08699773]