[-0.07071465 -0.0443098   0.05577859 -0.08434971  0.00374645 -0.06153435
 -0.04196237  0.06422393  0.01253166 -0.01076041  0.02697712 -0.10601497
  0.0838991   0.20143281  0.21146025 -0.07436451  0.06138946 -0.10904774
  0.10008896  0.07101088 -0.05599659 -0.0043199   0.06341823 -0.01783827
  0.03702367  0.04176639  0.00537691  0.05747929  0.07998256 -0.08655877
  0.11209401 -0.11964601  0.16750237 -0.04236391  0.03859515  0.09387371
  0.11499026  0.18543918 -0.04460368 -0.10602944  0.05131624  0.06394055
  0.01600577 -0.00808098 -0.12654066 -0.05120064 -0.02659802  0.03755601
  0.09136398 -0.06769123 -0.23533268 -0.11523841  0.10616366  0.02488256
  0.04002959  0.02285661 -0.09796976  0.04690475 -0.02582905 -0.13086332
 -0.17097688 -0.01914447  0.00062408 -0.0024244   0.0018849   0.3050386
  0.04679699  0.02529285  0.02255603 -0.19120547  0.00806858 -0.06231762
  0.01537534 -0.05579885  0.18005766 -0.03928937 -0.04153381 -0.08800723
  0.13711116  0.00596778  0.00702456 -0.04573826  0.01781208 -0.01511351
  0.14099742 -0.0636866  -0.01074889  0.13037461  0.09469106  0.01559876
  0.10365948  0.00714249  0.08999639 -0.00254973 -0.01019796 -0.13708273
 -0.07200618  0.10187488 -0.02502528 -0.05179556 -0.06460215 -0.03503202
  0.09713735 -0.16402169 -0.14795808  0.15001522  0.06787495 -0.125725
  0.18252695 -0.06908794  0.04515761  0.01506909 -0.02614823  0.0341452
 -0.00361066 -0.01843655 -0.01346913 -0.02554339 -0.05658123 -0.02712454
  0.01095059 -0.07569748 -0.05398992  0.05054579 -0.08268097  0.03135648
  0.04931665  0.08008931]