[-0.0840207  -0.01551727  0.07563504 -0.08739205  0.14675088  0.02786726
 -0.08666829 -0.04457059  0.10251203 -0.08463792 -0.01739844  0.01509561
 -0.08909196  0.01580996  0.07854903  0.04266194 -0.02374897  0.00920856
  0.07080947 -0.09611136  0.1285512   0.18239275 -0.07865447 -0.09205312
  0.09831561  0.07772215 -0.00138156 -0.0282795   0.02499904  0.05325023
  0.12540549 -0.12339393  0.07249354 -0.05888446  0.17523567  0.10682315
  0.07815748 -0.12885103  0.11274832 -0.03752046  0.08448876  0.11870766
  0.08309723  0.0655923   0.01535237  0.06790685  0.04592612 -0.06716073
  0.04296097 -0.13956957 -0.12348019 -0.03504968  0.02417015 -0.00147719
  0.05018673  0.05269822 -0.04415458 -0.01623205 -0.17913765  0.01726936
  0.0141917  -0.09171682  0.00889301  0.04652594  0.09108137 -0.11686347
 -0.02529134  0.09381685  0.14549649  0.06548084  0.14264645  0.05124933
 -0.03664662 -0.25035977 -0.01063333  0.10458906 -0.1519033   0.10309961
 -0.06088769 -0.0483783   0.02966021  0.24776173  0.09866168  0.19610681
  0.01095482 -0.02112356  0.08980294  0.11755417 -0.08758155  0.00785621
  0.00994775  0.03120416 -0.10663947  0.04663474 -0.01622591 -0.0243991
 -0.0657989   0.01351597 -0.08128968  0.02096623 -0.03526921 -0.04714493
 -0.02431757 -0.17073479 -0.03681708  0.03710955  0.01425959 -0.10749195
 -0.03849304  0.07417002 -0.00105877 -0.20660473 -0.12001996  0.00247628
  0.06089453  0.03260089 -0.09455781 -0.1028271  -0.1477855  -0.02313572
  0.10216218  0.10869745  0.02368959 -0.01825296 -0.00862179  0.03909296
  0.09064828  0.09176638]