[-4.00679037e-02  6.79674000e-02  1.75467566e-01 -6.50030002e-02
  1.55373007e-01  9.39420462e-02 -5.32239117e-02 -4.17150110e-02
 -1.22163771e-02 -2.32679527e-02  2.32204217e-02 -3.09972223e-02
 -6.82074130e-02 -2.38653943e-02  1.53795063e-01  4.59776185e-02
 -2.95821950e-02  5.33872433e-02  1.21841591e-03 -1.04517251e-01
  1.28783435e-01  1.84847087e-01 -6.51788339e-02 -7.98421577e-02
  1.22398734e-01 -1.40186036e-02 -5.90310618e-02 -4.97247267e-04
  7.48163611e-02  3.68326940e-02  7.10832551e-02 -1.22564569e-01
  1.76045150e-02 -2.92642359e-02  1.87406436e-01  7.08852261e-02
  2.70038322e-02 -1.73479155e-01  1.10488549e-01 -5.16734421e-02
  7.07197934e-02  5.04913218e-02  6.13833070e-02  1.55875238e-03
  1.97643312e-04  1.57526061e-01  2.63133608e-02 -3.83401886e-02
 -1.04603082e-01 -1.52071401e-01 -5.02884313e-02  2.59103682e-02
 -8.36333260e-03 -4.04626429e-02 -1.69252846e-02  3.78062986e-02
 -4.08732295e-02 -4.64689545e-02 -1.63716540e-01  6.32465407e-02
  2.03552768e-02 -2.35556066e-02 -4.55571674e-02  4.40491401e-02
  1.10859260e-01 -4.34303023e-02 -6.43690675e-02  1.19592801e-01
  5.64343780e-02  9.75502357e-02  1.54604524e-01  5.83435483e-02
 -2.56652981e-02 -2.82988340e-01  1.23374593e-02  1.32852107e-01
 -1.47287548e-01  7.71872774e-02 -2.03646477e-02 -1.27217537e-02
  5.11573665e-02  1.61964685e-01  7.77828991e-02  1.80782527e-01
 -1.88190155e-02  3.05394046e-02  5.88639490e-02  5.34224920e-02
 -1.43886611e-01  1.14349045e-01  3.07438169e-02  1.35062877e-02
 -1.34703442e-01  1.22808628e-01 -1.19238809e-01 -2.96504665e-02
 -7.30485246e-02 -1.22207422e-02 -5.91993146e-02  6.87200483e-03
  4.45401743e-02  6.56413892e-03 -4.08024266e-02 -1.74749702e-01
 -6.30158419e-03  6.03292361e-02  5.83377928e-02 -2.32769996e-02
  2.33907457e-02  2.78669558e-02  2.41710562e-02 -1.64774686e-01
 -9.19109657e-02 -6.46674715e-04  9.24438611e-02  3.42696682e-02
 -2.05882162e-01 -1.48798490e-03 -1.44532710e-01  1.66884847e-02
  6.85025603e-02  2.80166622e-02 -2.38174889e-02  3.49798123e-03
  9.55321863e-02  9.46070254e-02  1.28472358e-01  2.38467511e-02]