[-0.03857416  0.04736111 -0.00035807 -0.06538476  0.08346177  0.10907429
 -0.13134955  0.01584188  0.09891354 -0.06916401  0.01811881 -0.03139526
 -0.08230886  0.03195788 -0.01316708  0.02766058  0.01894953  0.03494875
  0.06685458 -0.08552253  0.18034476  0.11166669  0.04420775 -0.07572241
  0.0703271  -0.03452778  0.05049416 -0.06656607  0.00726645  0.03644895
  0.12704898 -0.21350347  0.07579857 -0.07690566  0.1312336   0.11859227
  0.01351111 -0.03657431  0.02331686  0.02693134 -0.07184405  0.16185291
 -0.03973356  0.06850806 -0.00799572  0.04655185  0.03086541 -0.08784136
  0.01970286 -0.02920996 -0.04993688  0.10326888 -0.02717819  0.01119163
 -0.00110203  0.0379221   0.09396859 -0.0275529  -0.09461493 -0.05936024
 -0.00554348 -0.08888558  0.07341512 -0.07071177  0.10717606 -0.24299964
 -0.00431463  0.13970253  0.12093914  0.24493405  0.17132273  0.09521737
 -0.05628356 -0.25448039 -0.06411659  0.08108348 -0.13620706  0.15197523
 -0.08779178 -0.05169428 -0.08670075  0.19815998  0.07546699  0.15924717
 -0.01312588 -0.00116762  0.02534213  0.0927257  -0.01482731 -0.02549457
 -0.04582379 -0.03064653 -0.09266274  0.02552049  0.09025269 -0.08077734
 -0.02470022  0.07230716 -0.1240431   0.05767105 -0.00094621  0.03121202
 -0.05782144 -0.12555592 -0.01861507  0.02037378  0.0095495  -0.16900539
 -0.00207576  0.02090359 -0.04809898 -0.12921076 -0.03431775  0.038119
  0.10302445  0.09406704 -0.05464306 -0.12165596 -0.07750203  0.03177527
  0.02469177  0.07660113  0.04076266 -0.02425     0.04820491  0.0283587
  0.14278039  0.12620953]