[-0.05032258  0.04609902  0.04326101 -0.09809586  0.1535016   0.05972488
 -0.03017006 -0.04959942  0.15166377 -0.04789699 -0.01974974 -0.04041832
 -0.05535682  0.00118545  0.0690591   0.05751704 -0.00697284  0.06469736
 -0.02556767 -0.16331354  0.15391767  0.18758804 -0.05066824 -0.14050375
  0.07909495 -0.01947354 -0.05277392 -0.02587392  0.05634463  0.08984963
  0.12842152 -0.0397891   0.06456929 -0.05644371  0.20340246  0.03621051
  0.07409946 -0.09575894  0.11607088 -0.05761396  0.04763157  0.09566056
  0.04375693  0.04303765  0.02701002  0.10576928 -0.03458357 -0.01684038
  0.0130321  -0.1666968  -0.09801143  0.04698464  0.04727052 -0.0406337
 -0.04636696  0.04033485  0.01738714 -0.06036299 -0.17530748  0.01107282
  0.0014628  -0.08424697 -0.01041586  0.037521    0.06473333 -0.11168613
 -0.05196035  0.15899482  0.09968454  0.0879002   0.1620405   0.01690883
 -0.06367157 -0.30021539 -0.06580994  0.12723048 -0.15653463  0.03557498
 -0.09166878 -0.04673516  0.03403579  0.2234451   0.06557137  0.2023029
  0.01583062  0.00502532  0.05752549  0.06241426 -0.10313214  0.03959978
  0.00123099 -0.00503093 -0.13143443  0.03869746 -0.022291   -0.01578533
 -0.07894834  0.02018949 -0.08561908  0.04331501  0.08190978 -0.03208722
 -0.0186472  -0.11650862 -0.01385702 -0.02987923  0.01451058 -0.07274947
  0.01795886  0.07082585 -0.00572745 -0.19997716 -0.13746978  0.00404149
  0.08685453  0.05866151 -0.156625   -0.04109651 -0.10641267  0.00310044
  0.1029707   0.08573865  0.01605457  0.00246952  0.04966221  0.00561151
  0.07653914  0.05351521]