[-0.08242109  0.19905147  0.03562934  0.02427028 -0.1043527   0.14556913
 -0.0579955   0.04099768  0.04684888  0.05959145  0.10918106 -0.04365616
 -0.08830681 -0.11330087  0.01583996 -0.08693549 -0.05793333  0.10711125
  0.04315197 -0.08748937 -0.01628186 -0.05916503  0.07006324  0.06775235
  0.05548449 -0.11290123  0.10569099 -0.02054091  0.03236365 -0.06913898
  0.10270446 -0.1984688   0.090725    0.01955739  0.05062378  0.01076746
  0.02388401  0.0109442  -0.04743996  0.05376298 -0.0076498  -0.07926564
 -0.04136183  0.05371616 -0.08492222 -0.16105267  0.07341569 -0.05875892
 -0.13492513  0.05546134  0.00373417  0.04550136 -0.04712578  0.00208126
 -0.06628548  0.13597487 -0.00237483  0.01507133 -0.05945947 -0.08210061
 -0.15162484 -0.04227944  0.15326458 -0.19896552  0.1410601   0.05153147
  0.02642111 -0.14519159 -0.1843984   0.21019769 -0.0351923   0.00635226
 -0.05434552  0.04526133  0.07316426 -0.10606039  0.00753362  0.05568848
 -0.0234485  -0.10296263 -0.21875249 -0.01134256  0.0165954  -0.00173965
 -0.03289948  0.02404658 -0.07058346 -0.04399931  0.08406565  0.05703131
  0.01086433 -0.13990141  0.03416958 -0.06690314  0.15958978 -0.07547768
 -0.04841045  0.08230641 -0.04062837  0.07551365 -0.07304057  0.01387434
 -0.04999159 -0.03740193  0.09367073  0.11570647  0.11968075 -0.09897486
 -0.02333554 -0.09264892 -0.06559305  0.05454198  0.14177582  0.01650402
  0.08187297 -0.0770987   0.07299425 -0.03441082  0.21850874  0.07885207
  0.08239667 -0.13897794 -0.04587222  0.00530393  0.10954536  0.05236755
  0.1325376   0.05394227]