[-0.00809771  0.17168204  0.11980955 -0.05336169 -0.00554577  0.04289098
  0.10209937  0.01555522 -0.17966916  0.05402464  0.03459227 -0.10215452
  0.03736275  0.04424492  0.12691996 -0.01734756 -0.10618088 -0.06332836
 -0.04142236  0.00111942 -0.00848757 -0.06168671 -0.01622264 -0.0779696
  0.03962505  0.05857851 -0.15090382  0.05535675  0.18076143 -0.06137608
 -0.03455057  0.06940578 -0.10044824  0.04112068 -0.02667264  0.00283542
  0.01410934  0.15060282  0.0975937  -0.0129259   0.08984727 -0.06374397
  0.07054948 -0.04524743 -0.08368084  0.04471586  0.09927326 -0.00278942
 -0.18008725 -0.05657084 -0.10731531  0.07738467 -0.1181585   0.08592942
  0.06856123 -0.02642187 -0.02002989  0.09683331 -0.03618651 -0.08896048
 -0.08013619  0.04542132  0.08242647 -0.00726888  0.00357344  0.3080146
  0.02426096 -0.00166308 -0.02138964 -0.00496016 -0.00134624  0.09283353
  0.0498265   0.2304915   0.20189747 -0.1088819  -0.02631264 -0.03907773
  0.09473091 -0.05361662  0.03020797  0.01317827  0.04605963 -0.0552601
 -0.01849348  0.01065937  0.02714478  0.0664339   0.09197394  0.04796451
  0.17952222 -0.05445011  0.01407732 -0.06601257 -0.04886759 -0.12332385
  0.0196116   0.11608101  0.0457117  -0.01560327 -0.11799887  0.02152723
  0.07096756  0.0784287  -0.10794829  0.18045473 -0.012877    0.19010639
  0.19213514 -0.15086192  0.07125215  0.12733375 -0.12688817  0.02938727
  0.10475092 -0.05878592  0.02101304 -0.03462515  0.09013692 -0.00548089
  0.05832603 -0.02466287  0.05727226  0.07961822 -0.06606294  0.02538876
  0.07702167  0.02100872]