[-0.06622835 -0.06850503  0.00238395 -0.12960978 -0.04659998  0.08083799
 -0.16079052  0.00664415 -0.10014608 -0.02282996  0.00923621 -0.01714518
  0.13962592  0.1230812   0.02850505 -0.04428368 -0.10003124 -0.10312768
  0.02838578  0.11827605  0.03688415 -0.05998717  0.08787128  0.11562379
 -0.00523371  0.08367338  0.08397311 -0.01274875 -0.02839735 -0.05293766
  0.04704149 -0.23797964 -0.00563473  0.00627559 -0.03632892  0.12472864
 -0.077171    0.11852559 -0.04839898  0.02752695 -0.07725245  0.00570837
 -0.0537862   0.0478682  -0.01607096 -0.14169998  0.06654493  0.0929443
 -0.00081734  0.09498269 -0.08941751 -0.17005807  0.03169474  0.04442415
  0.08206069  0.01933219 -0.07326627  0.18475583  0.03472327 -0.21685186
 -0.05084983  0.09651874  0.15809226  0.04037946 -0.03628929  0.13223185
  0.04864774  0.1030964   0.01705247 -0.07664039 -0.00476755  0.04030241
  0.0241406  -0.03719004  0.129923   -0.02892998 -0.06586805 -0.07604104
  0.15725785  0.13921231  0.05476288 -0.08194511  0.03012263 -0.07165077
 -0.11393422 -0.04415328  0.04314387  0.11363297  0.1489905  -0.02875752
  0.04626367 -0.04687446  0.16896737  0.07779275 -0.09047548 -0.07412469
 -0.084712    0.08155439  0.00962273 -0.06659324  0.00106191  0.00129749
 -0.06063375 -0.08911039 -0.09214927  0.14257719 -0.10936896 -0.09688273
 -0.03142793 -0.07384332  0.08865132  0.14260168  0.02980774  0.06675692
 -0.04382541  0.12695488 -0.09535259  0.09582523 -0.09651773  0.00787769
 -0.05694292 -0.13353232 -0.01671951 -0.0686084  -0.18259384  0.13328482
 -0.0774992   0.0494647 ]