[-0.06558458  0.06906532 -0.14661177 -0.17022963  0.11901342  0.10634455
 -0.0968798  -0.12912323 -0.02915364 -0.07238293  0.00697033  0.00235893
  0.09169542  0.11855234  0.02645269  0.04440197 -0.08623836 -0.114355
  0.05098459 -0.00735267  0.0580974   0.031953    0.0381741  -0.09706045
  0.09883584  0.09776177  0.06097441  0.00533269  0.05789153  0.09026553
  0.10134447 -0.06057571  0.05542292 -0.03541845  0.02811334  0.08542121
  0.0545701   0.00099621  0.15775326 -0.00835083  0.05714772 -0.00886803
  0.1546144   0.09047495 -0.074752   -0.01890379  0.11413455  0.05548123
 -0.01820543 -0.05856157 -0.18222047 -0.10999381  0.0468886   0.04365485
  0.03634603  0.04686626 -0.07923469  0.18773438 -0.12661603 -0.10074518
 -0.11949334  0.01320281  0.22052713 -0.02335159  0.02074243  0.16787384
 -0.03775466  0.13175119  0.04566016 -0.115554    0.0219929   0.06073035
 -0.066429   -0.1194952   0.16693953  0.06649503 -0.06744719 -0.10186179
 -0.01303341  0.07240954  0.09692185  0.05183889  0.10063922  0.11740787
 -0.11726682  0.03992728  0.03680187  0.0684089   0.03584608 -0.0156354
  0.06678943 -0.10143852 -0.02212642  0.06952865 -0.03192467 -0.09367822
 -0.12427133  0.15658921 -0.00436298 -0.03873267 -0.06789507 -0.08653952
  0.02143846 -0.00967466 -0.16535056  0.1626147  -0.09538966  0.0832632
 -0.05196616 -0.04565856  0.0935718  -0.04360387 -0.09325799  0.1051934
 -0.03733946  0.05779513 -0.12975121  0.08459881 -0.02948881  0.07041985
  0.0957587  -0.06769405  0.02112898 -0.03290958 -0.17342451  0.07076932
 -0.07003331  0.09359124]