[ 1.02098100e-02  1.39125139e-01  6.57892823e-02 -6.64834306e-02
 -3.23765799e-02 -3.06459479e-02 -9.48662776e-03 -8.39845929e-03
 -6.57561347e-02 -1.99422892e-02  7.26932064e-02 -7.43465051e-02
  8.18950310e-02  5.30394204e-02  8.70580077e-02 -4.39338423e-02
  1.12653844e-01 -6.47152960e-02  2.34332904e-02  8.98691341e-02
  7.11771846e-02 -2.65179630e-02 -1.54805630e-02  1.38916180e-01
  1.98573228e-02  7.74911866e-02 -3.74080576e-02 -6.44764230e-02
  1.93254992e-01  3.92333567e-02  5.99754527e-02 -3.13749649e-02
  4.70344797e-02  2.19381563e-02 -1.93604548e-03 -9.14460514e-03
  8.33641738e-02  2.97414780e-01  8.38515535e-02  1.82159785e-02
 -4.41352837e-02  4.18585166e-02 -7.86360130e-02 -3.65220159e-02
  1.76344272e-02  8.63053054e-02  1.17608100e-01 -4.98097278e-02
 -1.54416114e-01 -1.19229138e-01 -1.29529059e-01  5.97862676e-02
  4.66946959e-02  7.29346182e-03  2.51596561e-03  1.76862646e-02
 -1.98147781e-02  1.37210131e-01 -6.72526211e-02 -1.52658537e-01
 -4.98585887e-02 -1.54080028e-02  8.73540044e-02 -5.64432032e-02
 -2.58147232e-02  1.14311568e-01  1.24604635e-01  3.76874693e-02
 -1.00438213e-02 -1.23435713e-01  7.78182177e-03 -6.22357279e-02
 -9.31339636e-02  3.51570845e-02  1.74902394e-01 -7.84604102e-02
 -7.48666674e-02  5.48384041e-02  1.20939009e-01  8.65590125e-02
 -1.24367177e-01  1.11080870e-01 -3.54347639e-02 -9.76021066e-02
  8.98073688e-02 -5.39724305e-02  5.31545794e-03 -2.26414739e-03
  2.85155755e-02 -5.51186614e-02  7.51213506e-02 -6.30042478e-02
  1.00727096e-01  6.76160678e-02  2.45272815e-02 -1.43527016e-01
  3.38182561e-02  4.38027009e-02  6.83162780e-03 -6.93725571e-02
 -1.03580818e-01 -1.92901905e-04 -4.39409986e-02  1.55163333e-01
 -1.98611900e-01  1.21771500e-01  2.26992667e-02  1.11848051e-02
  1.75471082e-01 -1.71590075e-01  7.91337639e-02  9.48304385e-02
 -1.54661641e-01  3.71008627e-02  4.04652171e-02  3.69037390e-02
 -2.26667196e-01 -2.09273562e-01 -3.66282053e-02  9.85131320e-03
 -5.27189560e-02  8.16910863e-02 -1.03315607e-01  8.40820149e-02
 -5.51383905e-02  5.55950068e-02 -2.02049613e-02 -8.01799521e-02]