[-0.06443172 -0.00350799 -0.00915152 -0.14503896  0.09454197  0.16202176
 -0.06995638  0.01101434  0.06026829 -0.15363146  0.0199259   0.06079376
  0.01459348  0.01017284 -0.02382843  0.00831366 -0.14799786 -0.04704262
 -0.05612364 -0.03067416  0.1650781   0.03205708  0.05070491  0.00554772
  0.06792213  0.04569094  0.0759678  -0.03259468  0.03778434 -0.0173424
  0.12744817 -0.14787629  0.04543113  0.05191082  0.01844674  0.05679809
  0.02025517  0.04110461  0.07096298  0.01662453  0.10681182  0.02837227
  0.09432685  0.0844647  -0.07803666 -0.19761334  0.08385253 -0.03347484
 -0.02484465  0.03913667 -0.17811452 -0.13147467 -0.01897418  0.09994546
  0.08595365  0.06792007 -0.04498262  0.19639978 -0.18964709 -0.1546693
 -0.12735882 -0.0144991   0.24561556 -0.049868    0.03612841  0.09787977
 -0.03243151  0.07745697 -0.00077506  0.06907666  0.02501468  0.0701396
 -0.05612235 -0.04233754  0.13234301  0.00828385 -0.06205316 -0.0486847
 -0.01523542  0.00067068 -0.02067719  0.11765185  0.16580421  0.08188517
 -0.11443298  0.01564905  0.10364665  0.15095335  0.05567461  0.00344976
  0.13283414 -0.17337465 -0.04973904  0.02729153  0.04624682 -0.06787419
 -0.14162515  0.13502538 -0.06283249  0.03511984 -0.08034386 -0.11535008
 -0.0418461   0.00403703 -0.05419036  0.14653648 -0.08488733 -0.01800977
 -0.07525096 -0.140468    0.02642325  0.03714294 -0.06155452  0.11045004
  0.09376167  0.06365325 -0.03370759  0.01759319  0.04050418  0.11387805
  0.13236018 -0.01494844  0.03070712 -0.04974226 -0.12595539  0.07747543
  0.03500183  0.11117247]