[-8.31350684e-03  1.65538356e-01  4.53286059e-02 -9.70673263e-02
 -2.74052378e-03  3.07916794e-02 -1.14843279e-01 -5.50691225e-02
 -3.32367942e-02 -7.72499964e-02  3.09746694e-02 -1.28086641e-01
  9.18983594e-02  8.93221498e-02  6.21079616e-02  3.06203421e-02
 -8.57044302e-04 -1.01078145e-01 -6.94060847e-02  1.03011750e-01
  1.15789324e-01 -6.66256100e-02  1.10693872e-01  1.01396916e-04
  4.29766849e-02 -1.85314361e-02 -8.84411708e-02 -1.53524047e-02
  8.90959054e-02  5.36858570e-03  1.07689306e-01 -5.65128475e-02
  6.10785782e-02  4.20681909e-02  1.70810167e-02  7.52454922e-02
  5.36160879e-02  2.88732260e-01  9.11646858e-02 -2.55938284e-02
 -1.08327948e-01  1.78534854e-02 -2.35677976e-02 -1.14448741e-01
  4.58069108e-02  7.89093971e-02  9.09040570e-02  3.84907722e-02
 -1.51445433e-01  3.35214399e-02 -1.91590205e-01  6.89766034e-02
  5.71027808e-02  5.71306199e-02 -2.66634882e-03 -3.84892821e-02
  3.16670984e-02  4.77265827e-02 -8.40866417e-02 -2.05371186e-01
 -7.32411295e-02  7.53624216e-02  9.19814259e-02 -8.01746994e-02
 -4.55623269e-02  1.74804121e-01  3.23849022e-02  1.86077595e-01
 -5.01231626e-02 -5.72521463e-02  5.59827648e-02 -2.80782804e-02
 -9.75902900e-02 -8.40575621e-03  1.73443675e-01 -2.16743555e-02
 -6.31459579e-02 -8.88414457e-02  1.23070210e-01  1.43463925e-01
 -5.44287637e-02  2.33156215e-02 -2.61918046e-02 -3.66614163e-02
 -1.33512029e-02  3.03018428e-02 -6.97440729e-02  4.96072583e-02
  9.04690772e-02  9.90553200e-03  9.46058109e-02 -1.04110762e-01
  1.16700850e-01  9.48918983e-02 -9.64293070e-03 -1.22616112e-01
 -4.79776114e-02  1.50046319e-01 -5.47901690e-02 -8.01549926e-02
 -2.71182843e-02 -3.29561234e-02 -9.37601626e-02  7.63828158e-02
 -1.14942558e-01  1.63754210e-01 -2.65548360e-02  4.01513614e-02
  1.81110963e-01 -1.33258373e-01  2.46431865e-02  9.63234603e-02
 -1.27695709e-01  1.06753819e-01  5.68106808e-02  8.77248272e-02
 -2.04472408e-01 -2.76803859e-02 -5.59865963e-03  8.67892876e-02
 -2.81534698e-02  5.00605702e-02 -2.51092669e-02  7.40512982e-02
 -6.18888102e-02  3.46779115e-02  6.73168451e-02 -1.59512367e-02]