[ 0.06125673  0.11786312  0.15262105  0.0216179  -0.03769685 -0.05269382
  0.03550895 -0.15514714 -0.02795674 -0.09313203  0.12492767 -0.04453363
 -0.03597068  0.16277872  0.0283236  -0.09455099  0.03496362  0.07309564
  0.02814924 -0.0487106   0.07597043  0.15044147 -0.14820543 -0.05822065
  0.03399301  0.02731615 -0.09230837  0.09807477  0.09133609  0.16536418
 -0.11069926 -0.0623688   0.03188042 -0.06915944  0.15915103  0.00337978
  0.04192503  0.03903193  0.11984589 -0.01929342 -0.06034038  0.12955382
 -0.00926531 -0.02359292 -0.00504075  0.1607776   0.01088893 -0.12398958
 -0.08551328 -0.16625592 -0.04161911  0.20622033  0.00463197  0.09244816
  0.01465674 -0.0043902  -0.02519816 -0.00072746 -0.13446653  0.04374893
  0.05740686 -0.04043138  0.02939828  0.08243367  0.00161952  0.00657621
  0.08826842 -0.00142442  0.04239259  0.03932862  0.19655633 -0.11119851
  0.06076898 -0.10413759  0.02106006  0.03459243 -0.12001149 -0.07871512
 -0.01391244 -0.04172598  0.04040126  0.16004165  0.02051024  0.0142274
  0.06079604 -0.00064569 -0.02340277 -0.09755171 -0.10319328  0.08902983
  0.03489827 -0.10200837  0.02138973  0.05377495 -0.09265807 -0.17597277
 -0.00132144 -0.0535349   0.09060426  0.01006257 -0.00584993  0.19317117
  0.06598745 -0.04807303 -0.08028395  0.08823872  0.14990452  0.03532613
  0.06411021 -0.04591817  0.08953545 -0.20112516 -0.1617479   0.03916898
  0.0032243   0.02549453 -0.09484667 -0.07184193 -0.05522125 -0.12831338
 -0.0374881  -0.0079712  -0.05353723 -0.01269999  0.15979639  0.07296759
  0.18740015  0.01855719]