[ 0.01909291  0.19411007  0.07746312 -0.07529749  0.01134348  0.00922844
  0.02846321 -0.0923213   0.03099558 -0.05524065  0.07204668 -0.05563368
 -0.03502703  0.05724291 -0.02349354 -0.03215171 -0.00955762  0.10289885
 -0.06902461 -0.16661459  0.11964316  0.15602197 -0.16200729 -0.15449347
  0.05589259 -0.01233386 -0.05734203  0.10738563  0.10216552  0.17038161
 -0.07091354 -0.01883039  0.02144709 -0.03687747  0.13040459 -0.07964051
  0.05243581 -0.05128238  0.17153646  0.00031734 -0.01511832  0.05626271
  0.07945334  0.02228192  0.06352688  0.11484145 -0.00751133 -0.10348511
 -0.13212411 -0.19958158 -0.02922721  0.18330751 -0.01479632  0.06188985
 -0.09022276  0.02635144 -0.00890006 -0.04110615 -0.15467817  0.00379635
  0.06915163 -0.05534219  0.02249282  0.10484515 -0.04340322  0.00160036
  0.01081929  0.0627239   0.05257414  0.0351364   0.16167562 -0.1158461
  0.01068774 -0.18066786  0.00160576  0.08628703 -0.12254763 -0.08403467
 -0.08810251 -0.07257781  0.02012286  0.19035627  0.06795871  0.12180784
  0.00515911  0.07654592  0.00375454 -0.09178418 -0.07214866  0.08693141
 -0.00963562 -0.15136865 -0.08070251  0.04748911 -0.06713134 -0.09747534
 -0.05646586 -0.02357845  0.02137893  0.04356054  0.02717282  0.10154001
  0.04355334  0.03268836 -0.04824278  0.02413172  0.05598266  0.11324705
 -0.02570918 -0.07226384  0.07961574 -0.22086695 -0.19628677  0.06017107
  0.0284511  -0.00092854 -0.16181238 -0.01762115  0.02199878 -0.1099496
  0.04223599  0.0186149  -0.02512752 -0.02125186  0.17089243 -0.01008249
  0.10616554 -0.00276827]