[ 0.01734345  0.16370381  0.10930992 -0.04688368  0.07734916  0.03710962
  0.03689296 -0.12294706  0.03934173 -0.07286297  0.06235238 -0.00247676
 -0.05469444  0.02958677 -0.01960083 -0.02730611 -0.02772059  0.10446636
 -0.09372249 -0.10873288  0.11883569  0.15471345 -0.16123073 -0.15507896
  0.05854556 -0.02553263 -0.09600738  0.12128224  0.06119464  0.1441592
 -0.06026412 -0.04914422  0.00884837 -0.02956117  0.18849985 -0.04490324
  0.06031384 -0.0797483   0.16145279 -0.0703485   0.01657579  0.07462768
  0.12684962 -0.01386516  0.02996303  0.10554362 -0.01574538 -0.06424511
 -0.12034561 -0.13516474 -0.05706108  0.11217513 -0.03359569  0.06262787
 -0.02357089  0.00251329 -0.08192776 -0.03150129 -0.22235689  0.02790154
  0.04874399 -0.0321878   0.04382998  0.06150008  0.02291485  0.02456119
 -0.03979854  0.07800958 -0.01023779  0.04705924  0.197606   -0.07033418
  0.03672095 -0.18547785 -0.01399039  0.12079402 -0.09598918 -0.08425597
 -0.0402657  -0.09288404  0.04532748  0.18106399  0.07146451  0.1431832
 -0.02018423  0.04889422 -0.0023438  -0.02257319 -0.05801029  0.14469397
  0.02999968 -0.15579768 -0.07556826  0.07694452 -0.09050819 -0.10137406
 -0.06266946 -0.04609489 -0.01461005  0.04213104  0.04630635  0.08116466
  0.00537042 -0.05724008 -0.02483318  0.07366462  0.08813938  0.08361281
 -0.03478897 -0.01657305  0.07036294 -0.21806566 -0.14297324  0.09717412
  0.04953564 -0.01421681 -0.1687789   0.06068641 -0.02837805 -0.07540671
  0.03338698  0.01259019  0.00117041 -0.0207197   0.18359548  0.03405559
  0.14659283 -0.03496177]