[ 0.00970794  0.1822478  -0.02345737 -0.07613776 -0.00139133  0.0438493
  0.05431105 -0.11674378  0.04543459 -0.04375141  0.07863211  0.00578782
 -0.04895245  0.01991001 -0.05664643 -0.06638532 -0.0680554   0.02880821
 -0.0126014  -0.16016275  0.05112552  0.10608447 -0.20557868 -0.18306044
  0.04688     0.04824722 -0.01876207  0.07923434  0.05945773  0.16774659
 -0.06203529  0.00152218  0.01131598 -0.04122581  0.10563488 -0.0566995
  0.0635011  -0.0804718   0.22418448  0.00427805  0.03509908 -0.01236644
  0.08685865  0.02414672  0.05449335  0.08745989 -0.00106919 -0.09220509
 -0.13694499 -0.20515598 -0.07994646  0.15775584  0.0048404   0.06915762
 -0.052838    0.0578925  -0.08088613  0.02413771 -0.24356972  0.0524517
  0.02810799 -0.06528553  0.13518132  0.04222541 -0.00620124  0.0584721
  0.00932259  0.04491946  0.03186854 -0.01709585  0.11958188 -0.10616355
 -0.0249634  -0.12456071  0.04084932  0.08889535 -0.07137528 -0.11151623
 -0.09328563 -0.05589586 -0.01454448  0.13627207  0.07923697  0.12269623
 -0.05571466  0.07609104  0.02969494 -0.09642384 -0.03123157  0.07314189
  0.01612754 -0.19348167 -0.04764611  0.07985967 -0.05264938 -0.09115247
 -0.03860931 -0.08486674  0.05658132  0.05815768 -0.00603678  0.06535845
 -0.007124    0.01906628 -0.04701083  0.08236367  0.06703751  0.13677354
 -0.12470041 -0.04990814  0.08749047 -0.2159404  -0.16862994  0.04994926
  0.03534101 -0.02205464 -0.13614132  0.00916256  0.10213471 -0.08541929
  0.08384664 -0.04820247  0.0054166  -0.02578725  0.17038716  0.01903844
  0.08489767 -0.00372697]