[ 0.12358887 -0.00443105 -0.0572973  -0.05914486  0.11904399  0.11740931
  0.09528007  0.09113308 -0.06177598 -0.20215973 -0.0719492  -0.01932504
  0.06131572 -0.09769767  0.04317254  0.00810942 -0.03620731 -0.11693528
 -0.12445364  0.04494925  0.10416784  0.05192536 -0.01433615  0.11096866
  0.05480656 -0.1860164  -0.03474017 -0.05061549  0.03784635  0.06863018
  0.07285689 -0.03747321 -0.12307577  0.09772272 -0.04688599 -0.0459962
 -0.03232246 -0.14652741 -0.05438438  0.00736934  0.09971553 -0.0456864
  0.11827714  0.11856429  0.0186225   0.02518291  0.05122461  0.05993679
 -0.06698984  0.10378291 -0.06639583 -0.16377287  0.03809014 -0.05870971
 -0.02145186 -0.01693137 -0.13511224  0.17306226  0.01499366 -0.02700638
 -0.03704686  0.12682286  0.03205651 -0.04741393 -0.10796168 -0.02206115
 -0.00895903 -0.06987022 -0.08969473 -0.17227562 -0.05088153  0.03707477
 -0.05202114 -0.04965952  0.01022379  0.04869917  0.06133647 -0.05250495
  0.01913677  0.19995682  0.12786682 -0.09286916 -0.02238968 -0.00546454
 -0.01719329  0.11332858 -0.00987913 -0.08143188 -0.11533309  0.05710903
  0.14010915 -0.07734197 -0.17604321  0.00580015 -0.05119626  0.11248004
 -0.03866699  0.01222747 -0.03923418 -0.00561881 -0.03161532 -0.05029183
  0.01213905  0.10746855 -0.23447934  0.02485393 -0.14169811  0.18365872
 -0.08140967 -0.02070267  0.14088324  0.02238365 -0.10917547  0.00321308
 -0.08264721  0.10421971 -0.05730969  0.11586041 -0.0335871   0.15130913
 -0.02767167  0.0200184  -0.03377554  0.08401579 -0.11818932 -0.06578457
 -0.12549062 -0.1196508 ]