[ 0.13194409  0.00500649  0.09909217  0.05406108  0.04149384  0.11070417
  0.18747582  0.12050641 -0.01315101 -0.21291918 -0.05639138 -0.04066921
  0.02968723 -0.12785749  0.08817606 -0.04465604 -0.08577462 -0.05156296
 -0.13368554 -0.02282028  0.14630669  0.06075486 -0.03112781  0.01052508
  0.01383558 -0.26465312 -0.20113221 -0.12868923 -0.07550735  0.09115233
  0.02515759 -0.02670491 -0.07922646  0.13196471  0.06302576 -0.08203737
  0.07314593 -0.09823857 -0.07234995 -0.02001962  0.10285986 -0.02869185
  0.11256947  0.00206756 -0.01698078  0.02525525  0.03912868 -0.08234915
 -0.07310382  0.11145619 -0.01926631 -0.16460624  0.02580979  0.07260523
  0.02746455 -0.00914234 -0.04314885 -0.00867384 -0.02105269  0.02129711
  0.01906479  0.07064457 -0.11070794 -0.14093442  0.02407177 -0.05795592
  0.02952164 -0.11983571 -0.09489912 -0.10402881  0.01747493  0.02205107
 -0.0202578  -0.04015617 -0.04105634  0.08728066  0.02579899 -0.07600191
  0.01700354  0.13262458  0.03299063 -0.10304057 -0.02953096  0.03499825
 -0.00052258  0.15411195  0.00763772 -0.13506404 -0.16910829  0.09216645
  0.11059212 -0.13980317 -0.12920028 -0.0832222  -0.15450378  0.07326042
 -0.01143491 -0.00839507 -0.0218692   0.12465687 -0.00369439  0.02912421
  0.0336256   0.05492392 -0.08169638 -0.04450973 -0.02966226  0.18239449
 -0.12249356  0.03256747 -0.0036733  -0.12056686 -0.1249503  -0.10515793
 -0.03295046  0.10915382  0.03143631  0.07078269 -0.07355402  0.09400395
 -0.00257567  0.06433684 -0.02351915  0.13016644  0.09892889 -0.08579812
  0.0359788  -0.05763679]