[ 0.07376844  0.06176714  0.00288021 -0.10348315  0.06263278  0.18070662
  0.09985167  0.05439798 -0.02885404 -0.10551079 -0.02713628  0.02082499
  0.09985588 -0.07511215  0.12339882 -0.04821019 -0.1195756  -0.14070797
 -0.15054767  0.0009379  -0.02359696  0.15064816  0.02288809  0.07125983
 -0.04081208 -0.15856332 -0.0196394   0.00779412  0.0108662   0.05992713
  0.06447276 -0.04307606 -0.08754814  0.13807157 -0.05148588 -0.02123193
  0.0351434  -0.10254249 -0.05440461  0.15418534  0.11335467 -0.09399106
  0.05075869  0.05392149 -0.09058204 -0.04581065  0.00675459  0.09751852
 -0.00650476  0.21075241  0.0194937  -0.11911558 -0.05841377  0.01119908
 -0.00572968 -0.00300464 -0.12222868  0.15680066 -0.0349533   0.06269343
 -0.15049465  0.08127014  0.0327219  -0.10838825 -0.05488764 -0.04119454
  0.0455534  -0.06231801 -0.15888059 -0.07430862 -0.02931935  0.06775272
 -0.02324675  0.08317845  0.07902128  0.03861739  0.03755308 -0.11434712
  0.03594036  0.1689288   0.17665142 -0.15041915  0.07321671  0.08033963
 -0.03083976  0.04889065  0.04543797 -0.09515229 -0.08519179  0.10701235
  0.0830458  -0.15127499 -0.07220363  0.01825821 -0.10869753  0.03309528
 -0.07225318 -0.01418149 -0.01297033  0.0408197  -0.01517711  0.02545455
 -0.01437016  0.0939588  -0.14180844  0.01056996 -0.15097171  0.12178575
 -0.08995277  0.01702929  0.12449618  0.03739017 -0.05324878  0.05673996
 -0.14088193  0.08746424  0.05525302  0.18234263 -0.03987438  0.19789185
  0.08513213 -0.06811985 -0.02364004  0.07090572 -0.06973628 -0.04850658
 -0.08713513 -0.01737065]