[ 0.15005314  0.00369806 -0.12932697  0.01613604  0.0937045   0.09724738
  0.09155151  0.0403335  -0.17596248 -0.14053847 -0.05820137  0.0120388
  0.06077884 -0.09122835 -0.02778186  0.01492169 -0.0136132  -0.08278624
 -0.06938314  0.11988109  0.07620619 -0.06265893  0.05573191  0.02145322
  0.0074976  -0.17063515 -0.07610653 -0.12011182 -0.06711684  0.08479685
 -0.0657692  -0.00438513 -0.11670976  0.064484   -0.04850028 -0.03066294
 -0.08756135 -0.0978229  -0.11301193 -0.03486661 -0.00449977 -0.05019027
  0.07208964  0.09303018 -0.02230402  0.1697358   0.11150863  0.02204152
 -0.17960702  0.14744826  0.01320267 -0.13004011 -0.01204933 -0.04257038
  0.00845643 -0.0639229  -0.08514991  0.11088514  0.06943787  0.03044188
  0.05308437  0.14264783  0.04514013 -0.08748575  0.02904913 -0.11357309
 -0.07616121 -0.01219498 -0.10166932 -0.09652174 -0.0097478   0.04766632
 -0.01978342 -0.05324771 -0.06564514  0.09765245  0.07035927 -0.03359133
  0.00714194  0.1539598   0.03223488 -0.16768423 -0.13203782 -0.05147812
 -0.11400902  0.12558526 -0.05352544 -0.14025775 -0.09659307  0.05955718
  0.0731767  -0.07186124 -0.15725733 -0.02195342 -0.05623366  0.11238434
  0.05330368  0.00272957 -0.01078192 -0.01381724 -0.01741063  0.03421417
  0.00147912  0.07056572 -0.1921875   0.01414288 -0.13421556  0.25448957
 -0.11250639 -0.00269459  0.10089548  0.01681816 -0.0362179  -0.05604279
 -0.06504963  0.0905299  -0.06355559  0.08028325 -0.00564361  0.14820005
 -0.11840338  0.00944154 -0.00469124  0.1046379   0.00081838 -0.04944628
 -0.07043678 -0.1602931 ]