[ 0.01898539  0.21062483  0.10246597 -0.09125271 -0.06085083  0.08188669
  0.0537494   0.05691137 -0.0692525   0.16422364  0.11164326 -0.12899454
 -0.02590613  0.00921396  0.16744627  0.00804695 -0.02285036 -0.04422895
 -0.00979491 -0.15089901 -0.07614522  0.17638715 -0.01700252  0.05045702
 -0.02964429 -0.0385111   0.08285329  0.05827695  0.20738024 -0.0146805
 -0.06915519 -0.10717214 -0.10942174 -0.02054313 -0.03591533  0.01211888
 -0.03020499  0.01847951  0.01881739  0.29359058 -0.08413763 -0.00121707
 -0.21497461 -0.04145477  0.01419912  0.19760486 -0.02420433  0.00600088
 -0.11022969 -0.07350131  0.11883263  0.2948778  -0.16370277 -0.04920376
 -0.12587529  0.01607625  0.06734647  0.05268119 -0.00832485  0.14370094
 -0.05557067 -0.04832542  0.01894781 -0.01820712 -0.00841306 -0.10120314
  0.09468582  0.08136591  0.03492572  0.1873838   0.07142749  0.11341335
 -0.01441823  0.06534114  0.10479182 -0.034036   -0.09032931  0.13722911
 -0.02141235 -0.0197655   0.08249059  0.01050861  0.02244413 -0.00121266
 -0.0058222  -0.01516123  0.02714143 -0.10699332 -0.08654632  0.024407
 -0.0419963   0.00342741 -0.02550948  0.05836093  0.00747518 -0.07019582
  0.06736141 -0.12925415  0.12025292  0.03350295 -0.02461087  0.09469677
 -0.05158331  0.0428171  -0.07210086 -0.01749895 -0.02818281 -0.03207076
  0.10236942 -0.07739484  0.11431976  0.1009265   0.02070455  0.00219033
  0.03982936  0.06825153 -0.08642973 -0.01234    -0.02606099 -0.00201374
  0.0043337  -0.06666262 -0.02064029  0.07635519  0.07273339  0.06937733
 -0.02691236 -0.02165456]