[-0.00376218  0.21242231  0.09686875 -0.09348166 -0.00520541  0.06127836
  0.06632413  0.04218267 -0.00134182  0.10091127  0.08562714 -0.11335512
 -0.02349972  0.06350676  0.08681919  0.04768088 -0.0588406  -0.04839375
 -0.05518664 -0.15852654  0.04770597  0.17779458 -0.08869945 -0.03157056
 -0.01935402 -0.03807689 -0.00264119  0.07503328  0.18994422  0.07600172
 -0.10357554 -0.08979735 -0.08538122 -0.03459589 -0.01116002  0.04778599
 -0.01323283 -0.0271336  -0.01395895  0.23041144 -0.07258024  0.05019489
 -0.10625082 -0.01425231  0.0610125   0.22883339  0.01146105 -0.05045294
 -0.0792064  -0.11365385  0.08887443  0.26514769 -0.20627557  0.001023
 -0.02458934  0.03496931  0.02923214 -0.00582847 -0.02349837  0.11519413
  0.02132489 -0.07943681 -0.01393438  0.03216848  0.00625712 -0.15555742
  0.07039739  0.11644996  0.13693732  0.20760059  0.14244774  0.12210649
  0.0231329  -0.04864535  0.06475258  0.07063651 -0.10554382  0.1788542
 -0.07980749 -0.09913205  0.12162951  0.11491153  0.04070293  0.08727494
 -0.01478537  0.03321378  0.0606338  -0.05532104 -0.08002877  0.05356874
 -0.06000534 -0.03749904 -0.10181914  0.01645849 -0.04258658 -0.06490205
  0.04763924 -0.11299851  0.1288369   0.07567743 -0.00125326  0.0929426
 -0.00582337 -0.01800776 -0.12186894 -0.00865007 -0.08248057  0.00755403
  0.03780361 -0.05401878  0.08636108 -0.01988951 -0.08839864 -0.01733093
  0.06244172  0.09602708 -0.07808537 -0.03981984 -0.10001286 -0.03903794
 -0.004556    0.03352713  0.03318654  0.09004138  0.06710793  0.07539803
  0.01355359  0.02364348]