[ 0.00105584  0.25842527  0.06169983 -0.10970708 -0.06368951  0.09507939
  0.03139428  0.06280907  0.00883657  0.15057079  0.14868224 -0.0763871
  0.01501614 -0.02429253  0.04132554 -0.0242662  -0.04190949 -0.01151747
 -0.10655319 -0.09367586 -0.006814    0.12675822 -0.06937931  0.0579297
 -0.06116067 -0.03792022  0.09132382  0.04969415  0.13007653  0.02649458
 -0.10202315 -0.1736261  -0.05646119  0.01700624 -0.03552799  0.01399161
  0.00232661  0.06027641 -0.05022452  0.24269401 -0.08875762 -0.01719589
 -0.15041764  0.04166674  0.01678593  0.14024793  0.02760497 -0.01135946
 -0.16001976 -0.02802526  0.1162136   0.2284804  -0.24487004  0.01144787
 -0.0405885   0.04445173 -0.03865121  0.0215215  -0.01802226  0.02529349
 -0.03211661 -0.1197513   0.07080972 -0.02556162  0.00798171 -0.1728874
  0.08163165  0.12045012  0.04859351  0.19784141  0.12554303  0.05692464
  0.01411965 -0.02629156  0.08080227  0.01979991 -0.10588402  0.20373838
 -0.02806961 -0.0764592   0.00550582  0.06841092  0.03540564  0.0348425
 -0.06375558  0.0168      0.06947551 -0.06962827  0.02247651  0.07625864
 -0.09364986 -0.14618622 -0.0315423   0.0261499  -0.03416848 -0.10573673
  0.03691059 -0.15167612  0.09618271  0.01624366 -0.01539047  0.12390602
 -0.06230671  0.0313081  -0.08820546 -0.00723541 -0.08460584 -0.00367719
 -0.00900589 -0.09985697  0.10373394  0.07918555 -0.03373273  0.05825838
  0.03612941  0.04627378 -0.15125459 -0.06984986 -0.0444052  -0.02812218
 -0.0034626  -0.00073498 -0.0025969   0.12187324  0.13502435  0.04915508
  0.01185571 -0.02932253]