[ 0.05130747  0.25356409  0.03356468 -0.11775737 -0.00318597  0.05075383
  0.01453777 -0.03578784 -0.1930826   0.17644317  0.05316743 -0.11620101
  0.04861872  0.02369945  0.13748226  0.10123876  0.03305571 -0.03343438
  0.00907957 -0.05220312 -0.02454483  0.12762344  0.02676315  0.05771463
 -0.00078191  0.03904937  0.05419387  0.01077155  0.25002727  0.07864989
 -0.10934277  0.02154003 -0.08250458  0.01135666 -0.01961549 -0.02966928
  0.01894972  0.09246394  0.11233523  0.15824786 -0.14014962 -0.05735186
 -0.06679623 -0.03513267  0.01936398  0.26913711  0.1010548   0.05242141
 -0.22328365 -0.05771255  0.1427508   0.2365488  -0.10402389 -0.04084401
 -0.05426702 -0.01572842  0.10469729  0.08515461  0.01950814  0.03868787
 -0.00531665 -0.01829151  0.04774585 -0.01215857 -0.01171772 -0.03818659
 -0.00317251  0.11158778  0.00140932  0.09191463 -0.00964697  0.07457442
 -0.08512716  0.04118159  0.12130508 -0.03648291 -0.03993456  0.12824413
  0.04543566  0.026973    0.13197871  0.03785885 -0.01774283 -0.02686054
 -0.00779436 -0.04493537 -0.0445745  -0.09032612 -0.03075903  0.07943483
 -0.0157021   0.00581778 -0.0595706   0.10813145 -0.01304441 -0.03054841
  0.07088017  0.0245882   0.11966385 -0.06891545  0.01578615  0.08452665
 -0.04470377  0.14199793 -0.14118004 -0.00408427 -0.08570217  0.06325991
  0.16167386 -0.10624969  0.13466081  0.14347516 -0.03209422  0.02275235
  0.04033908  0.0553523  -0.15117162 -0.05068766 -0.06362674  0.03922836
  0.01330839 -0.01829286  0.02802526  0.04913382 -0.02609559  0.06606747
 -0.02765238 -0.09918147]