[-4.22994047e-02  2.28516102e-01  6.21353388e-02 -1.51452884e-01
 -1.02530278e-01  6.95034266e-02 -9.09522362e-03  1.07146502e-01
 -6.41455501e-03  1.80769295e-01  7.45621547e-02 -1.52058333e-01
  4.16962802e-03  3.91469263e-02  8.92112851e-02  2.92342380e-02
 -2.50905473e-02 -8.01544636e-02 -4.06453460e-02 -1.34419903e-01
 -4.73054536e-02  1.02258772e-01 -6.08874224e-02  4.28100750e-02
 -8.68859813e-02 -8.25913064e-03  8.37598294e-02  7.24161193e-02
  1.63887978e-01 -4.08337340e-02 -7.50688389e-02 -1.04655623e-01
 -7.50258043e-02 -2.61715334e-03 -8.28136951e-02  7.38992766e-02
  2.16538999e-02  3.82861458e-02 -1.50693497e-02  2.77701050e-01
 -1.15257718e-01 -2.92655509e-02 -1.74268261e-01 -9.04497728e-02
  1.33958697e-01  2.04863772e-01  3.31588951e-03  1.10297054e-02
 -1.48641050e-01 -7.66478628e-02  5.81428856e-02  2.61855930e-01
 -1.69035301e-01 -4.15457506e-03 -7.54363835e-02  5.98283336e-02
  6.22726120e-02 -1.14126313e-04  1.27806384e-02  4.88930643e-02
 -2.14239676e-03 -8.16745404e-03 -1.74528558e-03 -1.85431130e-02
 -5.26236333e-02 -7.61049762e-02  9.08765644e-02  1.56213954e-01
  1.01919398e-01  1.70195550e-01  5.91872893e-02  4.68495749e-02
 -4.87122983e-02  1.11288838e-02  1.49696976e-01  2.12253127e-02
 -7.82979876e-02  2.13193044e-01 -1.10426294e-02 -1.10506050e-01
  2.80527361e-02  7.02381507e-02  7.66034285e-03  1.51656531e-02
 -5.74399531e-02  7.46278986e-02  3.24301235e-02 -5.88199534e-02
 -1.93523418e-03  4.82829548e-02 -5.97263351e-02 -4.93786260e-02
  1.94414761e-02  6.76099584e-02  9.87176131e-03 -1.80494804e-02
  5.62023669e-02 -1.24229848e-01  1.07569337e-01  3.43482643e-02
  4.81067272e-03  4.68812138e-02 -1.10533610e-01  4.14389670e-02
 -6.86957762e-02  6.22803299e-03 -1.14420690e-01 -6.98599815e-02
 -1.94647610e-02 -9.67726707e-02  6.31140396e-02  8.13622773e-02
  1.20075196e-02 -2.01723929e-02  5.37724718e-02  7.26113021e-02
 -1.26876920e-01 -7.29653835e-02 -2.88144331e-02 -4.24759388e-02
  1.31803304e-02 -3.53644639e-02  4.03183736e-02  8.84891897e-02
  3.64351682e-02  7.70929605e-02 -6.90349415e-02 -3.17427963e-02]