[ 5.03640287e-02  1.80917099e-01  7.75093213e-02 -1.11172646e-01
 -4.80714329e-02  7.85974860e-02  1.46515351e-02  8.66432488e-02
 -3.37715298e-02  1.08859420e-01  1.19221285e-01 -1.45962909e-01
 -1.07627548e-02  1.06980875e-01  7.50755891e-02  7.74268731e-02
  6.30778000e-02 -1.65863894e-02 -4.26696241e-02 -1.46998048e-01
  3.47721055e-02  1.70573443e-01 -6.68119043e-02 -2.20364891e-02
 -6.25051633e-02 -1.78110935e-02  5.50746880e-02  1.10308044e-01
  1.59551740e-01  2.28513638e-03 -1.03501163e-01 -8.81143287e-02
 -9.40091610e-02 -8.72872490e-03 -3.23076844e-02  7.40986019e-02
  1.08158058e-02  9.47830919e-03  2.45033875e-02  2.27014720e-01
 -1.57386199e-01  8.73611346e-02 -1.25874162e-01 -7.74063319e-02
  1.20102905e-01  1.82669401e-01 -2.27784980e-02 -4.22042087e-02
 -1.22410387e-01 -7.69039541e-02  8.52858126e-02  2.56742924e-01
 -2.21764013e-01  3.58460546e-02 -8.33828822e-02  2.15018336e-02
  5.42215034e-02  5.43972361e-04 -1.05801038e-02  9.67770815e-02
  3.08953170e-02 -4.38004173e-02  2.87148403e-03 -5.19236252e-02
 -1.21470019e-02 -1.18363827e-01  6.33417517e-02  1.57411560e-01
  1.02176912e-01  2.34930158e-01  1.23648189e-01  6.87339902e-02
 -3.07006482e-03 -4.29907441e-02  3.18050385e-02  1.04037160e-02
 -4.18459289e-02  1.78734913e-01 -6.64586425e-02 -1.60296157e-01
  7.86917731e-02  1.05157316e-01  1.51782846e-02 -4.26910678e-03
 -4.61482443e-02  4.45856191e-02  1.34527460e-02 -7.47620612e-02
 -3.20148170e-02  6.16625994e-02 -3.69584337e-02 -5.96210733e-02
 -7.46955946e-02  6.87405020e-02  6.69013560e-02 -3.69085465e-03
  6.70226514e-02 -1.05725579e-01  5.12272716e-02  9.86424685e-02
 -1.45564014e-02  9.00963470e-02 -7.73026124e-02  2.29032878e-02
 -6.34415597e-02  1.14330435e-02 -6.70524091e-02 -9.38536376e-02
  1.96683221e-02 -1.08874649e-01  3.59113775e-02  6.08841376e-03
 -2.52905156e-04  2.94129271e-02  1.16760582e-01  6.22059405e-02
 -6.75659031e-02 -5.92521913e-02 -6.52101263e-02 -6.60258457e-02
 -2.94088069e-02 -5.73917758e-03  9.64604020e-02  8.80742744e-02
  1.14300437e-01  3.56473960e-02  2.53509786e-02 -2.97232922e-02]