[ 0.03888183  0.24645871  0.06461453 -0.09948598  0.01242831  0.0050347
 -0.01540569 -0.00473833 -0.12380721  0.09966788  0.07176961 -0.12388224
  0.02910148  0.08381885  0.09071377  0.14508422  0.07180232 -0.02176167
 -0.02007304 -0.02413941  0.07151948  0.16216819 -0.02944917  0.04287881
 -0.02068615  0.01770302  0.03022924  0.07072064  0.2571899   0.11392
 -0.15729691  0.02812184 -0.02005762  0.03845703 -0.01997237  0.02614848
  0.08791821  0.063268    0.06104565  0.1286916  -0.13148776 -0.00747272
  0.02798147 -0.06637092  0.07392519  0.27164438  0.13205022 -0.00519337
 -0.19725747 -0.06028199  0.10389891  0.2236862  -0.15016332  0.04767327
  0.02404426  0.00124925  0.09316891 -0.02343897  0.00254446  0.01931542
  0.03740186 -0.0398697  -0.00950281  0.00423148 -0.03365682 -0.05993796
  0.00477412  0.08509865  0.06895918  0.11877103  0.01048952  0.01741876
 -0.06035174 -0.01700381  0.14016332  0.00231251 -0.01059124  0.21264429
 -0.00847954 -0.09191013  0.15253231  0.15362068 -0.01304124  0.00883141
  0.02562459  0.05948723 -0.06206106 -0.04671039 -0.04597375  0.14013085
  0.01433085 -0.0418918  -0.13058048  0.08714499 -0.01045923 -0.00943532
  0.0300734   0.04542901  0.11556856 -0.03591146  0.01625916  0.06801233
 -0.01367586  0.11489271 -0.14208904  0.02671194 -0.09279685  0.04428853
  0.10805526 -0.12593737  0.05536684  0.05725531 -0.07934497  0.02182214
  0.05227746  0.03419067 -0.09227428 -0.12970974 -0.10339137 -0.0024781
  0.01380858  0.06375869  0.08531798  0.08129322 -0.02089324  0.06607926
  0.03112827 -0.07804364]