[-0.06875791  0.13373639  0.05616871  0.01345163  0.07004974  0.04661573
 -0.0649455  -0.1426042   0.03067899 -0.05206256  0.01216463  0.03061249
 -0.05909785  0.05343556  0.14363535 -0.1002641  -0.01875179 -0.09859443
  0.03697892  0.01434818 -0.1476147   0.04873288 -0.03403594 -0.0623627
  0.10191267 -0.01756585 -0.02968989  0.07476625 -0.0314275  -0.02029979
  0.07352479  0.04604148  0.11350778  0.03190165  0.02985035  0.12325019
  0.15949231 -0.08119121  0.06801347 -0.03283982  0.19084208 -0.08420421
  0.08310987 -0.17391285 -0.09182484  0.17217915  0.06028888 -0.01171047
 -0.08289034 -0.06152314 -0.15898332  0.05303039  0.1178287   0.01917465
  0.03235851  0.05188204 -0.10624126 -0.04450182 -0.17476328  0.05605255
 -0.14369066  0.07940904 -0.02260406 -0.1158621   0.0389456   0.25322074
  0.03640399  0.05773293 -0.07475232 -0.01837452  0.04250107 -0.03819334
 -0.06245583 -0.03209604  0.26521465  0.14973596 -0.05187549 -0.07826937
 -0.00539497 -0.01356665 -0.05583908  0.09164008  0.04376186  0.10765535
  0.00615919  0.12021247 -0.01669599  0.01222973 -0.11900528  0.13006215
  0.10267858 -0.07914226  0.09387361  0.09906602 -0.10335491 -0.08942395
 -0.06072843 -0.03576529  0.07084059 -0.07861942 -0.05037883 -0.07105222
 -0.00246829 -0.05950648 -0.05408943  0.18077457  0.04834069  0.0667356
 -0.09134951  0.03120601  0.03766617 -0.07502544 -0.01560282 -0.01105924
 -0.04511211 -0.10595922 -0.1610045  -0.00361551  0.07386421  0.07428455
  0.1509005  -0.03893661 -0.04443257  0.04820605  0.08094107  0.08962683
  0.08802485  0.00643612]