[ 0.024816    0.22736803  0.09527071 -0.02817095 -0.01332684 -0.04699951
 -0.02390779 -0.08646038 -0.05610514 -0.09605289  0.01276772 -0.09718009
 -0.05495405  0.07691086  0.12912154 -0.11112598 -0.01011564 -0.14266609
  0.07721291  0.02348101 -0.06253301  0.06946488  0.01905649 -0.0825236
  0.08980816 -0.06138676  0.00246953  0.09479779  0.09362368  0.05285053
 -0.01718947 -0.09729064  0.11222889  0.00447198  0.06196594  0.02520205
  0.12670192  0.06568854  0.06257834 -0.03649621 -0.01773043 -0.06076287
  0.02732643 -0.07493151 -0.06335884  0.3254973   0.07188302 -0.02976156
 -0.15942644  0.00934761 -0.14863904  0.24260694  0.07481789  0.04421851
  0.02560038 -0.0421913  -0.01586532 -0.04694201 -0.13682167  0.00205556
 -0.04702261  0.0180852   0.01040694 -0.0160249  -0.00827782  0.10441983
  0.03965958  0.02060185 -0.05469217  0.00626179  0.05204176 -0.08922172
 -0.08869886 -0.00459482  0.20877284  0.05148945 -0.01965006 -0.05778019
  0.07181394  0.10261812 -0.04464052 -0.00253445 -0.01695292  0.06102756
  0.1020834   0.01450989 -0.13337001 -0.05264763 -0.05008238  0.13600338
  0.11046551 -0.0694948   0.03744451  0.06229947 -0.06485078 -0.1723208
  0.02688389  0.04657622  0.10395811 -0.12040527 -0.05717441  0.09391201
  0.03088719 -0.02169452 -0.15717976  0.12827446  0.08597495  0.1498286
  0.11788189 -0.05300215  0.13778269 -0.07098773 -0.1228541   0.02761455
 -0.02525536 -0.00611993 -0.06296305 -0.06356334  0.07626743  0.08426977
  0.0333243   0.00889543 -0.06505504  0.0811629   0.09797413  0.01304905
  0.21248981 -0.01877894]