[-0.06161023  0.1293935   0.06212251 -0.01800712 -0.03023621 -0.0157679
 -0.04682423 -0.05655918 -0.02132179 -0.02234478 -0.00263878  0.0122077
 -0.07114411  0.04085134  0.15278971 -0.20851806 -0.04047917 -0.17518865
  0.19969814  0.03749582 -0.19005662  0.09614613  0.04793689  0.02769463
  0.03635272  0.01743769  0.10738976  0.03516961  0.03887408 -0.01170775
  0.03276714 -0.16379407  0.14582019 -0.01668661  0.02019673  0.07551381
  0.14573672  0.02900746 -0.03853941  0.08079799  0.09155049 -0.07067415
 -0.05304648 -0.02027185 -0.20585652  0.18649839  0.08425158 -0.01913089
  0.02459608  0.05423882 -0.0685053   0.18388398  0.07045962  0.02747097
  0.10329186  0.0257273   0.00144313 -0.01086304 -0.10055615  0.03881964
 -0.14358589 -0.02887097  0.021521   -0.05391868  0.05253927 -0.01197195
  0.12444586 -0.08278133 -0.02225046  0.05735432 -0.0056553  -0.01378383
 -0.05884377  0.10532741  0.25556013  0.04250705 -0.06672029  0.05026212
  0.06890446  0.08839921 -0.08353654 -0.00897355  0.07590938  0.11668163
  0.13744684 -0.06811617 -0.01486159  0.01639755 -0.04625629  0.04476905
  0.03688273 -0.0068221   0.1419512   0.00399644 -0.05484659 -0.23535708
  0.04821491  0.01753166  0.12144586 -0.12254319 -0.08912192  0.11183638
  0.0496399  -0.06295941 -0.119174    0.07601333  0.06995504  0.02539842
  0.0392571   0.04170163  0.11560249 -0.02863863 -0.01559809 -0.01540349
 -0.11485004 -0.01924834  0.05668753 -0.12905429  0.05508094  0.11087187
  0.11004562 -0.03874564 -0.11038229  0.0235328  -0.00488287  0.05680348
  0.12065792  0.11287734]