[ 0.00815472  0.10485717 -0.07931495  0.00891895 -0.02433444 -0.00793113
 -0.03761163 -0.12553193 -0.00811758 -0.03997297  0.06750264  0.00558826
 -0.04571177  0.08743966  0.09169016 -0.16763867 -0.0388131  -0.19836158
  0.17541452  0.0653614  -0.20742427  0.05673123  0.04965701 -0.10266629
 -0.00209999  0.01078206  0.08296277  0.02783008 -0.05041679  0.00439645
 -0.03527592 -0.10339484  0.13099228 -0.04064973  0.01710827  0.13958812
  0.13718481  0.01600795 -0.00201046  0.06128715  0.03734048 -0.05892398
 -0.08482876 -0.06467065 -0.19017518  0.28115714  0.05058347 -0.00067135
 -0.00233537  0.05346433 -0.13889994  0.21064988  0.04550745  0.06599969
  0.06824049 -0.01636183 -0.02512048 -0.04909418 -0.13897191  0.12221716
 -0.12236947 -0.00344803  0.08355909 -0.09901354  0.06363747  0.00577281
  0.10203292  0.04551688  0.03270166  0.03629732  0.06139468 -0.02566369
 -0.04433909  0.05094265  0.22479284  0.09082536 -0.0487426  -0.00103869
  0.0028436   0.06309364 -0.06654762 -0.04904235 -0.00984694  0.07380842
  0.02044356  0.05164266 -0.04800724 -0.05144422 -0.07223909  0.05351611
  0.07122707 -0.05790763  0.12567259  0.02281411 -0.06528852 -0.23021132
  0.04994084 -0.05128283  0.15709877 -0.103098   -0.06129451  0.09262922
  0.03886514 -0.11646312 -0.0900019   0.11218167  0.08066579  0.09096731
 -0.0399474   0.08616838  0.08735293 -0.08089156  0.03487689 -0.03193866
 -0.10685349 -0.00871771  0.00465472 -0.07486366  0.07946444  0.07452876
  0.06117568 -0.07272232 -0.036826    0.09682518  0.07465051  0.04613752
  0.12181485  0.09388029]