[-0.02977523  0.0552232  -0.08928508  0.03426163 -0.00823444  0.00628524
  0.02264437 -0.01879151  0.01552555  0.03948668  0.04480152  0.02374392
 -0.01875694  0.00759994  0.1407012  -0.19115281 -0.03538699 -0.19828653
  0.16239081  0.06565401 -0.22177605 -0.05827944  0.01834836 -0.11528339
  0.03516321  0.02347622  0.04459558 -0.0461614  -0.06969033 -0.05185877
  0.03143283  0.00543258  0.1342136  -0.00646407 -0.01399198  0.09784309
  0.15816502  0.02846315 -0.02299234 -0.04333873  0.17125955 -0.15548266
 -0.06468459 -0.03490186 -0.22463003  0.18637522  0.02703821  0.00352334
  0.00051278 -0.0378572  -0.15438452  0.11283978  0.06610464  0.01665716
  0.08590085  0.01608461 -0.09646057 -0.08438495 -0.11237712  0.06723336
 -0.15241188 -0.0772255   0.02851331 -0.12302507  0.10152889  0.11690424
  0.08800077  0.0432554   0.03990396 -0.05585407 -0.01161586 -0.00640176
 -0.06467608  0.02365959  0.2142265   0.07397601 -0.01810585  0.03780099
  0.01522091  0.06660752 -0.1641809  -0.08731087  0.00198471  0.05775738
  0.05962342  0.03046728  0.03830063  0.02418747  0.00061427  0.01749132
  0.06161268 -0.04774157  0.1020195  -0.01404337 -0.11878936 -0.20453794
  0.06254376 -0.09239521  0.12449124 -0.11576601 -0.06727429  0.0171631
  0.05186897 -0.10393386 -0.07259895  0.10042902  0.06458429  0.1228413
 -0.04003969  0.07141355  0.0270104  -0.03288841 -0.01641653 -0.09114379
 -0.04040674 -0.10191049 -0.03351666 -0.11793146  0.12305701  0.07620167
  0.09283387 -0.04929223 -0.04472093  0.15212601  0.11002552  0.00450345
  0.09953344  0.08368765]