[ 0.06327087  0.14090897  0.04850473 -0.02198374  0.01620006  0.12980649
 -0.03847541 -0.13527836  0.01471088 -0.16533434  0.10962758 -0.09274415
 -0.10216649 -0.0052046   0.06213919 -0.02901307 -0.10230763  0.008359
  0.02558329 -0.16577655  0.09865692  0.18725613 -0.04105876 -0.12988342
  0.12749921 -0.0571585   0.02161037  0.01077674  0.0555989   0.08970846
  0.06320376 -0.16938986 -0.00455083 -0.05178744  0.17738807  0.04502487
 -0.02719371 -0.14474528  0.1272238   0.01668568 -0.01314778  0.03209982
 -0.00190483  0.12782213 -0.02847784  0.13159736  0.02248419 -0.05421537
 -0.13077337 -0.08670052 -0.08948261  0.137419    0.03492683 -0.00086237
 -0.10241841  0.01389371 -0.05294478  0.0558017  -0.14426287  0.04212934
 -0.04036288 -0.01635795  0.15478113  0.01773784  0.04523236 -0.03175387
  0.0340795   0.01189343  0.02079493  0.14017655  0.13745613 -0.00982698
 -0.00272589 -0.18488127 -0.00622432 -0.00842315 -0.14317159 -0.10469843
 -0.11860929  0.08301907  0.0801775   0.07988334  0.02130374  0.04235112
 -0.05914115  0.05607033 -0.03816467 -0.1421846  -0.16940971  0.09677643
  0.11074486 -0.10013409 -0.13562135  0.02004353 -0.02011707 -0.08225488
 -0.05634025  0.0039625   0.02970937  0.03836897 -0.03895532  0.09209692
  0.03146333 -0.12287273 -0.06931531  0.08531652  0.11274149  0.08290082
 -0.00297237 -0.01569121  0.12966153 -0.1616964  -0.0997991   0.0104911
  0.06160825  0.05147664 -0.09164401  0.02983538  0.0640341  -0.00894787
  0.07245875 -0.07061973 -0.01305096  0.01723639  0.15847784  0.01373232
  0.19791068  0.06358286]