[ 0.09358584  0.06256903  0.08831596  0.00266742 -0.02557831  0.06756298
 -0.02114587 -0.03135424  0.07892792 -0.15797272  0.09180216 -0.10285638
 -0.06267979  0.06469063  0.06342055 -0.12289838  0.0184168  -0.0775341
  0.03387823 -0.10558789  0.08060008  0.13720001 -0.00232729 -0.05573365
  0.06172613 -0.08266792 -0.02562171 -0.00200452  0.02437287  0.01322958
  0.09035912 -0.2228369  -0.01006285 -0.07303645  0.10865984  0.05175269
 -0.00476094  0.05508695  0.06136879  0.07125907 -0.05389877  0.14452422
 -0.21851715 -0.03054109 -0.01428326  0.12836024 -0.11057546 -0.07688619
  0.02388323 -0.06646732 -0.1113505   0.26529375  0.06206745  0.02319696
 -0.09926329 -0.05408177  0.05578226  0.00591737 -0.11723948  0.00988925
 -0.02045272 -0.01830127  0.04781527 -0.035197   -0.01694704 -0.11129772
  0.16242702  0.12782124  0.09164173  0.124768    0.19906905  0.0111985
 -0.01507226 -0.13826357  0.01038113  0.03949929 -0.16761756 -0.05102091
 -0.03007102  0.15201943 -0.06704263  0.06039805  0.07079227  0.03440539
  0.06783947 -0.01580347  0.02444833 -0.05574637 -0.12813203 -0.04880732
  0.04016193 -0.06258231  0.05925302  0.05330944 -0.03826597 -0.22733131
  0.03780226 -0.09630157 -0.00634005  0.02423842  0.00451891  0.13534696
 -0.01796119 -0.06408982 -0.05376618  0.02141745  0.12993556 -0.03500114
  0.07244866 -0.00035319  0.09545562 -0.12627335 -0.09028895  0.03302616
  0.04555202  0.13518572 -0.15078083 -0.03421384 -0.03327233 -0.02094468
 -0.05800506 -0.00054735 -0.09182166  0.03750141  0.16994521  0.02219121
  0.14357825  0.08651895]