[ 6.02320628e-03  6.66503981e-02  1.21542305e-01 -5.92433996e-02
 -7.83077329e-02  1.70504197e-01 -1.53492421e-01 -6.62617385e-03
  7.54501745e-02 -2.05745488e-01  6.78470805e-02 -8.51979181e-02
 -4.60626520e-02 -6.05028076e-03  7.12469518e-02 -9.22522247e-02
 -1.06627576e-01 -1.16138756e-01 -1.12712439e-02 -1.03004470e-01
  1.17645726e-01  8.64577964e-02 -1.10886702e-02  4.50810306e-02
  9.02549922e-02 -1.60199068e-02  4.82885055e-02 -8.30502138e-02
 -5.17902561e-02 -5.77355102e-02  2.17067987e-01 -2.37544864e-01
 -1.47027420e-02  3.91212627e-02  6.73123449e-02  1.37051925e-01
 -3.01426649e-02  9.75985825e-03  5.57878092e-02  9.06044543e-02
  1.25874227e-04  2.44546426e-03 -1.54681519e-01  2.92111412e-02
  7.88607076e-02  3.68377194e-02  1.99838844e-03 -5.97781911e-02
 -1.20842926e-01 -3.27092521e-02 -1.42799884e-01  7.18646571e-02
  9.00154859e-02  4.27875249e-03 -5.66611551e-02  5.34561761e-02
 -5.45861274e-02  1.07747093e-01 -9.99841988e-02 -1.05069220e-01
 -6.21584952e-02  4.17909548e-02  1.03753515e-01 -6.19194619e-02
  4.97737841e-04 -3.30590755e-02  1.47917181e-01  1.15339682e-01
  3.95128615e-02  1.57206774e-01  9.42468494e-02 -2.04867665e-02
 -9.05543864e-02 -1.64121523e-01  8.99895057e-02 -2.64498498e-02
 -1.64925531e-01 -3.33326645e-02 -1.69562679e-02  2.13396683e-01
 -1.02829926e-01  4.60873358e-02  5.74870221e-02 -2.72297859e-02
 -1.09892696e-01  2.42786165e-02  7.68177658e-02 -5.44468835e-02
 -1.13075621e-01  1.15601309e-02  8.66416693e-02 -1.31018996e-01
  6.48811981e-02  7.51261488e-02 -5.29937334e-02 -5.53939752e-02
 -4.38575074e-02 -5.91218434e-02 -2.08143480e-02  1.34421550e-02
 -5.56588508e-02  3.68198156e-02 -1.44956499e-01 -4.06144895e-02
 -2.32127830e-02  8.32753181e-02 -5.50860120e-03 -5.18744625e-02
 -7.59494975e-02 -8.77445489e-02  6.75807521e-02 -2.52804048e-02
 -1.12557791e-01  1.98391848e-03  9.34986994e-02  1.22610494e-01
 -1.91998631e-01 -7.47479498e-02  4.62250374e-02  4.95376587e-02
  6.30928800e-02 -1.88894663e-02 -6.56557828e-02  4.58380170e-02
  1.15497537e-01  3.85836065e-02  1.27243280e-01  5.62678985e-02]