[ 0.06433824  0.08901574  0.11628204  0.01049301  0.00128215  0.19253324
 -0.04159395 -0.08035372  0.03709563 -0.15993848  0.10771434 -0.01892904
 -0.10425767 -0.02927504  0.01958336 -0.10407503 -0.09929542 -0.00477659
 -0.00999137 -0.14441521  0.10242426  0.1696845  -0.03867076 -0.03397305
  0.08829283 -0.07890333 -0.00918149  0.00579257 -0.00617977  0.02126211
  0.09372243 -0.24513468 -0.08692426 -0.04292767  0.11978498  0.063646
 -0.06931564 -0.11309049  0.0944596   0.11609488  0.00345899  0.09807364
 -0.14475106  0.01917894 -0.03790377  0.0079656  -0.04727471 -0.07677688
 -0.0258477  -0.01389237 -0.02647803  0.19262129 -0.01744791  0.02742667
 -0.08625325 -0.0122771   0.00148223  0.06847648 -0.15103428  0.03682882
 -0.03283009  0.01349757  0.13351348 -0.05218591  0.02790841 -0.12371226
  0.12481327  0.06486036  0.0190987   0.2291978   0.19153109  0.09032726
  0.02635376 -0.09770792 -0.00815024  0.02435233 -0.17082986 -0.05910825
 -0.07235087  0.1201051  -0.00676     0.0899308   0.13336705  0.0653978
 -0.04348762  0.01081824  0.05954877 -0.06180438 -0.1455013   0.00465426
  0.04271512 -0.10983117  0.0076146   0.07006495 -0.05191765 -0.18010668
 -0.02239059 -0.09201837 -0.0226783   0.0717481  -0.02288941  0.12699603
 -0.05484147 -0.07947499  0.01084954  0.07247968  0.10699143 -0.01132243
 -0.04240343  0.02225403  0.09992927 -0.11581082 -0.04399999  0.05766055
  0.0526168   0.10372205 -0.11040051  0.058358   -0.0008234   0.0050311
  0.01705486 -0.05373085 -0.05034316 -0.03303675  0.16823186  0.07094195
  0.15417242  0.10678474]