[ 0.03269319  0.01464569  0.04142037 -0.04035618 -0.07509015  0.09410407
 -0.14764041 -0.01565776  0.12766476 -0.16851859  0.18194211 -0.02567733
 -0.03528528  0.0424669   0.03493227 -0.08533274 -0.04453809 -0.03265385
  0.02614846 -0.07949039  0.10045368  0.17408007 -0.03436533  0.03559531
  0.06782246  0.03217861  0.17207685 -0.01238047 -0.0170584   0.02876993
  0.14172804 -0.26529646  0.08883999 -0.0255126   0.06076761  0.11074468
 -0.02483068 -0.00783676  0.04543786  0.11777394 -0.02207353  0.07480809
 -0.15074235  0.15338156 -0.01825093 -0.08553122 -0.03403625 -0.09119459
  0.02615665 -0.05045841 -0.07254276  0.1014873   0.0185327   0.03000352
 -0.05780308  0.06179579 -0.09724181  0.08429891 -0.11200154 -0.04508447
 -0.12017704 -0.14053755  0.15635952  0.01953478 -0.03303998 -0.11151528
  0.14748891  0.03833118  0.07851044  0.11833254  0.12299077 -0.05565936
 -0.01189543 -0.19777848  0.04662592 -0.05204302 -0.16645445 -0.03232243
 -0.09972385  0.17348854 -0.0154055   0.06431253  0.10119828 -0.00335188
 -0.02962616 -0.0059381   0.08365367 -0.06836297 -0.08222113 -0.00891957
  0.00045586 -0.14160429 -0.0251797   0.06811255 -0.00239692 -0.13170782
 -0.09016649 -0.0832307  -0.00715689  0.00087608 -0.07615519  0.08530415
 -0.02753643 -0.08743307 -0.03729052  0.06796276  0.0552933  -0.09788958
 -0.0255633  -0.09199917  0.06730524 -0.08449531 -0.09702755  0.06808918
  0.04717756  0.06891352 -0.08243857 -0.08601034  0.03396914 -0.01031854
  0.06485767 -0.05429424 -0.07080382  0.0113161   0.1460592   0.0213361
  0.16960549  0.14441994]