[ 0.05086371  0.07678966  0.03255314  0.00862543 -0.03817384  0.21620713
 -0.1020727  -0.04545449  0.03120916 -0.09324614  0.14345576 -0.04531007
 -0.10176224 -0.05643569  0.06301557 -0.04411361 -0.06152024  0.05459376
  0.07149147 -0.15687275  0.09327165  0.16468309  0.00168924  0.04539733
  0.09600744 -0.06201385  0.11940899 -0.08305344 -0.01153586  0.0289935
  0.12888554 -0.24745774 -0.00991293 -0.02705396  0.12632835  0.11287619
 -0.07734063 -0.17596477  0.02498497  0.10163241 -0.04738634  0.02517538
 -0.1208282   0.16637199 -0.03606682  0.00073411  0.033145   -0.0522775
 -0.09400833 -0.02050711  0.03479581  0.09993868 -0.00073436 -0.04568143
 -0.08441492  0.08481401 -0.03725541  0.08188547 -0.04928959  0.01733457
 -0.08354967 -0.05125565  0.16348633 -0.08858471  0.08751491 -0.17100722
  0.07460055 -0.0170982  -0.00615966  0.27490345  0.09579421  0.05361639
 -0.03604381 -0.19098444 -0.05488109 -0.05247386 -0.13692762  0.0400427
 -0.12178078  0.09324706 -0.01258815  0.06002095  0.02925675 -0.01685431
 -0.08071119  0.01137864  0.01548202 -0.13961172 -0.13474295  0.05526826
  0.02726058 -0.0711285  -0.10586146  0.0138243   0.04575146 -0.03641352
 -0.0360146  -0.03560697 -0.01388078  0.05309031 -0.03203815  0.10815728
 -0.04293904 -0.13935281 -0.00517577  0.04866534  0.06776485 -0.10104804
 -0.06572556 -0.0023835   0.06251518 -0.0711749   0.01728107 -0.04012984
  0.08962009  0.06453563 -0.04051727 -0.04732192  0.05767109  0.04033241
  0.08263705 -0.11384394 -0.01367844  0.00880308  0.14888702  0.04880101
  0.18110606  0.09793108]