[ 1.02108829e-01  1.22326098e-01  5.18987812e-02  2.01533153e-03
 -5.39835244e-02  6.97528571e-02  7.05583580e-03 -6.25362471e-02
  6.46288618e-02 -1.29931033e-01  1.83843955e-01 -6.98387697e-02
 -6.29260764e-02  3.42378914e-02  5.97394295e-02 -1.27666727e-01
 -2.06087511e-02 -1.55689474e-02  2.60875188e-02 -1.03422061e-01
  6.26273677e-02  1.77005410e-01 -5.20602092e-02  4.75724461e-03
  9.12715420e-02 -4.13904302e-02  7.66768008e-02  4.01394442e-02
  1.20870113e-01  8.92805904e-02  5.65655828e-02 -1.96412668e-01
  1.36666801e-02 -5.77261895e-02  9.13683027e-02 -9.90109146e-03
 -2.20397431e-02  3.23881246e-02  9.57642868e-02  9.45164189e-02
 -3.46169397e-02  8.92698616e-02 -1.53318658e-01  1.13867462e-01
 -7.03097880e-02 -5.67087252e-03 -5.25909550e-02 -7.47842714e-02
 -8.76730541e-04 -7.60681555e-02 -5.50149605e-02  2.51686037e-01
  4.26108949e-03  1.60663128e-02 -9.81059223e-02 -8.34962074e-03
 -5.31247221e-02  1.03416950e-01 -1.28300488e-01 -2.27879238e-04
 -1.12676047e-01 -1.17084041e-01  1.70431301e-01  1.10445470e-02
 -5.59820831e-02 -4.49219197e-02  1.57614663e-01 -3.36107537e-02
  1.82341859e-02  8.35368186e-02  1.27267346e-01 -2.61663999e-02
  1.85485855e-02 -5.68757206e-02  3.70010100e-02 -1.00985795e-01
 -1.31577358e-01 -9.62865576e-02 -7.00413734e-02  1.59370884e-01
  2.36620810e-02  5.38675189e-02  7.60745779e-02 -2.34156251e-02
  9.06453431e-02 -4.74935286e-02  3.48908128e-03 -1.15967907e-01
 -8.37355107e-02 -6.36417011e-04  6.10346906e-02 -1.23808913e-01
 -4.37413119e-02  3.70391943e-02  1.26964962e-02 -2.29557306e-01
 -2.51081232e-02 -7.91192576e-02  4.63221520e-02  1.83065407e-04
 -6.76733926e-02  1.44502908e-01  5.52352853e-02 -1.98192652e-02
 -1.13589950e-01  8.03518295e-02  1.49737701e-01  1.00194653e-02
  1.21015102e-01 -7.82312155e-02  1.56466007e-01 -6.34960085e-02
 -1.21690005e-01  8.80130380e-02  3.72682810e-02  5.01684658e-02
 -4.88000736e-02 -3.62636298e-02  7.51177371e-02 -2.63598636e-02
  1.60679687e-02 -5.80666699e-02 -8.31676945e-02  2.21718997e-02
  1.50800049e-01  5.13405213e-03  1.86910585e-01  8.73497799e-02]