[ 0.00458092  0.10831496  0.02300903 -0.02488042 -0.01885476  0.10448919
 -0.15754072 -0.08874251  0.13300727 -0.21843696  0.10278621 -0.04877438
 -0.09225139  0.0013251   0.03598925 -0.02393182 -0.02455328 -0.12151044
  0.06260619 -0.08777184  0.10657806  0.13066159  0.01930598 -0.00675533
  0.11972363 -0.0134924   0.10154643 -0.06972932  0.03189517  0.0291011
  0.21226718 -0.18837643  0.07790568 -0.01455121  0.06961739  0.13535309
  0.04297516  0.00490501  0.10051965  0.117015   -0.01959624  0.05501087
 -0.10920651  0.02887315  0.0511656   0.0932106   0.03548326 -0.10385902
 -0.04596397 -0.05822032 -0.16038282  0.14705321  0.08144793 -0.00487738
 -0.08158684  0.05239134 -0.01782263  0.07854371 -0.18059354  0.00744568
 -0.09706684 -0.04794723  0.14557804 -0.1112633   0.05267439 -0.11681017
  0.11923272  0.06111964  0.04693555  0.16031918  0.08685914 -0.00660235
 -0.13279656 -0.14672516  0.0988407  -0.0089301  -0.11277069  0.02677904
 -0.12002479  0.15351626 -0.091369    0.11132979  0.0482022   0.04795051
 -0.04107804  0.03717485  0.00898856 -0.0720164  -0.16540548 -0.03605096
  0.0680923  -0.11409182 -0.01309292  0.0952474   0.07637531 -0.08619489
 -0.04885514 -0.03155046  0.00218397  0.02877664 -0.11695245 -0.02224584
 -0.11809617 -0.00695098 -0.04453396  0.08875274  0.06759882 -0.03475849
 -0.03133128 -0.06199111  0.01106965 -0.08614223 -0.09006377  0.03608235
  0.07537397  0.08949342 -0.14159469 -0.08933294  0.05930242  0.09240179
  0.05479301  0.04434603 -0.06079675  0.05261711  0.09964545  0.03389084
  0.12066599  0.07081553]