[-0.00267042  0.0516615   0.09876375  0.03767538 -0.0530954   0.18925299
 -0.13489245 -0.04451616  0.07355446 -0.14590685  0.13852754 -0.01187867
 -0.09209087 -0.07273439  0.03974009 -0.05159679 -0.1092165   0.02179135
  0.03541892 -0.15776919  0.1365077   0.12007152  0.02456627  0.04849214
  0.13936232 -0.03108407  0.09427117 -0.1073365  -0.02262749  0.00188628
  0.17612623 -0.20111634  0.02458501  0.01269582  0.07402335  0.07446873
 -0.05352639 -0.09329948  0.07641529  0.1252185   0.04514151  0.00118641
 -0.12829331  0.08942334 -0.04489696 -0.09269866  0.02555183 -0.12458373
 -0.0307738  -0.0518552   0.00661464  0.12247592  0.04502227  0.01562541
 -0.07213702  0.07617506  0.0567155   0.03014631 -0.08771078 -0.03536151
 -0.09592874 -0.07428364  0.10324287 -0.0528871   0.04491303 -0.11074492
  0.11420306 -0.00136242  0.03584054  0.24333772  0.06671151  0.04544514
 -0.06019979 -0.14185962  0.05463874 -0.04442469 -0.17255296  0.00468887
 -0.13660011  0.17476961 -0.0879141   0.09122775  0.15183638  0.04199315
 -0.06456053  0.04987     0.09338517 -0.06936374 -0.1664823  -0.03991751
  0.00154161 -0.09327573 -0.03196775  0.03569534 -0.03655275 -0.11123438
 -0.08474817 -0.00214002 -0.00931066  0.03698114 -0.0420306   0.05453196
 -0.03713274 -0.01605896  0.08677646  0.02763206  0.07944789 -0.02888256
 -0.05338609 -0.06417461 -0.0170301  -0.06208172 -0.05514491 -0.02101227
  0.08875621  0.07846575 -0.08539286 -0.06125515  0.07481476  0.06235993
  0.1145011  -0.04799629 -0.07418472 -0.03588894  0.12388813  0.07361425
  0.17057705  0.18918373]