[ 4.27537784e-02  1.41178101e-01  7.54685253e-02  2.16262806e-02
 -2.33436115e-02  1.54908389e-01 -2.50202250e-02 -7.22274706e-02
  1.79942045e-02 -7.64718354e-02  1.43598467e-01 -4.60792221e-02
 -1.01291925e-01 -1.13588192e-01  5.10377660e-02 -1.05428636e-01
 -1.24518365e-01 -1.52264656e-02  5.10361791e-02 -1.44228548e-01
  7.46675357e-02  1.30817860e-01 -6.27291054e-02 -4.50480394e-02
  1.33259818e-01 -4.74252366e-02  4.42928970e-02 -2.74142604e-02
  6.39773980e-02  4.87830639e-02  8.70245770e-02 -2.45453373e-01
 -4.55239862e-02 -5.34740649e-02  1.43355981e-01  1.80135239e-02
 -5.52025847e-02 -1.29385248e-01  1.10919066e-01  6.57212138e-02
  3.04858182e-02 -1.72706302e-02 -1.13692723e-01  1.30577788e-01
 -7.03785568e-02  3.94792035e-02 -4.76870267e-03 -4.72265184e-02
 -6.46801814e-02 -8.54166597e-02 -1.66367125e-02  2.25980952e-01
 -1.34519897e-02 -2.33851839e-02 -7.94386044e-02  4.96306503e-03
 -4.10767719e-02  2.09546648e-02 -1.41858518e-01  2.55395975e-02
 -5.29989339e-02 -9.25569609e-02  1.48484409e-01  7.64232269e-03
  4.62919995e-02 -1.15042984e-01  1.03998601e-01 -1.75745282e-02
  3.71720903e-02  1.55685097e-01  1.14761777e-01  6.32572100e-02
 -9.40685347e-03 -1.24991506e-01  1.60074811e-02 -2.81505454e-02
 -1.62533715e-01  9.98712983e-03 -6.55140430e-02  1.87379971e-01
 -1.76829919e-02  3.39944772e-02  1.18661441e-01  8.30619112e-02
 -1.11264149e-02 -7.64400745e-03  4.97697517e-02 -6.94639012e-02
 -1.10198505e-01  8.96931905e-03  2.72212140e-02 -6.86222017e-02
 -5.36196046e-02  4.67555039e-02 -9.67042223e-02 -2.20098898e-01
 -5.36838640e-03 -8.31833780e-02  2.23893225e-02 -6.22525206e-03
 -2.30956022e-02  1.42073795e-01  1.10169442e-03 -1.01369351e-01
 -1.97924580e-03  5.61089292e-02  1.55460581e-01  8.09081644e-02
  2.41891593e-02  1.99319478e-02  1.03772327e-01 -1.14470020e-01
 -9.84175652e-02  2.36983392e-02  5.53791523e-02  5.61205298e-02
 -1.09765723e-01  1.49432514e-02  4.43804376e-02  6.98949862e-03
  4.09522317e-02 -7.57814944e-02 -7.89009705e-02  1.12487345e-04
  1.71045601e-01  5.18389978e-02  1.81669638e-01  1.16784580e-01]