[-0.04401442  0.09671196  0.08686541 -0.11844236 -0.07651205  0.16384508
 -0.19932935  0.05868253  0.05216454 -0.1055429   0.06618779 -0.09975729
 -0.05536339 -0.02226461  0.12840663 -0.08375585 -0.08981653 -0.11171243
  0.03007461 -0.08734673  0.00443258  0.08178065  0.10529409 -0.0143148
  0.06141454 -0.03738413  0.15336645 -0.03936237 -0.05212622 -0.16183533
  0.20249562 -0.29548821  0.08478241  0.03804758  0.0341308   0.13925184
  0.0258871   0.02149595  0.01838862  0.13510644 -0.00491293 -0.03428116
 -0.14997245  0.01544672 -0.02191719  0.02606903  0.00353489 -0.03291737
 -0.12971701  0.0701611  -0.13987888  0.06548222  0.0275407   0.02453583
 -0.11496186  0.05090687  0.00058595  0.03313549 -0.12083341 -0.06704157
 -0.12852232  0.02230137  0.08970429 -0.09781411  0.04133464 -0.01592293
  0.08268566  0.12669322  0.00514387  0.18979034  0.05748979 -0.01747061
 -0.098954   -0.11241756  0.14857441 -0.02878628 -0.14299063  0.00361819
 -0.00814815  0.11358079 -0.1520704  -0.01342315  0.05919489  0.03612883
 -0.10565884  0.05372213  0.02733888 -0.0176882  -0.04996995  0.02777733
  0.07154413 -0.12017299  0.06076312  0.06989649  0.01762627 -0.07660052
 -0.07104541  0.00659197 -0.06290287  0.00033035 -0.08510674 -0.01619839
 -0.14530869 -0.0755648   0.04259961  0.08671699  0.00200531 -0.08013815
 -0.05416409 -0.09956424  0.01814834  0.02622037  0.02891236  0.03791561
  0.06554472  0.04806952 -0.11653209 -0.05516138  0.1106696   0.10617643
  0.10394849 -0.06848574 -0.05624971  0.06098123  0.11850605  0.00269257
  0.13126646  0.09486245]