[-0.00437835  0.10497192  0.05958975 -0.11481121 -0.02215151  0.09989839
 -0.12148597  0.00737066  0.1225974  -0.14505213  0.0655213  -0.09435106
 -0.04140081  0.02090368  0.02340967 -0.04534501 -0.01319811 -0.10127702
 -0.01378904 -0.08785678  0.13948692  0.09623911 -0.05305858 -0.00429252
  0.06337599 -0.0006085   0.05712866 -0.04682589  0.04571251 -0.01559914
  0.19300999 -0.24787599  0.00476281 -0.03526342  0.08706944  0.1181826
  0.00867796  0.04833997  0.07483667  0.07702857 -0.05292877  0.08444158
 -0.14505716  0.05468753  0.12338042  0.10664728 -0.02570875 -0.05027896
 -0.09831472 -0.10853137 -0.18887503  0.1162749   0.0322042  -0.03311944
 -0.07863353  0.04616361 -0.07031564  0.10421176 -0.14043324 -0.07285313
 -0.02592057 -0.02506262  0.12085447 -0.0430181   0.01144653 -0.11459246
  0.1139441   0.16265136  0.10252269  0.10581958  0.14942954 -0.01758408
 -0.08537359 -0.22629791  0.03620381  0.0178726  -0.153336    0.0824937
 -0.02309444  0.10482355 -0.10191445  0.11419877  0.03092434  0.03370449
 -0.0618026   0.00102587  0.06260876 -0.01248821 -0.06609418 -0.02671722
  0.04447458 -0.11832222  0.01806811  0.09589696  0.03777583 -0.08397645
 -0.02217879 -0.09114165 -0.0562865   0.02121904 -0.05920541  0.01385872
 -0.16002348 -0.04895702 -0.08101398  0.07310342  0.01206433 -0.08450145
 -0.02134324 -0.07355592  0.06593253 -0.07439367 -0.12606975  0.07059669
  0.1044312   0.11293206 -0.25120509 -0.09126437 -0.03112479 -0.00034627
 -0.01619824  0.05190445 -0.06464777  0.07541504  0.09473496  0.02334693
  0.05006843  0.00088922]