[ 0.08097143  0.06417723  0.04650519  0.06622591 -0.01037956  0.14857128
 -0.10173623 -0.13443559  0.07354587 -0.19424389  0.11463839 -0.03605135
 -0.08890473  0.04168202  0.051134   -0.07859479  0.02245688 -0.03794191
  0.03903604 -0.11929855  0.06948216  0.10515436  0.00433666 -0.03798293
  0.15182501 -0.09340569  0.02706697 -0.01197597 -0.07000881  0.03045316
  0.17020312 -0.14600275  0.00359579 -0.03079695  0.08863335  0.10426717
 -0.0282163  -0.07569109  0.11102539  0.05376825 -0.01521696  0.07281983
 -0.12996733 -0.03324329  0.0064008   0.06541458 -0.05752895 -0.09385414
 -0.03920137 -0.07778998 -0.06050896  0.1590068   0.09870758 -0.01284821
 -0.13066432  0.01487837 -0.03718906  0.06042822 -0.13580868  0.05152508
 -0.0535898   0.0168816   0.08199538 -0.1318668   0.04629973 -0.04076229
  0.11283945  0.10890609 -0.02431233  0.17628564  0.16086748  0.01379618
 -0.05933848 -0.20017986  0.00561758  0.04637736 -0.10801207 -0.10450635
 -0.12404168  0.16079943 -0.09018324  0.05245348  0.05709403  0.00309559
 -0.05410919  0.04378143  0.00105403 -0.13320181 -0.20219758 -0.00897492
  0.02835405 -0.13035911  0.03713342  0.11334007 -0.0085765  -0.1090007
 -0.02982416 -0.11010285 -0.00504978  0.04484516 -0.0423234   0.06363806
 -0.07642418 -0.0383531   0.00247344  0.08272474  0.11061273 -0.01992817
 -0.06787419 -0.0213437   0.02736399 -0.13413279 -0.03266928  0.03684987
  0.06445439  0.06024879 -0.18585631  0.02655252  0.05751351  0.05069528
  0.01695136 -0.04378919 -0.08531407  0.01373232  0.24001117  0.0437234
  0.14691533  0.0527949 ]