[ 0.01622414  0.02108547  0.03957818 -0.03979241 -0.00802192  0.0701492
 -0.10424498 -0.00741468  0.14754187 -0.19155048  0.08115108 -0.0016101
 -0.06441955  0.00978205  0.0009233  -0.0464851  -0.02188861 -0.10810281
  0.02370057 -0.05042083  0.15699479  0.11015029 -0.03324936  0.04967279
  0.09019732  0.04458015  0.08155173 -0.10498518 -0.00389841  0.0312722
  0.18600623 -0.22338338  0.03012619 -0.01796897  0.06778506  0.10845549
 -0.00236657  0.08658709  0.05637017  0.08771371 -0.01639553  0.12802078
 -0.13490407  0.10024113  0.05316425  0.02012464  0.00807847 -0.12064382
  0.01033221 -0.06796001 -0.12608625  0.0903027   0.0219629  -0.00224876
  0.02215884  0.0435426  -0.06744961  0.13376695 -0.13427049 -0.06885058
 -0.05600977 -0.1313556   0.14350426 -0.05939212  0.03606625 -0.19148809
  0.12741962  0.10267489  0.11363205  0.13136132  0.14555822  0.04580066
 -0.07527859 -0.1701193   0.0161953  -0.00555525 -0.14958215  0.08286506
 -0.06223036  0.15942116 -0.1088637   0.13874327  0.08328435  0.02130342
 -0.03636231 -0.07085127  0.10875698  0.01692609 -0.06285144 -0.09399473
  0.00561651 -0.10216869 -0.00176291  0.04650385  0.04816696 -0.10544649
  0.00054398 -0.08768308 -0.02698647  0.00454718 -0.11698588  0.0203774
 -0.10248119 -0.02314549 -0.10469374  0.03865484  0.00042862 -0.0973032
 -0.01099097 -0.06778456  0.0471798  -0.05283209 -0.15872513  0.05750343
  0.10827641  0.11775268 -0.14908934 -0.16060951 -0.03979891  0.03178616
  0.01563438  0.11886095 -0.0515045   0.05763249  0.07126782  0.02397246
  0.10851542  0.06798407]