[ 0.05334195  0.07790552  0.05679912  0.03496484 -0.0321627   0.12994774
 -0.07210186 -0.05571824  0.09838526 -0.12918916  0.15609151  0.00906913
 -0.07335467 -0.03242484 -0.04979104 -0.04194746 -0.06753203  0.02942269
 -0.01225361 -0.12133115  0.17168278  0.13099505 -0.02190368  0.00496559
  0.084766   -0.02032752  0.08632816 -0.08254632 -0.01332906  0.08817936
  0.04027227 -0.19392926  0.03862162 -0.00882779  0.09291574  0.02352592
 -0.02662899  0.00069549  0.05763577  0.08552446 -0.03125392  0.05514363
 -0.1311907   0.07645741 -0.03270543  0.00841428 -0.00367643 -0.14985591
 -0.04473832 -0.07143418  0.03488726  0.19638112 -0.00906379  0.05064163
 -0.01646304  0.03919526  0.05436121 -0.00304008 -0.11521738 -0.02828069
 -0.02365587 -0.15032648  0.12306398 -0.03368489  0.05196837 -0.18673702
  0.08220282  0.08640626  0.08127391  0.23734894  0.13964888  0.01258229
 -0.04250157 -0.20553429  0.01282166  0.03670591 -0.16323085  0.0398574
 -0.13437648  0.11740644 -0.08059518  0.12350047  0.12743261  0.05267273
 -0.04439062  0.02617326  0.08777875 -0.05300082 -0.1164338  -0.00416657
 -0.04375923 -0.14871453 -0.06497301  0.05056251 -0.058159   -0.1446659
 -0.03095293 -0.06589002  0.04853739  0.02978302  0.01477668  0.11725485
 -0.02387416 -0.01768761  0.03033668 -0.01715616  0.06682612 -0.01053398
 -0.05495331 -0.07696971  0.01447112 -0.09567852 -0.0888458   0.01032081
  0.10817629  0.1091919  -0.1513558  -0.07517726  0.00634225  0.01333785
  0.04075667  0.01428065 -0.04555285 -0.0096937   0.20836084  0.07955154
  0.20112181  0.13060138]