[-0.03007243  0.0448291   0.06951486 -0.0758926  -0.07184451  0.12135823
 -0.16912647  0.03642819  0.14524697 -0.16345069  0.09350315 -0.03725343
 -0.07751876 -0.04282138 -0.00957813 -0.08159528 -0.0958481  -0.04932924
  0.02221769 -0.11814142  0.12943146  0.1501029  -0.00961866  0.00763041
  0.05900648  0.01273148  0.13962913 -0.04869988 -0.01502149 -0.02331472
  0.17478776 -0.30933458  0.06396251 -0.02469158  0.0799832   0.07893255
 -0.01426548 -0.00483019  0.04965178  0.13665694 -0.01675353  0.06478365
 -0.14717981  0.1153765   0.02779324 -0.08096483 -0.02391458 -0.09708034
  0.01297719 -0.012404   -0.08961899  0.12443794  0.0319975   0.03336657
 -0.0698465   0.04809502  0.009026    0.02942449 -0.12858206 -0.09872477
 -0.07550987 -0.09767734  0.12725219  0.00941591 -0.0249611  -0.17543854
  0.1326268   0.0534148   0.09984834  0.15698923  0.11322658 -0.02056088
 -0.04490127 -0.16599782  0.04639728 -0.02506424 -0.19353506  0.01897937
 -0.07276219  0.16267985 -0.0846599   0.0999977   0.14670244  0.08516583
 -0.03027484 -0.00153261  0.09371611  0.00382429 -0.05107604 -0.05079901
 -0.01693654 -0.10913997  0.00416932  0.06257761  0.01082207 -0.13445671
 -0.06292827 -0.03323258 -0.0736069   0.02192474 -0.05230524  0.05535437
 -0.08426402 -0.06339342  0.01897522  0.02198369  0.04829295 -0.10222387
 -0.0523423  -0.05772888  0.04032683 -0.08449434 -0.08869056  0.06031216
  0.05610086  0.10342025 -0.09678506 -0.08488987  0.03041614  0.00319402
  0.06164305 -0.00452853 -0.05392424 -0.03064379  0.10026085  0.01535882
  0.14336658  0.15558653]