[-0.00345341  0.0980429   0.07512016 -0.04002213 -0.05584924  0.08468315
 -0.11414545 -0.05684762  0.11343171 -0.17459482  0.09485601 -0.0713483
 -0.09140073 -0.05985976 -0.00349814 -0.0123982  -0.08132549 -0.03651007
  0.04083377 -0.15118882  0.15760693  0.15515123 -0.00712542 -0.05042034
  0.07339022  0.01256329  0.07189815 -0.09684995  0.07537635  0.04592429
  0.1405151  -0.20570724  0.05742053 -0.05643381  0.13789485  0.02803747
  0.01226642  0.02070426  0.13771915  0.10006168 -0.04963901  0.05061378
 -0.14434692  0.05991414  0.06244854  0.06304563 -0.00561826 -0.12350646
 -0.07041509 -0.12163476 -0.12717827  0.17490321  0.09799521  0.00762333
 -0.13090447  0.03528091  0.08714037  0.01532757 -0.18063825 -0.01247097
 -0.03047994 -0.07301939  0.13085988 -0.00143449  0.03605213 -0.14915931
  0.1044176   0.04058414  0.08821891  0.11759203  0.08931298 -0.05176798
 -0.10020187 -0.18076687  0.04330382 -0.01734688 -0.17860988 -0.00141473
 -0.1022433   0.16042495 -0.0698429   0.10899428  0.06990664  0.07976473
 -0.0153739   0.02506624  0.02445475 -0.06423164 -0.16175833 -0.04854099
  0.03555659 -0.07361092 -0.03850165  0.09482916  0.01424759 -0.1032529
 -0.04207736 -0.00775984 -0.00779525  0.05384041 -0.02216805  0.02798826
 -0.09723814 -0.01572184  0.03145801  0.00894554  0.13771616 -0.01809344
  0.00891894 -0.05852841  0.01872407 -0.12959585 -0.1044008   0.00132719
  0.08145905  0.13646142 -0.17849399 -0.05797939  0.0249077   0.00165984
  0.02411081  0.00805479 -0.07476924 -0.02199047  0.12718689  0.04936803
  0.11251332  0.08850639]