[ 0.05559938  0.17820206  0.06118347 -0.02763029  0.05490882  0.18021369
  0.0066897  -0.08916476  0.07889515 -0.17118531  0.07942314 -0.04658306
 -0.07626507 -0.00641903  0.04389561 -0.08866148 -0.09057772 -0.02373318
 -0.07176485 -0.16210873  0.11960841  0.14053816 -0.00795214 -0.08400138
  0.14674036 -0.14896914 -0.02292248  0.04550543  0.05704433  0.07626549
  0.14153793 -0.16368936 -0.03884611 -0.01575041  0.11287181  0.01693994
 -0.04948505 -0.06510163  0.07614719  0.05712613  0.03458658  0.06033685
 -0.04498196  0.08292692 -0.06090368  0.04250438 -0.03975565 -0.04036848
 -0.05125329 -0.02668554 -0.06941719  0.20173045 -0.01450515 -0.0179058
 -0.08904859  0.00329057 -0.06368382  0.1038052  -0.15959588 -0.01362794
 -0.10217895 -0.02593188  0.14452764 -0.05578406  0.0229807  -0.05146248
  0.06166178  0.06419359 -0.0561039   0.20022461  0.17776838  0.0729174
 -0.01197694 -0.11562685  0.00481008  0.02664979 -0.12674938 -0.12199785
 -0.09158635  0.12951125 -0.00998314  0.06109406  0.1175703   0.0910462
 -0.02968333 -0.01167194  0.02304839 -0.07760366 -0.10971168  0.04386076
  0.06023926 -0.16157919 -0.06187798  0.01415135 -0.00429462 -0.1714469
 -0.04745785 -0.01983475 -0.02869431  0.04488336 -0.0360466   0.1018393
  0.00112135 -0.0174624  -0.09250973  0.07920073  0.04994148  0.08408638
  0.04488727 -0.03801422  0.12274396 -0.09861243 -0.15042719  0.10757835
  0.07304417  0.06921975 -0.09051517  0.06062078  0.09292279  0.10154372
  0.06859645 -0.01771775 -0.06851251  0.02508952  0.14840375  0.00156593
  0.17761195  0.08102044]