[ 0.01551322  0.10608638  0.04299864  0.01248099  0.04364137  0.18219472
 -0.06927512 -0.10545417  0.08931095 -0.15793514  0.11257782  0.01169379
 -0.10444521 -0.00112934  0.08513773 -0.10411427 -0.06245115 -0.00493638
  0.02431578 -0.14816982  0.0448308   0.15155649  0.00023346  0.0226912
  0.19009168 -0.11950711  0.11660127  0.02943644 -0.00594548  0.04785465
  0.17523201 -0.21118556  0.0365519  -0.01055595  0.07036455  0.06559135
 -0.02824502 -0.17727658  0.05069027  0.10076223  0.09825912  0.02753832
 -0.02279358  0.1058812  -0.10887593 -0.04161906 -0.00993838 -0.07500039
  0.00858362 -0.03800533 -0.01770681  0.09067142  0.03336458 -0.03821753
 -0.08536521  0.08742268 -0.09966032  0.12746941 -0.12636979  0.04053145
 -0.15076724 -0.0453886   0.12260146 -0.08279713  0.04916479 -0.02756622
  0.06863818 -0.02144234 -0.06781005  0.19028084  0.10835204  0.05931245
 -0.02328832 -0.15890563  0.06697867  0.03112518 -0.11229411 -0.07595828
 -0.14075065  0.11467215 -0.02764664  0.06372635  0.13524199  0.08551521
 -0.03465702  0.03056966  0.03459062 -0.09426484 -0.17422825  0.03747871
  0.0184117  -0.1490908  -0.05192184  0.03165008  0.00648403 -0.12741441
 -0.10947454 -0.05106383  0.01293182  0.03249509 -0.08614179  0.04576384
  0.01488706 -0.05250717 -0.05124754  0.08900594  0.06454567 -0.00164508
 -0.07359922 -0.03714792  0.08645208 -0.09234145 -0.0263276   0.07205307
  0.01241081  0.01282465 -0.07641953  0.0500136   0.08938648  0.10740682
  0.12825397 -0.07914286 -0.11939901 -0.01408632  0.13368694  0.05225597
  0.1269697   0.11582946]