[ 0.08873737 -0.00356719  0.02634926 -0.04190228  0.00569381  0.15175922
 -0.05135743 -0.04443039 -0.03186396 -0.12063317  0.14882104  0.06277195
 -0.02858929 -0.06014656  0.03365604 -0.12419816 -0.12627862 -0.07071552
  0.06007832 -0.00098591  0.05716568  0.17148212 -0.01522383  0.0460875
  0.06531578  0.04074549  0.16601291 -0.07717137 -0.02125788  0.06342497
 -0.00535523 -0.29458231  0.01500422  0.0079012   0.0866238   0.02789678
 -0.04373141 -0.05052337  0.06432977  0.06766442  0.02362936 -0.02292471
 -0.12346998  0.12676807 -0.13466403  0.01495923  0.01235867 -0.05485382
 -0.06058349  0.02846961 -0.02102105  0.08682813  0.01776175  0.03981983
  0.01957878  0.00102361 -0.07960642  0.10313104 -0.18638641  0.01987614
 -0.06646957 -0.10409978  0.20812462  0.01255711  0.0479933  -0.12107347
  0.06647078  0.05393069  0.03663414  0.0742517   0.07846601  0.01801377
 -0.03732163 -0.15162328  0.07666413  0.02303253 -0.13328217 -0.03522646
 -0.00463599  0.24913518  0.00074075 -0.02072221  0.12374394  0.03675503
 -0.05239033 -0.04255803  0.09835955 -0.02517313 -0.07486664  0.04928229
  0.0445262  -0.11945753 -0.03362314  0.14864117 -0.15633349 -0.18447596
 -0.0368589  -0.11430497  0.08660702 -0.06854686  0.00136242  0.11872957
 -0.04219219 -0.11167304 -0.04898693  0.05664099  0.064367    0.03952729
 -0.0791622  -0.0282126   0.15797374 -0.02936217 -0.04265084  0.03879458
  0.00872499  0.10847504 -0.15057161  0.01649412 -0.0287571   0.06639178
  0.03247545 -0.10348063 -0.06891808 -0.01914408  0.12803447  0.10936081
  0.15746078  0.08822682]