[ 0.00258077  0.08347765  0.06454094 -0.02351981 -0.02147604  0.03643394
 -0.06351341 -0.05216717  0.13463487 -0.16596571  0.11891811 -0.07052063
 -0.05443385  0.06735503  0.05168197 -0.0360608  -0.006414   -0.04965481
  0.02100129 -0.14172506  0.1405607   0.1474703  -0.03801593 -0.0710341
  0.10860197 -0.00396694  0.03559189 -0.02970106  0.05492888  0.06967273
  0.15641245 -0.16278915  0.07361646 -0.06438925  0.10216704  0.07613324
  0.01290209  0.04714883  0.08607505  0.10163066 -0.00760254  0.12919804
 -0.11183254  0.09163991  0.009953    0.07046331 -0.02792007 -0.14178596
  0.01808664 -0.16840574 -0.10755013  0.16985798  0.02188847  0.00441539
 -0.07823998  0.04360339 -0.01817942  0.04658167 -0.1331566   0.00798202
 -0.07145768 -0.1464984   0.07031754 -0.00597084  0.04100254 -0.13316797
  0.11926741  0.07440011  0.11154146  0.12649311  0.17904785  0.0025874
 -0.03527843 -0.20227847  0.03682836  0.01694121 -0.1808629   0.00706235
 -0.13164192  0.11280636 -0.05758424  0.11583984  0.08954223  0.07544994
 -0.01043698 -0.0026564   0.07717802 -0.06613133 -0.15391728 -0.07757926
 -0.02340729 -0.09706593 -0.04126827  0.00821313  0.0198776  -0.14284055
 -0.03068328 -0.04811744 -0.00287153  0.05404207 -0.10030141  0.06122649
 -0.00187576 -0.0180839  -0.0629677   0.02315312  0.07037748 -0.01140814
  0.05870039 -0.0845285   0.01108791 -0.1558408  -0.18538167  0.0384492
  0.08133152  0.09146018 -0.12408882 -0.10395685 -0.00163937  0.00572265
  0.02893562  0.05677105 -0.09020945  0.05110753  0.14960495  0.00722408
  0.12937023  0.12363113]