[-0.01680557  0.08181297  0.07849324 -0.09105589 -0.09337159  0.15139623
 -0.12639318  0.07277492  0.04450274 -0.10179356  0.08095158 -0.12851262
 -0.07197095 -0.05024985  0.05082344 -0.07317945 -0.11817685 -0.04197375
  0.04939963 -0.15647897  0.10005219  0.09464302  0.03841157 -0.06605793
  0.03646611 -0.02074979  0.08505118 -0.12239852 -0.01328825 -0.09071155
  0.12821129 -0.28783882  0.02103415 -0.0376333   0.09555695  0.08277673
 -0.02511961  0.00909913  0.04020864  0.12346677 -0.04853499  0.01898119
 -0.2066851   0.07135733  0.0086346   0.07734816 -0.00471577 -0.09599409
 -0.14437984 -0.04920448 -0.11968581  0.13250729  0.02922211  0.03096886
 -0.13167509  0.03938481  0.09503921 -0.00644588 -0.09148689 -0.06353391
 -0.0254851  -0.01367119  0.09640136 -0.03067046  0.05173085 -0.12788641
  0.11361396  0.12238889  0.13317333  0.19479656  0.11171573 -0.00494953
 -0.06101377 -0.18015222  0.05038885 -0.01468744 -0.22509557  0.04491492
 -0.0554232   0.09508684 -0.14609368  0.05597576  0.04033516  0.03565508
 -0.09117932  0.07259712  0.06138343 -0.04738766 -0.09454598 -0.03366913
  0.04429498 -0.07574961 -0.00396848  0.01906839 -0.01244201 -0.09618993
 -0.01024251 -0.01059395 -0.03933514  0.05165568 -0.0262758   0.049669
 -0.09301097 -0.09165484  0.04444262  0.016389    0.04935251 -0.0460582
 -0.05363743 -0.07320777  0.03103545 -0.06276298 -0.03061488 -0.05675573
  0.09997029  0.12020329 -0.16387586 -0.10644926  0.05620772 -0.01181388
  0.03654718 -0.0510521  -0.04118055  0.03452851  0.15236379  0.01855205
  0.11818201  0.11595804]