[ 0.04436229  0.13306922  0.0244568  -0.04323049 -0.0741876   0.20432894
 -0.10010243  0.00865835  0.01215551 -0.01817895  0.10132674  0.04815
 -0.04454568 -0.07096568 -0.02569726 -0.07380867 -0.0807299  -0.09731092
 -0.00223759 -0.0502253   0.01219961  0.1367512   0.01984776  0.08809219
  0.00057481 -0.00465491  0.17660858 -0.01661874 -0.01659974  0.01599968
  0.01029799 -0.25168192 -0.01505665  0.03070863 -0.04131084  0.03805486
 -0.05250606 -0.00689348 -0.01839221  0.21115054 -0.07967561 -0.0334167
 -0.17999668  0.03687865 -0.02325547  0.00395559  0.00912411 -0.05156438
 -0.07686154  0.11185426  0.14176115  0.22009541 -0.07954334  0.0152651
  0.00903745  0.02052623  0.00313569  0.06319865 -0.05465712 -0.01860696
 -0.07567108 -0.07148849  0.14921978 -0.08737427  0.01482339 -0.21512362
  0.09003311  0.09768469 -0.02532324  0.24986188  0.08187902  0.05471065
 -0.05550699 -0.05011198  0.0723007   0.03517864 -0.08714531  0.05722354
 -0.0348479   0.16733418 -0.0415988  -0.01189142  0.15374762  0.05540343
 -0.04943838 -0.06627584  0.07301301 -0.04388311  0.0008216   0.04638625
 -0.1068509  -0.14893453  0.00037947  0.15721902 -0.04813365 -0.1146992
  0.0468094  -0.11650501  0.03370508 -0.01930996  0.01648976  0.15764628
 -0.12747966  0.00277069 -0.04923778  0.00879771 -0.02926716 -0.06378151
 -0.0949439  -0.06358254  0.1093565   0.06429516  0.02584597  0.06650342
  0.03621044  0.09354009 -0.11729315  0.00387629  0.00827728  0.09617839
  0.03229479 -0.06670914 -0.00281434 -0.0517826   0.16173173  0.10181011
  0.15476315  0.06966951]