[-0.01664443  0.07291386  0.14274968  0.02873927  0.00484642  0.17701577
 -0.01363232 -0.07408192  0.059956   -0.14247628  0.09767342  0.02067914
 -0.10576076 -0.01617902  0.10173836 -0.09651432 -0.08908902 -0.00750539
  0.00065706 -0.18864867  0.05906128  0.12524749 -0.06223233  0.08347437
  0.17548838 -0.05600397  0.03095214  0.00097446  0.03420754 -0.00159897
  0.20303668 -0.14539802 -0.04997342 -0.01017779  0.04426765  0.05902804
 -0.09700991 -0.14237726  0.06059752  0.13928053  0.13823962  0.04809221
 -0.0815854   0.07280598 -0.04277781 -0.08194389 -0.01661126 -0.11585891
 -0.01936422 -0.12013438 -0.02674944  0.0640718   0.03413408 -0.06902705
 -0.07887339  0.11042393 -0.103159    0.21055594 -0.11421636  0.05115134
 -0.14510056 -0.00785355  0.10647649 -0.06323338  0.059471    0.02583577
  0.10714564 -0.06113989 -0.08252253  0.18003069  0.10200903  0.09563197
 -0.00443792 -0.05978232  0.07660227 -0.01244859 -0.13202742 -0.080663
 -0.11551278  0.10878978 -0.04851049  0.07175488  0.14653438  0.02504895
 -0.06097113 -0.02032695  0.10832791 -0.10042328 -0.20918421 -0.03113757
  0.03319298 -0.09079818 -0.00605842  0.0171037   0.0196179  -0.06964136
 -0.07100281 -0.0856438   0.01506395  0.08417667 -0.1192126   0.02388368
 -0.02483426 -0.01088638 -0.04609187  0.10033193  0.05897202 -0.02644302
 -0.03514752 -0.07991631  0.07804091 -0.04977674 -0.06503311  0.00260421
  0.07625905  0.03616587 -0.08249047  0.02564987  0.09723657  0.08472908
  0.11851493 -0.07732686 -0.13474883 -0.0351762   0.09270121  0.10814206
  0.07514017  0.10485429]