[ 7.33345374e-02  6.27845004e-02  9.03441757e-02  1.18199131e-02
 -1.50383627e-02  2.21567392e-01 -1.33816764e-01 -3.57907079e-02
  8.98361355e-02 -1.54181838e-01  1.26574233e-01 -3.10561173e-02
 -7.42404014e-02  2.20595412e-02  5.32628484e-02 -6.57261461e-02
 -3.26518193e-02 -3.52564529e-02 -3.13130990e-02 -1.03570603e-01
  8.93227607e-02  1.54300317e-01  3.72715667e-02  3.14837657e-02
  9.36592519e-02 -1.11490309e-01  6.22865222e-02 -4.57204063e-04
 -6.45025223e-02 -2.93884799e-02  1.51524678e-01 -2.32228279e-01
 -2.14409549e-02  1.27118332e-02  4.45987061e-02  1.36140138e-01
 -5.08725122e-02 -6.81289583e-02  3.76537293e-02  1.33782178e-01
 -2.46107932e-02  7.53378347e-02 -1.70272976e-01 -3.17319632e-02
 -1.74753182e-02 -4.18963246e-02 -6.81864917e-02 -6.40467256e-02
 -9.71862674e-03  4.93975133e-02  5.66085707e-03  1.60940707e-01
 -9.55090020e-03  2.33405400e-02 -8.17602202e-02  1.14356950e-02
 -6.16647676e-03  5.22656292e-02 -9.58577991e-02  2.23556126e-04
 -9.46646780e-02  3.61539330e-03  9.46328714e-02 -1.42717019e-01
  1.15425065e-02 -1.05008729e-01  1.17571637e-01  1.35732383e-01
 -1.08731426e-02  2.73697644e-01  1.70657292e-01  8.01147595e-02
 -2.94692572e-02 -1.49058461e-01  2.54364703e-02  1.99902784e-02
 -1.23076573e-01 -3.35039571e-02 -9.51691121e-02  1.35260895e-01
 -4.19766270e-02  6.08938150e-02  1.29397258e-01  2.32097674e-02
 -5.72689101e-02  3.69885862e-02  5.05628549e-02 -5.59990555e-02
 -1.24921009e-01  2.39975676e-02  1.14982072e-02 -1.51866958e-01
  1.35438722e-02  1.10241137e-01 -2.17103921e-02 -1.16504967e-01
 -5.14302142e-02 -1.03671938e-01 -4.24671583e-02  5.31132072e-02
 -1.02007994e-02  7.99644291e-02 -1.01657115e-01 -6.35157079e-02
  1.79391596e-02  7.18953088e-02  3.55244391e-02 -1.14237033e-01
 -7.02770725e-02 -2.84806155e-02  2.67340932e-02 -3.98081653e-02
  1.98429283e-02  7.35769123e-02  8.19467753e-02  7.95582607e-02
 -1.19073793e-01  3.48417349e-02  1.26709677e-02  7.19352067e-02
  4.62550074e-02 -5.67070581e-02 -2.54917089e-02  3.56603600e-03
  1.87355921e-01  6.28662705e-02  1.77944273e-01  1.10055134e-01]