[ 0.03277778  0.15424782  0.0389766  -0.02815767 -0.04237303  0.09570848
 -0.05595819 -0.10528935  0.09043239 -0.14720309  0.1310129  -0.08465945
 -0.0895785   0.04381303  0.09041198 -0.12452235 -0.07223089 -0.07660286
  0.0212899  -0.14372392 -0.02941822  0.18979499 -0.03813651 -0.05212503
  0.10196966 -0.07222149  0.0845494   0.07790077  0.04977667  0.03643128
  0.11698597 -0.19947217  0.01336615 -0.07107174  0.05377633  0.0817144
 -0.02296808 -0.08820324  0.06239437  0.16894218  0.02744839  0.04834639
 -0.1261066   0.08924741 -0.04891584  0.08861982 -0.043144   -0.05246577
  0.00136628 -0.06521025 -0.08710498  0.2215393   0.0260633  -0.01740105
 -0.14265843  0.02142708 -0.08036324  0.08039995 -0.10517041  0.06371303
 -0.13408305 -0.02925272  0.11363859  0.01117556 -0.0519583  -0.04512022
  0.15959328  0.00093903  0.02522613  0.11927688  0.14990197 -0.00895824
  0.02152911 -0.07804768  0.09559219 -0.00992519 -0.16447146 -0.10173398
 -0.1263053   0.13185653  0.04130875  0.048612    0.06589402  0.05013705
  0.0097221   0.05232961  0.00439816 -0.15031143 -0.17195019  0.00569369
  0.03609278 -0.11281579 -0.00785734  0.01525045  0.0003174  -0.17135912
 -0.05509906 -0.09666132  0.05496885  0.01894069 -0.10626352  0.09750263
  0.03660563 -0.05212444 -0.10334717  0.08456872  0.08436697  0.04372681
  0.00917447 -0.02189879  0.15131682 -0.10881705 -0.08631514  0.06185455
 -0.03765767  0.03615152 -0.07511395  0.01261015  0.09767896  0.00110822
  0.06763467 -0.07702924 -0.09696982  0.03769061  0.13805504 -0.00320993
  0.1118945   0.10787093]