[ 0.0542375   0.0805222   0.11124106 -0.02257883 -0.03888962  0.12084693
 -0.03604163 -0.016083   -0.01801093 -0.0562683   0.17226262 -0.01155089
 -0.1294484  -0.02184161  0.04930778 -0.08640453 -0.08912046  0.0679694
  0.04919261 -0.1028304   0.02631877  0.1984738  -0.01666225  0.00136828
  0.0245246   0.00455075  0.11133334  0.00993822  0.04361461 -0.03063024
 -0.01565708 -0.2942442  -0.04874868 -0.04857573  0.09744188  0.05648898
 -0.07301941 -0.06139944  0.03850772  0.19275202 -0.03020388  0.11987902
 -0.17317632  0.09807416 -0.10822156 -0.0126162   0.00216886 -0.11092473
 -0.05076245  0.02514048  0.0132033   0.169027   -0.15257715  0.05589617
 -0.0698031   0.01151275  0.01242479  0.08252406 -0.12722984  0.08868962
 -0.04946009 -0.07502973  0.18037029 -0.02034183  0.06206302 -0.16791782
  0.10456117 -0.02493533  0.05695343  0.27317786  0.15615547  0.09986454
  0.08446296  0.00928536  0.00093451 -0.08616838 -0.16131218  0.04520307
 -0.07585118 -0.03118087 -0.00473366  0.10839806  0.08302015 -0.00050342
 -0.04406933 -0.02337733  0.0466334  -0.05737934 -0.08091196  0.00419187
  0.04557589 -0.06218838 -0.0399901  -0.01284894  0.0645122  -0.17890613
 -0.00678788 -0.07210349  0.01698727  0.06614044 -0.11567377  0.12300317
 -0.01135125 -0.11386145  0.01627696  0.07204231  0.11471324 -0.07971743
  0.00072071 -0.02575838  0.10400075 -0.04549136  0.04793491  0.05628796
  0.06000039  0.03880775  0.01536537 -0.050931    0.0245723  -0.05245969
  0.02800424 -0.05949904 -0.02513623  0.00131335  0.1262555   0.05239986
  0.16083241  0.1123405 ]