[ 0.13990834 -0.07558633  0.05655339 -0.0012226   0.10511403  0.25063676
 -0.04690621 -0.00299399 -0.12297305 -0.16859674  0.03294414  0.03073843
 -0.02101763 -0.04059887  0.16596721 -0.09155748 -0.09514694 -0.10195147
  0.0335434   0.03500967  0.03709102  0.13527101  0.12194831  0.06748793
  0.1043216  -0.0936162   0.03998388 -0.10970938 -0.08442715 -0.04740559
  0.11469232 -0.19976272 -0.09499075  0.07069656  0.06007549  0.10368571
 -0.09099483 -0.12266729 -0.0155039   0.02471933  0.06954387 -0.01174774
 -0.11647312  0.07246972 -0.17018493  0.02833605  0.01271782  0.0406582
 -0.05279172  0.16403976 -0.00253495 -0.02391677  0.02449092 -0.02420168
  0.01726118 -0.05130615 -0.07045383  0.15938146 -0.06697489  0.03075806
 -0.09101057  0.07691727  0.11730184 -0.10906911  0.07768521 -0.07827268
  0.03503359  0.06894431 -0.05427334  0.15346193  0.05193586  0.15434928
 -0.02900441 -0.07861824 -0.00188242 -0.01297859 -0.06588932 -0.08027108
  0.04187976  0.27882433  0.04341064 -0.10295823  0.06189479 -0.03850192
 -0.05432703 -0.06732724  0.05393652 -0.01149984 -0.12638941  0.07502844
  0.1479716  -0.03569357 -0.05669338  0.10282321 -0.1226749  -0.07155645
 -0.00613598 -0.03718328 -0.01659334 -0.04403342  0.00105598  0.07638867
 -0.05909478 -0.12195626 -0.08155056  0.08527164 -0.02473848  0.01064806
 -0.02263183  0.02981243  0.13480759  0.06564408  0.00818267  0.01603272
  0.02920641  0.09031184 -0.06299417  0.06565496 -0.0304792   0.18896352
  0.04237798 -0.08961158 -0.03005752  0.02654134  0.05402367  0.03841135
  0.15092118  0.0483862 ]