[-0.05496776  0.11793353  0.0031823  -0.00738797 -0.07948223 -0.05405999
  0.03580481 -0.03531218 -0.02604754  0.00819538  0.03276504 -0.09599756
  0.08408852  0.08687013  0.11281957 -0.02649879  0.0704618  -0.08058766
  0.04634557 -0.02296721 -0.01809046 -0.04262478 -0.09257097 -0.0637891
 -0.01332174  0.04240378 -0.15057079 -0.06863895  0.10007682  0.07608882
  0.03633941  0.14947173  0.09671826 -0.03807245  0.03034217  0.03399404
  0.09533969  0.12648141  0.04005892 -0.04716158  0.00123717 -0.042148
 -0.04585437 -0.07084219  0.0633799   0.21546464  0.06344851 -0.06214048
 -0.18799382 -0.28474218 -0.19006342  0.01686925  0.16880046 -0.04921741
 -0.06540906  0.09116205 -0.0790938   0.01628915 -0.03752509  0.00318773
 -0.0466157   0.04094528 -0.0355073  -0.04572853  0.0459742   0.22202979
  0.09385106  0.02829981 -0.00172872 -0.22542182  0.01124822 -0.17115489
 -0.07692955 -0.10841163  0.13419485  0.06670628 -0.07860179 -0.08909944
  0.01614371  0.02787992 -0.07723738  0.00120847 -0.14015976 -0.06258626
  0.02195723  0.085523   -0.0152304  -0.15284969 -0.10749581  0.01985104
  0.05426023 -0.03229821  0.046054    0.04108214 -0.05340516  0.01716632
  0.02862363 -0.0318082   0.06665611  0.02527941 -0.02468479 -0.01506191
  0.003205    0.00090758 -0.16539152  0.11214994  0.0635572   0.07043748
  0.0284141  -0.06672965  0.02162016 -0.09853868 -0.14691314 -0.16653863
  0.01188653  0.00431513 -0.23152292 -0.12575506  0.04541155 -0.04896161
 -0.02076258 -0.05171781 -0.08137232  0.09627506  0.08442759  0.06074602
 -0.03778392 -0.08264238]