[-0.08946551  0.16709863 -0.06382622 -0.08272547 -0.02776074 -0.03408014
  0.05684672 -0.0497957   0.18283696 -0.0210996   0.03645973 -0.10308124
  0.12163068  0.12160365  0.03335582  0.02122663 -0.00667205 -0.0681972
 -0.1257744  -0.05255704  0.06924659 -0.02926636 -0.06583061 -0.10744917
 -0.0218989  -0.01856269 -0.14921208 -0.0071435   0.15685371  0.12986436
  0.12567249  0.15274985  0.11823656 -0.04936641  0.03454816  0.03296755
  0.10106739  0.22485548  0.03239609 -0.04104219  0.00052128  0.01376203
 -0.00412882  0.00539179  0.06532863  0.0402673  -0.01825931  0.00197196
 -0.05511608 -0.23885182 -0.25218788  0.02396596  0.09695807 -0.03155154
 -0.05979441  0.09530845 -0.12660049  0.07039099 -0.1095959  -0.08919882
 -0.15154691 -0.05010683  0.07185899 -0.03147357 -0.00360937  0.21255863
  0.05322611  0.08560433 -0.02616618 -0.18753991  0.0703515  -0.13912693
 -0.04863714 -0.11352816  0.10612497  0.05135649 -0.07677385 -0.14365087
 -0.03456124 -0.01080335  0.00754712  0.03212018 -0.07835842  0.01015505
  0.00572279  0.05311969 -0.0017924  -0.06064574 -0.00354044  0.01414426
  0.03757626 -0.16195288 -0.00255813 -0.00174658  0.01654815 -0.02994464
 -0.08275488  0.00884427  0.01866072  0.08537591  0.00851419 -0.07682396
 -0.00213696  0.03329933 -0.17794098  0.10455306 -0.00603921  0.04366145
  0.1064695  -0.09622858 -0.0064045  -0.06485058 -0.21628417 -0.00248545
  0.0500431   0.03414816 -0.17591289 -0.01967669  0.07072002  0.00611697
  0.02763528 -0.00876196 -0.04990416  0.10327204  0.01800569  0.01794687
 -0.0540343  -0.02447924]