[-4.61655185e-02  1.22774795e-01 -9.72304940e-02 -7.49458745e-02
 -5.51909357e-02 -8.57627951e-03  2.69375481e-02 -7.58080482e-02
 -5.35334311e-02  1.30261585e-01  2.62605008e-02 -7.41703063e-02
  1.39025241e-01  1.75429493e-01  4.91840094e-02  4.32882980e-02
  7.87970200e-02  1.40872169e-02  1.53249158e-02 -1.38208186e-02
 -5.04359417e-02 -1.45485196e-02 -1.19190462e-01 -1.23727493e-01
 -1.20508902e-01  1.14435971e-01 -1.70277566e-01 -2.02869624e-03
  1.08873643e-01  1.25419095e-01 -8.57871100e-02  2.88800538e-01
  3.80153582e-02 -5.07727228e-02  2.58308314e-02  8.58378783e-02
  1.08983226e-01  1.19534627e-01  8.42558816e-02 -4.64245938e-02
 -8.01516548e-02 -1.81720834e-02  9.46149789e-03 -1.21375479e-01
  7.81324953e-02  1.59784853e-01  7.49974772e-02  3.27550024e-02
 -1.86234429e-01 -2.31386185e-01 -1.16608448e-01  3.21271457e-02
  6.09102398e-02  1.59138516e-02 -2.33000461e-02  8.95958692e-02
 -4.37821746e-02  5.82711864e-03 -2.94565521e-02 -1.08584343e-03
 -2.79267263e-02  7.57834017e-02  3.51678506e-02 -5.58909811e-02
  1.32443625e-02  2.47932836e-01  4.11882773e-02  1.00120172e-01
  1.43449288e-02 -1.52830943e-01  2.82899700e-02 -1.44536585e-01
 -2.44710762e-02 -2.81985104e-02  6.64858446e-02  4.87540811e-02
 -3.64276357e-02 -1.04035497e-01  1.42658716e-02 -1.73103243e-01
  5.57275452e-02  8.66276771e-02 -1.63543165e-01 -7.74784535e-02
 -2.77806353e-02  9.71620232e-02 -4.38626744e-02 -1.14165612e-01
  3.43901291e-02  9.63781551e-02  5.05901575e-02 -5.37746586e-02
  4.01484370e-02  5.87402992e-02  1.54491747e-03  6.43760860e-02
  5.76257845e-03  1.26054958e-02  6.20961674e-02  5.87237440e-02
  5.70023842e-02  2.47152522e-04 -1.32620451e-03 -1.09843342e-02
 -1.46255925e-01  1.38316393e-01 -2.60809883e-02 -1.72389597e-02
 -5.66439098e-03 -2.06004567e-02 -2.40811845e-03 -6.21774457e-02
 -8.84263963e-02 -1.19628206e-01  2.14652028e-02 -4.20434438e-02
 -1.21260166e-01 -1.06617942e-01  4.43332605e-02 -1.19959295e-01
  3.34563032e-02 -1.11824743e-01  1.04062669e-01  4.61606570e-02
  1.07604647e-02  6.17909543e-02 -4.73949090e-02 -9.01526585e-02]