[-0.07528486  0.1148212  -0.07556634 -0.13590209 -0.01287504 -0.08109953
 -0.02500466 -0.08590458  0.02277916  0.0489834   0.02711645 -0.10282409
  0.12769341  0.16714568  0.16187236  0.03715084  0.04871951 -0.1382158
  0.04864223  0.03652613 -0.09874159  0.04477047  0.0026546  -0.08969162
 -0.05103709  0.10771106 -0.01231956 -0.00940261  0.13476907  0.06754477
  0.02760522  0.07493141  0.16150449 -0.04570463  0.04637673  0.09196858
  0.19697399  0.19813322  0.06365362 -0.03585836 -0.0411711  -0.03100446
  0.018894   -0.02892999 -0.01392216  0.21615095  0.06011306  0.06202475
 -0.08985563 -0.16785829 -0.24547434 -0.06376679  0.10402531 -0.01280084
 -0.02672219  0.06110575 -0.10520395  0.0554091  -0.08488131  0.00359271
 -0.12796661 -0.02460165  0.05692732 -0.03488326  0.03859536  0.22540231
  0.02184895  0.10818481  0.03375134 -0.25540602 -0.00123959 -0.13647501
 -0.07701473 -0.09597556  0.19431029  0.03724123 -0.05737407 -0.05981856
  0.05941293 -0.02093808  0.0833582  -0.00582778 -0.13226184 -0.00606577
  0.01889447  0.03076661 -0.05203757 -0.05608932 -0.01400572  0.06248841
  0.08062327 -0.05426953  0.0439324   0.0636038  -0.01060078 -0.01182112
 -0.05918113  0.03383079  0.09576954 -0.02388167 -0.04597029 -0.08153768
  0.00256208 -0.05222415 -0.18912315  0.11262449  0.00081307  0.00071012
  0.07837019 -0.02820871  0.06147164 -0.03947398 -0.06688763 -0.02935932
 -0.04236766  0.00963811 -0.16592883 -0.05165479 -0.04334358 -0.02339607
  0.02789476 -0.04914089 -0.01968882  0.13770004 -0.0460443   0.030545
 -0.0851379  -0.05553956]