[-5.02822399e-02  1.73309982e-01 -3.40965278e-02 -9.80651081e-02
 -3.32649797e-02 -2.51682587e-02 -9.95400455e-03 -3.85092907e-02
 -5.78274811e-03  6.12604693e-02  2.86020692e-02 -1.39873832e-01
  1.15053549e-01  1.40955925e-01  9.23118591e-02 -1.24269136e-04
  5.35862185e-02 -4.01946194e-02 -3.58444750e-02  2.17662342e-02
 -3.89136411e-02 -3.62417661e-02 -1.02787763e-01 -7.67157748e-02
 -4.43685204e-02  2.19815746e-02 -1.20706923e-01  6.68144003e-02
  1.08144403e-01  5.85542284e-02 -2.33062543e-02  1.07304163e-01
  7.28241950e-02 -2.06301045e-02  5.46124130e-02  8.06780085e-02
  1.41745895e-01  1.06914647e-01  3.59195881e-02 -1.28080681e-01
 -2.99789514e-02 -4.71020788e-02  8.38296413e-02 -6.95320889e-02
  6.77434728e-02  1.73232719e-01  6.22796081e-02  8.68416876e-02
 -1.90867215e-01 -1.55512884e-01 -2.08253652e-01 -9.35213547e-03
  8.05838704e-02  7.13870209e-03  3.45857698e-05  5.36632352e-02
 -1.43101990e-01 -2.26641595e-02 -3.16785164e-02 -1.13868594e-01
 -6.14469461e-02  7.29115307e-02  1.52537581e-02 -8.55847634e-03
 -5.22529855e-02  3.19714218e-01  1.31702870e-02  9.16528329e-02
 -8.44596233e-03 -2.12118849e-01  2.67444234e-02 -1.75248310e-01
 -2.07763240e-02 -1.08881108e-01  1.49019927e-01  4.80775982e-02
 -3.58841345e-02 -7.82597810e-02  9.14989188e-02 -8.90239775e-02
  5.66081218e-02  4.68173809e-02 -1.38599604e-01 -5.25387824e-02
  1.40350861e-02  1.16446592e-01 -8.60397667e-02 -4.19370681e-02
  7.72488415e-02  1.60220876e-01  1.06089629e-01 -8.97822082e-02
  2.54994184e-02  3.90588753e-02 -4.99006733e-02  3.73968575e-03
 -4.49354164e-02  2.96245050e-02  2.73708533e-02 -3.50055359e-02
  3.99610884e-02 -1.52166067e-02  2.58009546e-02 -6.92454949e-02
 -1.77718252e-01  1.71805710e-01 -1.61330551e-02  3.40903960e-02
  2.90360563e-02 -4.05719317e-02  6.83236718e-02 -4.16393653e-02
 -1.06977090e-01 -3.80208269e-02  4.22123447e-03 -4.64269519e-02
 -1.76401183e-01 -5.16980886e-02  2.71472652e-02 -8.87740701e-02
  1.39003666e-02 -7.90438503e-02  4.99752425e-02  1.08748369e-01
  8.85592122e-03  2.38919295e-02  3.05344281e-03 -1.05534688e-01]