[-6.10402972e-02  1.83181018e-01  1.80175789e-02 -1.03892408e-01
  7.14840069e-02 -5.22226579e-02  5.29873259e-02 -4.06104214e-02
  6.86159283e-02 -8.99227336e-03  8.92083917e-04 -7.02329651e-02
  1.72283463e-02  9.95329767e-02  9.18992609e-02 -1.68968458e-02
  1.10618910e-02 -3.44540365e-02 -9.24695730e-02  1.14140883e-02
 -4.99944352e-02  1.61267724e-02 -5.15351444e-02 -1.59835264e-01
 -1.10909157e-02 -1.00228405e-02 -1.06560163e-01  1.10304907e-01
  1.33488700e-01  1.00101996e-02  7.11582880e-03  1.14472970e-01
  1.23645157e-01  1.86338872e-02  5.81664145e-02  4.13986742e-02
  1.82942405e-01  1.26979098e-01  5.51591292e-02 -1.08238399e-01
  8.47261548e-02 -1.71441715e-02  1.19735561e-01 -8.89378861e-02
 -2.92383544e-02  1.80470645e-01  2.19395738e-02  2.45891884e-02
 -1.38760090e-01 -1.09351166e-01 -2.83537030e-01  4.35513966e-02
  1.89541634e-02  3.83345746e-02 -2.20175090e-04  2.75363065e-02
 -1.13727465e-01 -2.59445142e-02 -1.87908813e-01 -2.42548324e-02
 -1.15316473e-01  1.89485736e-02  3.81030627e-02 -2.41328236e-02
 -2.43282132e-03  2.88966507e-01 -3.79508846e-02  8.32823813e-02
 -4.17453088e-02 -1.04971088e-01  6.14907295e-02 -1.25878155e-01
 -2.19513830e-02 -1.02128815e-02  1.76518112e-01  7.26823583e-02
 -1.62097551e-02 -8.04094598e-02  2.69183647e-02 -1.77143395e-01
 -1.35961706e-02  1.20226733e-01 -5.84757701e-02  5.50260395e-02
  3.52001525e-02  8.56110156e-02 -5.87897860e-02  4.44832705e-02
  3.72056998e-02  1.55661121e-01  1.70183614e-01 -1.24566510e-01
 -2.02116296e-02  8.75765737e-03  2.90202219e-02 -4.86305319e-02
 -7.40012899e-02  4.25088294e-02  1.26941139e-02 -7.93862529e-03
 -4.38711084e-02 -9.40911248e-02  2.52589397e-02 -2.22231839e-02
 -1.27688840e-01  1.67826459e-01  2.06249263e-02  7.94892609e-02
  8.51972699e-02 -7.22453296e-02  4.38962914e-02 -4.16341312e-02
 -1.18036337e-01  5.12277074e-02  4.39479128e-02 -9.19361860e-02
 -1.08088173e-01 -5.26651554e-02  1.00087963e-01  4.91228513e-03
  8.20639133e-02  2.15541907e-02  2.04370096e-02  1.31949827e-01
  2.83164978e-02 -1.23428088e-02  6.48336858e-02 -8.29325914e-02]