[-0.06623302  0.14203973 -0.04359667 -0.11522523 -0.02104432 -0.00739049
  0.10885438  0.00164144  0.09118594 -0.03262575  0.04192938 -0.06795967
  0.05062695  0.14541698  0.04789401 -0.10167172 -0.01495032 -0.09604877
 -0.03462543 -0.09341358 -0.01984373 -0.02708471 -0.12120377 -0.11599013
  0.01070885 -0.00432714 -0.05394895  0.07929285  0.12305234  0.04791787
  0.07140816 -0.03480458  0.06753563 -0.08377971  0.02133459  0.01542771
  0.05280169  0.12541436  0.02329776 -0.01710081  0.0627664   0.04785756
  0.0139634   0.04942111 -0.00754109  0.05382222 -0.0431779  -0.05037435
 -0.07558845 -0.22059156 -0.27852747  0.00623003  0.0449846  -0.01221472
 -0.05116617  0.10393088 -0.20546028  0.1844053  -0.14951348 -0.03267349
 -0.13987131 -0.01769849  0.13408618 -0.02636366  0.02375375  0.25865442
  0.04449258  0.03392542 -0.03596651 -0.17046556  0.11187835 -0.09855349
  0.01558835 -0.08249273  0.13333401  0.07444332 -0.06019461 -0.15007871
  0.00287704 -0.08502516 -0.05809895 -0.00316908 -0.01695136  0.01927304
 -0.02111671  0.01626412  0.02617292 -0.04745255  0.02944622  0.01889869
  0.07347437 -0.18650024  0.02599746 -0.02660985  0.05826458 -0.08683402
 -0.03183115 -0.05760277  0.02939255  0.09642652 -0.09239858 -0.02190882
  0.03154229 -0.04205773 -0.22693512  0.17093803  0.0239227   0.04254362
  0.01445722 -0.1382086   0.11294308 -0.09095763 -0.13312444  0.03454158
  0.04286303  0.00294056 -0.13241737  0.01207127  0.11680678 -0.02608241
  0.00950951 -0.10142405 -0.08415596  0.0700307   0.05794302  0.04167105
 -0.03790065 -0.02727764]