[-0.0558185   0.13800521 -0.03873196 -0.02917029 -0.00117874 -0.07194116
  0.07429344 -0.12081946  0.06367334 -0.01194325  0.05689514 -0.06961245
  0.10769834  0.16917884 -0.00583685  0.05838741  0.02148138 -0.01736927
 -0.08879331 -0.01237635  0.09813966 -0.0657324  -0.1042657  -0.13436607
 -0.00644304  0.0588191  -0.19647302 -0.00283504  0.14008583  0.16535364
  0.01075945  0.19794565  0.06842053 -0.07349288  0.05172632  0.03380913
  0.0572729   0.20832461  0.07039492 -0.10317142 -0.03234905  0.05869219
  0.05912565 -0.00400432  0.07376733  0.10523604  0.05101544 -0.04658944
 -0.11858704 -0.28659204 -0.19818659 -0.00346975  0.05277121 -0.00571907
  0.01109873  0.07189893 -0.12913093  0.08569869 -0.07407068 -0.06009591
 -0.05210942 -0.03258517  0.07212543  0.01102383  0.05132163  0.2299642
  0.0049306   0.0834728   0.00853313 -0.17179745  0.10104116 -0.11169375
  0.01514689 -0.11451779  0.05694482  0.05619944 -0.0633923  -0.12348665
 -0.03394398 -0.08380118  0.02443819  0.08272615 -0.11480276 -0.03482969
 -0.03553227  0.04675287 -0.01189126 -0.06355133 -0.00724323  0.02096102
  0.04214107 -0.12852366 -0.02284858 -0.00982214  0.00215864 -0.00996169
 -0.03911427  0.02253055  0.05286579  0.07421628 -0.02072984 -0.03447907
  0.03809556  0.00908275 -0.18739337  0.13061242  0.0105011   0.08824325
  0.10524185 -0.109992   -0.00644399 -0.08779009 -0.21374959 -0.01740749
  0.07389753  0.00932361 -0.18202527 -0.04647699  0.01386282 -0.0720248
 -0.02343482  0.02478796 -0.0058604   0.08258844  0.02868596  0.05484159
 -0.01334667 -0.05692768]