[ 0.11802261 -0.03357124  0.04944236 -0.00911644  0.04339937  0.11792118
 -0.00689664  0.07302589  0.04045085 -0.10153799  0.11316642  0.06332262
  0.09748002 -0.01663419  0.05289156 -0.0403391  -0.00347419 -0.05412406
 -0.1398067   0.12356067  0.1172528  -0.0148926   0.08708351  0.04519397
  0.03951925 -0.09100757  0.02385462 -0.04283198 -0.07397823  0.0199283
  0.06694169 -0.05234226  0.09774529  0.17745265 -0.02052564  0.0162679
  0.05791058  0.15236151  0.00898357 -0.08851253  0.0095123  -0.08199489
 -0.00505019 -0.05297063 -0.10330634 -0.17109093 -0.05746693  0.00071344
 -0.0266211   0.17158768 -0.03164733 -0.04177669 -0.02488892  0.09141474
  0.07383753 -0.03021143 -0.10694521  0.02034266 -0.17553701 -0.08476096
 -0.13589175 -0.10916917  0.08352574 -0.16353467  0.04052253  0.06617054
 -0.03371534  0.117077   -0.16121542  0.00116329  0.02150352 -0.01719618
 -0.11017112 -0.07766293  0.05291552  0.01011045  0.09252498 -0.10107
  0.05453641  0.18509683 -0.08393187 -0.13942714  0.09662176 -0.00507759
 -0.01822306 -0.01591179  0.04498622  0.07034591  0.10048385  0.10984784
  0.06090793 -0.23709579 -0.02401602  0.16379102 -0.10183634 -0.06465568
 -0.09907749 -0.03103525 -0.04822218 -0.02076208  0.04713646  0.00603626
 -0.11118701  0.03987148  0.03906685  0.08534236 -0.01769468  0.00434681
  0.03084411 -0.14863007 -0.07349695  0.08956403 -0.05752247  0.13419011
  0.1137382   0.03480219 -0.0412134   0.06674512  0.0247417   0.21896297
  0.03221722 -0.01300419  0.00193815  0.09935404  0.15701054 -0.00074554
  0.21630241  0.01007947]