[ 0.04406148  0.08675298 -0.02350243 -0.20244865  0.14481857  0.0407246
 -0.04968264 -0.06094354 -0.02529962 -0.00530034  0.06212643 -0.069852
  0.03339049  0.14230692  0.15142615  0.14330333  0.04912803 -0.01297404
 -0.04069109 -0.05511674  0.00834689  0.24571401  0.04780084 -0.18808062
 -0.0240288   0.06782401  0.06900735  0.10639583  0.16498281  0.03139091
 -0.00449434  0.08656145  0.06971472  0.03748613  0.06983878  0.11583144
  0.1326319   0.00030235  0.16295166  0.03082609 -0.03153712  0.03144155
  0.07964145 -0.02130045 -0.03814888  0.1802078   0.01040932  0.08115708
 -0.10271321 -0.03534306 -0.13582769  0.07959788 -0.1049808   0.04002745
 -0.08318929 -0.01087773 -0.01184958  0.02347663 -0.19695948  0.13131234
 -0.1063811  -0.03773064  0.09696147 -0.01551434  0.02316125  0.04304281
 -0.09130945  0.18883483  0.04476414  0.09035645  0.05343582 -0.01586796
 -0.06123263 -0.0819791   0.05031684  0.00107513 -0.00733829 -0.00969676
 -0.08007418 -0.15324911  0.19619662  0.12655427 -0.01286109  0.06940071
 -0.04441908  0.02842569 -0.04108142  0.01070629 -0.05284432  0.16067462
  0.16905174 -0.0502566  -0.1855388   0.12139412  0.09562367  0.0424161
 -0.09958632  0.08576898 -0.00912873  0.01990927 -0.03914628 -0.07123058
 -0.03320033 -0.01363482 -0.05045953  0.08408038 -0.05024979 -0.00564989
  0.11004104 -0.06704773  0.01406998 -0.03145382 -0.04767115  0.12299254
  0.09014054 -0.02943346 -0.01590844 -0.0245352  -0.0038092   0.06300513
  0.1306047  -0.00635288  0.13464217  0.10681844 -0.00854172 -0.05334257
  0.07431652 -0.02546864]