[ 0.03259413  0.05326734 -0.02982182 -0.13528748  0.06826472  0.08256631
 -0.1050517  -0.10138205 -0.07643505  0.13017365  0.08986544 -0.00825854
  0.03718028  0.11786342  0.18585129  0.0717677   0.1074799  -0.01130363
  0.05697756 -0.0088929  -0.15339747  0.20989679 -0.04637313 -0.02373522
 -0.0339964   0.12496561  0.1128978   0.1163211   0.07138781  0.00238964
 -0.03196257  0.11843054  0.02558273  0.04566625  0.00789075  0.18536258
  0.12143125 -0.12273373  0.16599017  0.05665599 -0.01998194 -0.06805037
  0.01031731 -0.15135224  0.01954589  0.15205984  0.01069211  0.14094068
 -0.10274836 -0.06548333 -0.02092299  0.0732278  -0.01840478 -0.01197843
 -0.06650902  0.04631214 -0.08505052  0.01016477 -0.13699932  0.17340109
 -0.09914207  0.04237418  0.05493854 -0.07786216 -0.01839603  0.13506012
 -0.01514056  0.16531818 -0.01394274  0.03310818 -0.01131348 -0.03460082
 -0.09339087 -0.05715329  0.10163526  0.02139634  0.03079623  0.01301593
 -0.01167518 -0.12186913  0.17983463  0.10037007 -0.02383069 -0.00765515
 -0.03755235  0.04546953 -0.03081983 -0.03227188 -0.04293792  0.1942315
  0.10386527  0.00131255 -0.02176916  0.26104566  0.00468315  0.0874998
 -0.06167691 -0.08088699  0.06910504 -0.04750975  0.02550796 -0.04758816
 -0.11233657 -0.05603316 -0.00819969  0.13190342 -0.03724011 -0.13384518
 -0.04689198  0.02578718  0.03355529  0.00833851  0.08829929  0.04207462
  0.02045215 -0.08849146 -0.09583917 -0.0030396  -0.02405974  0.00831737
  0.13973856 -0.13852358  0.12359683  0.04779117  0.00389323  0.06898318
  0.00533991 -0.08637057]