[ 0.07777438  0.14621088 -0.0236933  -0.1457378   0.07845188  0.04820654
  0.01341527 -0.06854552 -0.07524645  0.11253188  0.08909459 -0.04300898
  0.07638777  0.14039977  0.13499355  0.08408403  0.122167   -0.00316154
 -0.03812673  0.00455111 -0.04663314  0.1478585  -0.02532478 -0.02134275
 -0.05291485  0.04270891  0.05204253  0.11008014  0.16506006  0.08624952
 -0.05949172  0.12531635  0.01509828  0.0606449   0.02653127  0.11028924
  0.09940679  0.05143568  0.10426003  0.0088322  -0.10159761 -0.03185883
  0.0141146  -0.07920976  0.0070745   0.22150548  0.01198693  0.12736936
 -0.18860067 -0.05220579 -0.03527186  0.14014043 -0.09796585 -0.01897759
 -0.0158906   0.02190545 -0.1020143   0.09326645 -0.15463914  0.12021341
 -0.09553909 -0.02077847  0.11139235 -0.10858568  0.04554655  0.0856595
 -0.07692612  0.16973257 -0.10486215  0.07443867  0.02871824 -0.03366578
 -0.10223806 -0.04923074  0.04310427  0.01750021  0.09336368  0.03724811
  0.02382905 -0.14209259  0.12456569  0.04085777 -0.08288928 -0.04212423
 -0.04537196 -0.04156718 -0.0668131  -0.04853644  0.02020792  0.22299574
  0.10794882 -0.0869388  -0.08392767  0.19217619  0.07237621  0.06455234
 -0.01587449 -0.03845359  0.07341828 -0.0128038   0.03429018  0.01752634
 -0.11717213  0.01971124 -0.10380426  0.12260022 -0.0681112  -0.05677504
  0.10557839 -0.09339624  0.04838587  0.0600136  -0.01401556  0.09494691
  0.11232004 -0.02841964 -0.06739531 -0.0220499   0.01076013  0.09562794
  0.06937212 -0.08049651  0.1066336   0.12672324  0.03568833  0.04344483
  0.05816643 -0.16323324]