[ 3.45395915e-02  1.66666776e-01  1.02010174e-02 -1.11138865e-01
  1.01330630e-01  7.05222487e-02 -3.32766995e-02 -1.29506931e-01
 -1.06648896e-02  6.27417043e-02  7.78217912e-02 -9.02488828e-03
  5.45069650e-02  9.95132104e-02  1.30030528e-01  9.00592431e-02
  1.01050802e-01  1.88725293e-02 -1.02120727e-01 -2.34010071e-02
 -4.93734628e-02  1.53382421e-01 -4.89782281e-02 -1.65625587e-02
  1.85915884e-02  2.84855012e-02  4.01250869e-02  1.53970003e-01
  1.30925104e-01  7.98693821e-02  2.88550258e-02  1.81465760e-01
  2.46973168e-02  9.88022313e-02  2.28558797e-02  9.55984890e-02
  1.08772524e-01 -1.11275287e-02  1.54454321e-01 -1.52916815e-02
 -7.03283120e-03 -6.24344684e-02  9.96806175e-02 -9.84366015e-02
  3.12343109e-02  1.01322323e-01 -1.49316111e-06  1.32111505e-01
 -1.45417035e-01 -6.27745688e-02 -2.20651701e-02  8.51736441e-02
 -4.63683903e-02 -3.47936600e-02 -4.80237976e-02  3.90103348e-02
 -1.61041856e-01  7.89854974e-02 -1.64366648e-01  7.97269046e-02
 -1.45221457e-01 -1.16373785e-02  8.47432092e-02 -1.02595933e-01
  2.20713764e-03  1.75664812e-01 -7.40475208e-02  1.31765634e-01
 -1.63517430e-01  4.91232686e-02  1.20547814e-02 -4.14047949e-02
 -9.12727639e-02 -4.77118716e-02  6.83412254e-02  7.26878922e-03
  8.33987147e-02 -4.82282490e-02 -2.23115813e-02 -9.88619402e-02
  1.47608846e-01  7.66852647e-02 -1.05000827e-02 -1.10462978e-02
 -4.16794904e-02 -2.43389122e-02 -5.15295118e-02 -3.39773148e-02
 -6.51616417e-03  2.27986425e-01  1.03887156e-01 -1.13864504e-01
 -7.52652809e-02  2.06725627e-01  5.08527420e-02  9.05066356e-02
 -8.93631876e-02 -3.08934040e-02  3.27667035e-02 -2.67377645e-02
  1.48828272e-02 -4.04614508e-02 -1.12191945e-01  6.72665015e-02
 -5.56201041e-02  1.32512927e-01 -5.96970357e-02 -3.87032963e-02
  7.14344829e-02 -8.20824057e-02  2.62651965e-02  5.23759872e-02
 -4.28461060e-02  1.49921849e-01  8.76133889e-02 -9.54048261e-02
 -9.81284380e-02  5.06405644e-02  4.38315719e-02  1.05164319e-01
  1.38777018e-01 -5.69193773e-02  8.44393894e-02  8.26089531e-02
  4.16083597e-02  2.66334414e-02  6.02614731e-02 -1.50053427e-01]