[ 0.06127831  0.15301736 -0.06779373 -0.09940235  0.07618075  0.02528529
 -0.05349422 -0.13353013  0.06613427  0.09060172  0.16705059 -0.01949937
 -0.00717583  0.09612074  0.0200511   0.11082298  0.09162751  0.12607543
 -0.04476998 -0.04436852  0.00999543  0.21091679  0.00230339 -0.07740736
 -0.04842029  0.0214102   0.13175122  0.11685801  0.14090826  0.12895249
 -0.0777193   0.07839539  0.06953347  0.00622946  0.08131302  0.08324885
  0.1044974  -0.00365701  0.13311967  0.07408188 -0.13471177  0.0340686
 -0.00985256 -0.02793634 -0.01068654  0.09998871 -0.00967807  0.07644221
 -0.04849908 -0.01987091  0.02910192  0.21479197 -0.16222301  0.0279262
 -0.07761336  0.0131244   0.00867955 -0.03637259 -0.19232875  0.15450549
 -0.07259009 -0.1295819   0.14147383 -0.05929193  0.02952927 -0.09597754
 -0.06306518  0.12534621 -0.00650353  0.2102665   0.06488148 -0.02433442
 -0.04940695 -0.07277641 -0.03279388 -0.03370384  0.04354851  0.07625164
 -0.1301098  -0.21024711  0.14162165  0.16520739 -0.04211384  0.03397295
 -0.0327273   0.02444373 -0.08724476 -0.03694179  0.00786907  0.15732522
  0.04441879 -0.09019581 -0.14307414  0.13468152  0.13588794 -0.01659699
 -0.09268703 -0.01169625  0.05104351  0.02371874  0.0467446   0.00381493
 -0.06115285  0.00349232  0.04787114  0.04924763  0.01616642 -0.08948112
  0.08299519 -0.02766387 -0.03745743 -0.01381392  0.03533202  0.14441541
  0.08185739 -0.04652528  0.01060945 -0.02126381  0.0222047   0.02595676
  0.0808842  -0.0202975   0.12187156  0.07699919  0.06737077 -0.00301779
  0.0950748  -0.04957483]