[ 5.68943135e-02  1.45860776e-01 -3.97468172e-02 -1.03584670e-01
  1.17460936e-01  7.46918395e-02 -3.87800038e-02 -1.29882321e-01
 -2.89330892e-02  5.70106842e-02  9.15454924e-02 -1.04329865e-02
  1.48802027e-02  6.92899525e-02  1.14063516e-01  1.19640209e-01
  9.28878263e-02  9.70205013e-03 -1.57796256e-02 -2.48606969e-02
 -1.75324138e-02  1.78333744e-01 -5.30664027e-02 -2.97062192e-02
  2.13760547e-02  5.67139909e-02  6.38171285e-02  8.31637830e-02
  1.67041197e-01  1.05140358e-01  1.48862824e-02  1.45893291e-01
  1.69501789e-02  5.11515290e-02  4.94726077e-02  1.38386220e-01
  8.39222595e-02 -7.96495005e-02  1.50357693e-01 -6.34328404e-04
 -4.57472317e-02 -4.92466912e-02  6.87142983e-02 -3.64876278e-02
  4.30628210e-02  1.88727558e-01  4.85930182e-02  1.15407921e-01
 -1.54694229e-01 -8.66174102e-02 -4.29378711e-02  1.34078696e-01
 -6.06002398e-02 -6.21603690e-02 -3.35271619e-02  4.46397364e-02
 -1.32297739e-01  8.02588612e-02 -1.79267079e-01  1.45875618e-01
 -1.10948347e-01 -3.64733897e-02  1.37328267e-01 -9.54233408e-02
  4.84872982e-02  5.04105464e-02 -7.51360208e-02  1.09325491e-01
 -8.23780969e-02  1.08311266e-01  4.24853433e-03 -7.72333890e-03
 -1.22566380e-01 -7.53427446e-02  2.68839635e-02 -6.90141984e-04
  7.88109154e-02  5.64858839e-02 -6.33288696e-02 -1.12074681e-01
  1.50309995e-01  1.12545855e-01 -5.89190349e-02 -2.28596642e-03
 -4.70154881e-02 -1.28352232e-02 -6.55107498e-02 -4.58571911e-02
 -4.50153574e-02  2.12359428e-01  1.31501287e-01 -5.10433577e-02
 -1.56584322e-01  2.04871804e-01  9.62569639e-02  1.00151636e-01
 -5.03500439e-02 -2.73988806e-02  6.01810589e-02 -1.90926380e-02
  4.93362779e-03 -3.18030454e-02 -1.15429923e-01 -9.88149113e-05
 -8.01116303e-02  1.33701578e-01 -3.23522277e-02 -4.57625315e-02
  7.47270957e-02 -3.91125120e-02  2.62600370e-02  1.34172114e-02
 -3.82993892e-02  7.54403472e-02  1.23575144e-01 -5.65306284e-02
 -5.90661466e-02 -2.91176289e-02  3.73968259e-02  1.07698262e-01
  1.20751008e-01 -5.00425287e-02  1.17083870e-01  1.01070628e-01
  1.49120362e-02  4.48279455e-02  8.34185258e-02 -1.26039371e-01]