[-0.05789707  0.05767572 -0.03975168 -0.14965375  0.00027612  0.0135676
 -0.18263087 -0.11057154 -0.06929791 -0.05382828 -0.01347431 -0.03689992
  0.06432845  0.07085573  0.13544208  0.01288041 -0.06716021 -0.21764083
  0.12510149  0.02222995 -0.02551507  0.097069   -0.00050241  0.00420042
  0.09317312  0.20135783  0.13316196 -0.07188397 -0.02392336  0.0513115
  0.09380826 -0.09161375  0.04449493  0.03140257  0.02516068  0.12992388
  0.09662671  0.03699821  0.11827052  0.05462427  0.00789883 -0.08172923
  0.06607551  0.10408203  0.02945811  0.15948851  0.16030253  0.04882296
 -0.05211313 -0.04950126 -0.06603549 -0.09274683  0.08323709  0.00434766
  0.09608598  0.0312372  -0.10870812  0.11504379 -0.01615877 -0.09604467
 -0.02659824 -0.05601054  0.06405349  0.04947378  0.00143752 -0.00144804
  0.05127088  0.13712269  0.15394428 -0.1013416  -0.0343296   0.00839504
 -0.10022414 -0.14436164  0.18349013 -0.00477329 -0.12684722  0.03688785
  0.03952305  0.2342117   0.09806361  0.03506787  0.0277546   0.02525653
 -0.09890515 -0.06129425  0.06242478  0.0046507  -0.02051849 -0.00655437
 -0.00938586 -0.00409375  0.04400862  0.06961239 -0.14756905 -0.00439696
 -0.02436973  0.03330771  0.08959214 -0.15571269 -0.11090901 -0.01529236
 -0.03401312 -0.01154771 -0.17699458  0.03114137 -0.16713545  0.06208009
 -0.08338428 -0.00116706  0.13654506  0.00792981 -0.16537638  0.00794529
 -0.07151479  0.05974652 -0.17107728 -0.11041125 -0.11340832  0.02164731
  0.10457946  0.0606111   0.00956359  0.04710904 -0.09702698 -0.00560286
 -0.03446336  0.03722395]