[ 0.09256434  0.06091144 -0.02728399 -0.06905393 -0.06195272  0.01123053
 -0.04125173 -0.09144633 -0.04126385 -0.00307677  0.12901472 -0.11404277
  0.04037394  0.17824192  0.14751157 -0.04540527  0.0579665  -0.12775038
  0.10201787 -0.07168242 -0.03426728  0.13580984 -0.15984587 -0.06135863
  0.05121683  0.09849262  0.02315906  0.04465776 -0.00092648  0.09832227
 -0.00530405 -0.06325935 -0.04722634 -0.05196652  0.04341631  0.15638749
  0.02513404 -0.05236292  0.15621871  0.07035107 -0.08505834  0.03212863
 -0.09433116 -0.00551261  0.10587547  0.24099015 -0.02554603  0.00481723
 -0.04666702 -0.19263355 -0.05357233  0.15096471  0.01740956  0.00177329
 -0.02737025  0.01564811 -0.14757377  0.069876   -0.05731698  0.08651934
  0.0252512  -0.0414887   0.03723344  0.02304504 -0.06337345  0.01713272
  0.12941882  0.18251313  0.17107353 -0.03831577  0.138752   -0.02156477
 -0.03402109 -0.19305919  0.05046235  0.03353038 -0.09182061 -0.01024689
 -0.0277108   0.1050031   0.09614983  0.03345877 -0.02868572 -0.05144374
 -0.0581221   0.02691751  0.03549209 -0.15211748 -0.07742043  0.02280837
 -0.00599857 -0.04618144  0.04620035  0.11922451 -0.11203502 -0.06435543
  0.03661976 -0.19538325  0.11858907 -0.03402071 -0.03900301  0.12091585
 -0.01672387 -0.08941504 -0.15583748  0.08639877 -0.0211185  -0.00623426
 -0.05503356  0.01159939  0.13301188 -0.13687387 -0.14407893 -0.02264379
  0.01489219  0.05730377 -0.15800753 -0.06628153 -0.0748744  -0.11136064
 -0.00309227 -0.05315172  0.02757044  0.10700259  0.12071755  0.01551042
  0.05885105 -0.0040781 ]