[-0.08536961  0.03859588  0.07631255 -0.11737765 -0.03487053 -0.05513935
 -0.20194332 -0.16181096 -0.0870687  -0.00802853  0.07245443 -0.05277433
  0.06601214  0.17136274  0.18884625  0.01624164 -0.05532332 -0.13342896
  0.12253449 -0.00552988 -0.05034178  0.15589987  0.0454765  -0.03107571
  0.06974907  0.21503437  0.12860592 -0.0087418  -0.01590277  0.03759698
  0.05749334 -0.11463235  0.091558   -0.02023003  0.0486742   0.15217139
  0.06100171  0.09036619  0.1360044   0.1288127  -0.03471799  0.00103839
 -0.02603773  0.05042184 -0.03935836  0.15826763  0.08658877  0.00076538
  0.0085046  -0.10912634 -0.00285562 -0.00603127  0.02743159  0.02609898
  0.02237532  0.01802241 -0.0242463   0.05637201 -0.01942778  0.01624507
 -0.05182233 -0.09092601 -0.00675703  0.1161484   0.03505138 -0.02088438
  0.05930208  0.16163191  0.16200805 -0.02256329  0.06640966 -0.00368208
 -0.01892849 -0.15154341  0.19253406 -0.00678901 -0.20358515  0.00030552
  0.00960983  0.18857521  0.11428819  0.01284708  0.06551456  0.05756724
 -0.11310843 -0.05844355  0.08306789 -0.02468171 -0.10436233 -0.02934937
 -0.0800525   0.01498596  0.11433265  0.081498   -0.17613365 -0.09405366
 -0.06996756  0.02486509  0.10884415 -0.11838487 -0.11048542  0.05725016
 -0.00250406 -0.02593876 -0.04211732  0.00364599 -0.06910963  0.0214813
  0.0494758  -0.03737849  0.05756736 -0.0376806  -0.12432165  0.05223607
 -0.08937329  0.06702862 -0.15251228 -0.06872217 -0.15559915 -0.01542898
  0.0872084   0.00518559 -0.07800949  0.01369355 -0.02213815  0.04469077
  0.00194406  0.12359773]