[ 0.00687904  0.04180916 -0.06685799 -0.02232722 -0.0783047   0.00092431
 -0.09275278 -0.14321561 -0.08998805  0.02615121  0.14187215  0.01558644
  0.04249339  0.16151319  0.10395408 -0.05510501  0.01872687 -0.13330589
  0.20063263 -0.02374486 -0.08873852  0.1155052  -0.09265935  0.03348092
  0.07092377  0.15074319  0.16273487  0.00282985 -0.03582205  0.13277039
 -0.02372359 -0.13434222  0.04169    -0.08153822 -0.01197927  0.13709734
  0.00955463 -0.05251756  0.10010032  0.16288434 -0.05019608  0.01620222
 -0.06114374  0.06979734 -0.02937168  0.13607207  0.06927991 -0.07121245
  0.01943499 -0.16046447  0.06970248  0.05972671  0.01820796  0.00600201
  0.03164087  0.0849661  -0.12766224  0.13181998 -0.0099058   0.11314744
 -0.05082316 -0.11481109  0.07504687 -0.00052656  0.03688461 -0.05248361
  0.1222639   0.05437226  0.11347856 -0.04614884  0.09223104  0.01805508
 -0.00916979 -0.15644789  0.14540212  0.06119936 -0.10961738  0.02811707
 -0.0551063   0.16117537  0.06175531 -0.02935501  0.04178044  0.00907492
 -0.09405909 -0.00381953  0.0688388  -0.15294282 -0.10982458 -0.05081076
 -0.1373487  -0.04722414  0.0836241   0.0974045  -0.113974   -0.11013559
  0.01690034 -0.14343034  0.17378224 -0.05805419 -0.11495891  0.12493958
  0.02787338 -0.05610986 -0.14009665  0.05999741 -0.01465298  0.00298996
 -0.11190514 -0.00888344  0.09934101 -0.1054735  -0.04605811 -0.02105973
 -0.09536898  0.0549417  -0.12367871 -0.0458076  -0.09281404 -0.04814733
  0.01610321 -0.10684399 -0.07234889  0.00626364  0.0661102   0.11528345
 -0.01638013  0.08322125]