[-0.00814112  0.12135983 -0.06902716 -0.04473823 -0.12203895 -0.01970549
 -0.0740482  -0.16664244 -0.06278103  0.02060588  0.14834671 -0.00745388
  0.00563483  0.12871578  0.0246952  -0.02109063 -0.03288081 -0.07835276
  0.17229468 -0.07129521 -0.07018481  0.13873607 -0.09560817 -0.00613586
  0.00548216  0.18229182  0.15367422 -0.02158178  0.02511565  0.15797366
 -0.06310332 -0.11054036  0.03102108 -0.10665978  0.0167118   0.09030187
  0.02728957  0.0086644   0.14900693  0.22275481 -0.11148176  0.03286415
 -0.0834644   0.08651353  0.00848786  0.15886416  0.10973167 -0.11442976
 -0.04228353 -0.16652511  0.04763275  0.12008794 -0.01224737  0.04565646
 -0.01640774  0.08544599 -0.0319521   0.13127604 -0.04227837  0.11610777
 -0.01916225 -0.12069924  0.14416099  0.01896851  0.03395789 -0.10910317
  0.12972122  0.01237302  0.13807003 -0.00025566  0.08484552 -0.01345871
 -0.00667329 -0.07474805  0.12594657  0.00106246 -0.13828669  0.04016117
 -0.09151508  0.07531414  0.06570699  0.04875675 -0.00176976  0.0091506
 -0.10558626  0.01976225  0.03395641 -0.19036579 -0.11548863 -0.06968566
 -0.11450715 -0.06706026  0.06398126  0.0504735  -0.02508269 -0.10096844
  0.01336574 -0.08668854  0.1963591   0.00595417 -0.14529051  0.1153701
  0.00613967  0.01102016 -0.10334314  0.03436375  0.00935019  0.02615554
 -0.09918713 -0.02564595  0.09275447 -0.11318194 -0.04746656 -0.02252569
 -0.08172885  0.06869094 -0.08770107 -0.08915896 -0.03889164 -0.10165324
  0.0222342  -0.07197125 -0.0382812  -0.00614028  0.04979146  0.08944538
 -0.03740371  0.07791983]