[ 0.05342874  0.11006877  0.0077292  -0.10458539  0.01895441  0.16907963
 -0.14492562 -0.04779878 -0.19469424  0.01533337  0.02170835 -0.15466748
  0.04970482  0.07789759  0.22438477  0.01505204  0.03802799 -0.04884193
  0.12686215 -0.03662107 -0.02069293  0.08742193  0.11412346  0.05787478
  0.11952041 -0.05737457  0.09035688 -0.00481757  0.06358005 -0.00371416
  0.07832032 -0.14047834  0.02106372  0.01015336  0.05921837  0.10008664
 -0.0087238  -0.09432153  0.06278577 -0.03250672 -0.08235225 -0.085988
  0.00921392  0.01621964 -0.04278731  0.16639856  0.08261026  0.12126857
 -0.21654378  0.00884281 -0.02011319  0.01546215  0.12985408 -0.07330697
 -0.08063133  0.02876461 -0.00218193  0.09183594  0.03059178 -0.05956772
 -0.08901636  0.1497294   0.05786362 -0.07255944  0.00293038  0.16766544
 -0.03741011  0.09771742 -0.09287909  0.02028888 -0.03273389 -0.00158163
 -0.13362359 -0.17107697  0.11410584 -0.00237523 -0.03746993 -0.07300784
  0.09243018  0.15480857  0.08317392 -0.08650365 -0.03792565 -0.05235797
 -0.03330487  0.02360813 -0.11275519 -0.09334412 -0.05538057  0.16266562
  0.10756741  0.01431718 -0.03483645  0.14508362 -0.04537445  0.01935095
 -0.04145205  0.13283111  0.00555485 -0.11085094  0.05954256  0.0479255
 -0.02220708 -0.09832224 -0.13622138  0.12756951 -0.02534965 -0.03279918
  0.05344057 -0.05239474  0.1537209   0.04536812  0.05552118 -0.02371534
  0.01794236  0.05150289 -0.1525981   0.05205433  0.00581207  0.11371616
  0.06303723 -0.20372698 -0.01878499  0.00070282 -0.03486246  0.07111756
  0.07734908 -0.0253275 ]