[ 0.0727712   0.0757197  -0.0090455  -0.14118955  0.11256396  0.18691985
 -0.04850473  0.10996386 -0.11658981  0.0073683   0.04407676 -0.06398642
  0.08639539  0.04116514  0.1074838   0.0118854   0.12157105  0.04996464
 -0.01279137  0.03884541  0.14056553  0.08751416 -0.01277811  0.08686106
  0.025084   -0.02539102  0.0530095  -0.06420911  0.08154169  0.03945984
  0.01716898 -0.13366142  0.01527177  0.06105544  0.07894485  0.07533445
  0.0504112   0.00987638 -0.03065789 -0.1024892  -0.02680703  0.03376509
  0.05093672  0.11565051 -0.05036044  0.08763041  0.12929657  0.05044832
 -0.25528753 -0.0516705  -0.02761007 -0.08910194 -0.01175916 -0.02642638
  0.06720042  0.08210045 -0.12876485  0.12470712 -0.00134642 -0.17525636
 -0.06286213 -0.00265781  0.11365265 -0.12818186  0.07295845  0.02150149
 -0.03258678  0.12014624 -0.03199408  0.04320046  0.06361062 -0.00085324
 -0.06244474 -0.27934992 -0.00686665  0.04757888 -0.0514644   0.13385132
  0.08302686 -0.03837912 -0.01411003  0.10893945 -0.03440378 -0.04772289
 -0.01629172 -0.00949847  0.03142795  0.04172819  0.07214016  0.17518628
  0.09682865 -0.12181796 -0.14308068  0.07137418  0.01159482  0.0214713
  0.00474938  0.06181015 -0.08568029 -0.05060983  0.02856606  0.06972003
 -0.04075871 -0.06866936 -0.22745666  0.12020715 -0.10020461 -0.11344222
 -0.0108825  -0.11565114  0.10646047  0.03323267 -0.06934106  0.02511889
  0.10925216  0.01050612 -0.21417348 -0.14801413 -0.0918227   0.02456907
  0.02821341 -0.04628364  0.04881379  0.07543677  0.04734713  0.05241701
  0.07828765 -0.11013417]