[ 0.02434404 -0.07400716 -0.14676969 -0.04877921  0.06936537  0.09359977
 -0.03183907 -0.01987408 -0.11283118 -0.08159455  0.02664367  0.06980391
  0.06200532  0.05525034 -0.02913942  0.01158058 -0.07903419 -0.05132654
  0.12570092  0.04318148  0.15120146 -0.06157754  0.08490098  0.08756086
  0.10137942  0.09536473  0.13767758 -0.20048073 -0.01025483  0.1099368
 -0.01114863 -0.12795137  0.02926055 -0.01982219 -0.01059955  0.02544447
 -0.07196902  0.04527381 -0.01365584 -0.06173776  0.02010783 -0.01296433
  0.05100277  0.22810172 -0.15433387  0.00745881  0.18401223 -0.05940199
 -0.09450686 -0.04404555 -0.04121223 -0.15471306  0.05096303  0.02573298
  0.17375827  0.05405735 -0.00755283  0.2244789   0.01016361 -0.14588913
 -0.02577502 -0.06559172  0.23376831 -0.00216012  0.09827112  0.01116415
 -0.05803396  0.07495534  0.0900218   0.00876792 -0.0240108   0.10861176
 -0.08498899 -0.16517286  0.07514323  0.03019189 -0.0651107   0.04506591
 -0.00256459  0.10926416 -0.051635    0.02135468  0.02886234 -0.04878702
 -0.12575012 -0.01997373  0.09052891  0.04510551  0.02418608 -0.05447215
  0.04821153 -0.05755867 -0.10348727 -0.05100462 -0.03958467 -0.04184609
 -0.02192415  0.14655894  0.09440878 -0.08346469 -0.03527769 -0.01147971
  0.0882313  -0.03368108 -0.19961341  0.06238549 -0.13316447  0.06851864
 -0.07064861 -0.13545799  0.10595577  0.06482599 -0.0577722  -0.08025949
  0.05903926  0.12208635 -0.0841339  -0.10472578 -0.01843043  0.09386971
  0.02923483 -0.02232816 -0.00797946 -0.02495489 -0.14849     0.12002776
  0.00679097  0.09318167]