[ 7.28194565e-02 -3.01550562e-03 -4.97077070e-02 -1.58575550e-01
  1.16521381e-01  1.26380593e-01 -1.25509303e-03 -4.98938784e-02
 -1.47155775e-02  2.56358404e-02  7.56725892e-02 -9.13290232e-02
  7.86975250e-02  1.49793133e-01  2.18209982e-01 -2.81360094e-02
 -2.04832759e-02  4.79970612e-02 -1.54307891e-05 -8.79971236e-02
 -3.54446210e-02  2.30619803e-01  9.95487049e-02 -6.50296956e-02
  4.60040905e-02 -3.94838452e-02  1.08322695e-01  7.34538138e-02
  6.79152682e-02  5.79050966e-02  5.25222458e-02 -7.20652342e-02
  4.27579805e-02 -3.45035805e-04  1.06546670e-01  3.83099914e-02
  3.27376253e-03 -5.73894978e-02  4.60376628e-02 -1.77511387e-02
  5.88243781e-03 -3.91710643e-03 -9.17857047e-03  1.58771485e-01
 -2.15369985e-01 -2.41591129e-02 -1.03502303e-01  1.76797032e-01
  7.59302005e-02  1.41977342e-02 -9.34344251e-03  1.82624850e-02
  1.28509784e-02 -2.77303476e-02 -7.55375102e-02 -4.71019419e-03
 -4.12958860e-02  9.61383581e-02 -2.41486989e-02 -3.37523059e-03
 -1.91362873e-01 -4.88865785e-02  1.04823239e-01  6.05955757e-02
 -5.42086959e-02  9.34056714e-02 -4.15934138e-02  1.25491455e-01
 -9.62009188e-03  4.00801934e-02  5.50100394e-02  2.20502727e-02
  1.63634550e-02 -1.62540182e-01 -1.47600807e-02 -5.36862463e-02
 -7.90506601e-02 -1.84536383e-01 -1.16036618e-02  5.76317422e-02
  2.50311464e-01 -3.48405652e-02  6.44021630e-02  1.64794829e-02
  3.17636169e-02 -8.24470147e-02  3.12319282e-03 -6.25087228e-03
  1.27857318e-02  1.53475419e-01  1.00137979e-01 -3.39347012e-02
 -1.19648084e-01  2.86158100e-02 -6.46450743e-02 -7.91567042e-02
 -1.47102281e-01  8.30922499e-02  1.33794071e-02 -5.71663715e-02
  1.11610666e-01  8.28864276e-02  1.33049607e-01 -1.37501836e-01
 -1.00874364e-01  1.91520415e-02 -4.24296558e-02 -7.33382031e-02
  1.48901701e-01  6.90645352e-03  1.82686538e-01  3.19871791e-02
 -2.21466348e-02  1.04992807e-01 -2.18444094e-02  2.93242019e-02
  2.38712933e-02  1.05531968e-01 -2.83854157e-02  5.18120639e-02
  1.51393533e-01 -1.89736590e-01  1.52595649e-02  1.72975902e-02
 -3.63774449e-02 -3.63789424e-02  8.77094194e-02  9.86334458e-02]