[ 7.19403801e-03  1.74622372e-01  1.74690373e-02 -1.82680592e-01
  2.59772787e-05  1.40111953e-01 -7.20685273e-02 -9.18475538e-02
 -5.25132492e-02 -6.03546351e-02  4.82553057e-02 -8.93260613e-02
  5.86041398e-02  8.65254700e-02  1.18645892e-01 -3.67223173e-02
 -9.94520858e-02 -5.25245517e-02 -4.84545678e-02 -9.49804783e-02
 -1.61218382e-02  2.04764828e-01  2.45466270e-02  5.65848351e-02
  4.55544405e-02 -2.24615987e-02  1.40860125e-01  1.05576552e-01
  1.23710573e-01  7.02589005e-02  4.04204503e-02 -1.60613239e-01
  4.31999192e-03  2.30990537e-02  3.98521237e-02  1.87073536e-02
  8.79212841e-03 -3.66574079e-02  4.36144695e-02  9.81283262e-02
 -7.94542953e-03 -5.06739765e-02  4.72841971e-02  1.38966903e-01
 -7.53738880e-02  2.82814950e-02  5.02870157e-02  1.03777230e-01
 -1.05937190e-01  3.42856646e-02 -2.47584376e-02  2.25710217e-02
  3.46417502e-02  5.50426077e-04 -5.61608411e-02  4.23887782e-02
 -7.53096044e-02  1.92024812e-01 -7.84711726e-03 -9.82031897e-02
 -1.61284313e-01  5.34878299e-02  1.53405473e-01  5.33214174e-02
 -1.01848707e-01  1.23638727e-01  3.47756147e-02  2.02332698e-02
 -7.19849244e-02  1.07285576e-02  8.28468148e-03 -4.43432555e-02
 -4.56364313e-03 -6.80361316e-02  1.69114888e-01 -3.53995562e-02
 -1.03622049e-01 -1.52848631e-01  1.98644903e-02  1.18279822e-01
  2.27684855e-01 -3.23315529e-04  6.99613392e-02  1.01316636e-02
 -2.69227400e-02 -4.46787803e-03 -2.84109246e-02 -8.68104026e-02
 -3.90266776e-02  1.61703989e-01  8.75977054e-02 -1.27839416e-01
 -4.44195233e-02  3.69008034e-02 -5.40879481e-02 -5.02785221e-02
 -1.29792050e-01  1.04302756e-01  6.79138303e-02 -6.00088388e-02
  5.57918428e-03  7.42590502e-02  6.08857535e-02  3.49685759e-03
 -1.86548755e-01  8.16385895e-02 -9.44708958e-02  3.53108048e-02
  1.61121264e-02 -9.53122452e-02  2.56532669e-01  5.80621585e-02
 -5.54398000e-02  1.04958378e-01 -7.87931979e-02  6.87791109e-02
 -8.38427916e-02  1.02383330e-01  1.77462138e-02  5.58543094e-02
  1.32443011e-01 -1.67443186e-01 -2.88419183e-02 -4.00176309e-02
 -7.74975568e-02  3.35307010e-02  4.67006443e-03  3.37001383e-02]