[ 1.04935262e-02  1.52914792e-01 -1.30101323e-01 -1.16234839e-01
  8.55390802e-02  1.60053894e-01 -4.20581959e-02 -1.74428627e-01
 -5.60183451e-02  1.50516732e-02  6.44435808e-02 -1.88006591e-02
  2.74898708e-02  5.20265028e-02  6.85463771e-02  2.58528162e-03
 -1.20497994e-01  4.65224264e-03  5.05212918e-02 -7.71787092e-02
 -3.35402824e-02  1.46052033e-01  7.52992835e-03 -5.00594974e-02
  9.48819667e-02  1.74996946e-02  1.18776046e-01  5.88269010e-02
  1.13224469e-01  1.56436503e-01 -7.98664428e-03 -1.62330493e-02
  2.06308048e-02 -2.48454548e-02  5.73191233e-02  1.33755701e-02
  1.37876598e-02 -1.50307089e-01  1.34505674e-01  7.34719075e-03
  4.92322296e-02 -1.20723523e-01  1.30263776e-01  1.38503090e-01
 -1.44738153e-01  7.67757325e-03  8.21472406e-02  1.09065682e-01
 -5.32209612e-02 -1.36843007e-02 -6.34124130e-03  5.48621453e-02
  3.91410552e-02  5.06910402e-03 -9.57477838e-03  4.49144058e-02
 -4.15771976e-02  1.20578237e-01 -6.38684928e-02 -2.69890837e-02
 -1.58928722e-01 -5.18486951e-04  2.15488806e-01  2.89103258e-02
 -4.36841287e-02  1.54923454e-01 -4.61369120e-02  5.16877626e-04
 -3.88339050e-02 -2.06762052e-04 -2.80170869e-02  2.75731180e-02
 -3.04842480e-02 -6.77811876e-02  1.32626265e-01 -9.76235885e-03
 -3.75354551e-02 -1.43074974e-01 -5.48123010e-02  5.78292012e-02
  2.30444178e-01  3.51873301e-02  9.07955915e-02  8.27775076e-02
 -2.87011899e-02  4.55184467e-02 -3.62976417e-02 -4.39472347e-02
  5.14369085e-03  1.45523593e-01  8.00702944e-02 -8.44239742e-02
 -1.32180199e-01  5.92461973e-02 -6.53503388e-02 -8.08479786e-02
 -1.32455885e-01  1.33258730e-01  9.62107927e-02 -7.31270835e-02
  5.87551035e-02  4.00757529e-02  1.15949847e-01 -3.87267433e-02
 -1.38779730e-01  1.15475237e-01 -3.30488347e-02  9.36397836e-02
 -1.47219673e-02 -5.12047345e-03  1.90982893e-01 -3.02546122e-03
 -2.55378447e-02  6.35751411e-02 -6.09544702e-02  1.74400618e-03
 -2.29197107e-02  1.29301980e-01  6.24256358e-02  6.13075383e-02
  1.76429510e-01 -1.93176299e-01  5.17644882e-02 -7.66072795e-02
 -1.05201915e-01  6.95426688e-02  4.71794233e-02  9.26880687e-02]