[ 0.00679065  0.07434997  0.06564609  0.01489222 -0.06971081  0.14145346
  0.03597352 -0.05275535 -0.11931338  0.03837923  0.06303679 -0.11150636
 -0.01315309 -0.03004671  0.07703535 -0.06836911 -0.17521559  0.09538297
  0.07044304 -0.08235768  0.07753544 -0.05401552 -0.04487277 -0.0701637
  0.03483336  0.01672228 -0.09866867 -0.12189883 -0.01021198  0.02941365
 -0.04469009 -0.06176782 -0.04253105  0.0109042   0.20825876  0.06277124
 -0.02902959 -0.04880336  0.01436956 -0.1770687  -0.02526529 -0.13089935
  0.02032321  0.1120042  -0.04906276  0.09126719  0.10545498  0.02692058
 -0.27548438 -0.07322139 -0.06588887 -0.01743061  0.03608277  0.0219615
  0.09187068  0.06572117 -0.05150767  0.0032319  -0.02843491 -0.10233402
  0.0265355   0.03485408  0.14193134 -0.00605293  0.15321346  0.14665356
 -0.04001149 -0.0285445  -0.01271359  0.12224257 -0.00622814 -0.02474467
 -0.00908118 -0.1096845  -0.03567859 -0.07569294 -0.06695572 -0.03891546
  0.06370311 -0.0403338  -0.01257999 -0.00992654 -0.11893328 -0.10915001
 -0.12307274 -0.0013298  -0.03518772 -0.06100831  0.05223094  0.20727277
  0.17630866 -0.04088707 -0.04827422 -0.0811727  -0.12179677  0.00854198
 -0.00319115  0.08281245  0.08887944  0.01755972  0.09135648  0.12206258
  0.02084582 -0.23540844  0.01526727  0.11013574  0.06658573  0.04059301
 -0.01504827  0.00480297  0.0598755  -0.01798123 -0.04030881 -0.17465755
  0.14904976  0.01675006  0.00539631 -0.07154489  0.08613873 -0.05009428
  0.07793483 -0.17243074  0.0856623   0.04216976  0.09013727  0.06938413
  0.23654026  0.01023335]