[-9.05799214e-03  3.71676721e-02  6.47837520e-02  1.18226493e-02
 -3.74183878e-02  7.01728836e-02  7.56622031e-02 -5.29463999e-02
 -2.90264119e-03 -4.32892628e-02  1.12989359e-01 -7.53880758e-03
 -2.57088076e-02  7.66252950e-02 -2.87981201e-02 -5.14508933e-02
 -5.45180328e-02  1.81158110e-01  4.99893399e-03 -8.55758935e-02
  1.46494299e-01 -6.67756144e-03  2.42509320e-03  8.53009596e-02
 -8.78356863e-03  1.62912458e-02 -4.15735040e-03 -8.37580413e-02
  1.07482940e-01  6.96810186e-02 -4.59766947e-03 -9.47618335e-02
  3.29665020e-02 -3.99869531e-02  1.28442317e-01  1.71729308e-02
 -7.73193911e-02  1.18730582e-01 -6.84189200e-02 -5.27835935e-02
 -6.09790422e-02  1.10572323e-01 -5.39279245e-02  1.81671187e-01
 -1.11442916e-01 -7.91882053e-02  7.60824829e-02 -9.90599841e-02
 -1.39214367e-01 -9.96097997e-02 -6.84602410e-02 -3.87303568e-02
 -2.43108533e-02  6.43577753e-03  6.00455329e-02  1.36278808e-01
 -1.90159436e-02  2.21776962e-01 -4.09451649e-02 -8.58278424e-02
 -7.53055885e-02 -4.87543456e-02  2.47106299e-01 -3.92344519e-02
  1.80696741e-01  5.60265109e-02 -1.11171473e-02 -1.14632711e-01
 -8.64657611e-02  1.96167096e-01  5.13752028e-02 -3.16053964e-02
  4.86639850e-02 -4.46943752e-02 -6.34307042e-02 -1.08826220e-01
 -6.12165928e-02 -2.32606921e-02 -2.70553492e-02 -1.90888792e-01
 -7.17637166e-02  9.37884524e-02 -7.93511197e-02 -1.38246074e-01
 -6.45411462e-02 -1.03199355e-01  3.81475012e-03 -6.12309836e-02
  6.93005230e-03  8.23751986e-02  1.24884732e-01 -1.13069542e-01
 -5.54881282e-02 -1.42393678e-01  1.57882914e-01 -1.84652265e-02
 -4.79863472e-02  1.12485602e-01  6.42571747e-02  1.37591600e-01
 -2.58913953e-02  8.07354152e-02  3.77914459e-02 -9.12267193e-02
 -6.08818159e-02  9.02065188e-02  8.06721672e-02 -1.16804175e-01
  8.47734958e-02 -1.48999944e-01  4.12312560e-02  4.26289588e-02
  8.55399121e-05 -4.28629778e-02  1.57068908e-01  5.34981340e-02
  7.17408583e-02 -1.30058169e-01  9.15483683e-02 -1.00411698e-02
  2.99489666e-02 -1.12085134e-01 -2.94241123e-02 -1.15122879e-02
  1.64898355e-02  1.20528303e-01  1.32036909e-01  2.53255069e-02]