[-2.37957593e-02  1.18998028e-02  4.23961803e-02 -5.21195084e-02
 -2.38390341e-02  1.68990254e-01 -5.35281561e-02  2.63285786e-02
 -2.05640852e-01  7.74581805e-02  1.01771824e-01 -1.96545869e-02
  1.45025030e-02  1.86930634e-02  4.33902927e-02 -1.73394475e-02
 -1.83414340e-01  1.71738952e-01  7.88658485e-02 -8.09590220e-02
  1.09042130e-01 -3.26457508e-02  6.30149171e-02 -4.19948027e-02
  8.28038231e-02  3.53339352e-02  8.36423635e-02 -6.92576393e-02
 -2.28094403e-02  4.40307194e-03 -7.68962428e-02 -1.85060516e-01
 -1.33693789e-03 -4.07182425e-03  8.18452537e-02  1.09548252e-02
 -1.43190414e-01 -1.03331029e-01  3.60053219e-02 -4.27446030e-02
 -2.27687210e-02 -9.03186053e-02  5.53750694e-02  1.93993986e-01
 -1.68666050e-01 -1.09127291e-01  1.15263447e-01 -5.88599965e-02
 -2.08616570e-01 -2.57124193e-02  7.05795437e-02 -8.16452578e-02
 -8.76838565e-02  6.93807527e-02  2.25317460e-02  9.02059302e-02
  2.61559803e-02  7.55411983e-02  1.62328519e-02 -8.24115500e-02
 -1.55989304e-02 -2.54210681e-02  1.65482327e-01  5.63435443e-02
  1.27662167e-01  9.45023745e-02 -1.07336305e-01  1.11602282e-03
 -8.19847360e-03  1.68973505e-01  2.36851219e-02  7.31108040e-02
  3.23685743e-02 -1.35708094e-01  6.81727566e-03 -5.15233316e-02
 -8.12740102e-02 -4.40324470e-02 -3.56563320e-03 -4.63755056e-02
 -2.79408395e-02 -5.06024510e-02  5.85265532e-02 -1.35605102e-02
 -2.02156961e-01  4.83076870e-02  5.25196083e-02 -1.18687684e-02
  8.22734013e-02  9.36900750e-02  3.14390846e-02 -8.32503513e-02
 -1.01411954e-01 -4.32357229e-02 -7.92522728e-02 -3.29219885e-02
 -1.07804514e-01  1.67932004e-01  1.83571056e-02  2.06897575e-02
  1.29783368e-02  9.91324782e-02  7.75086284e-02 -1.40549093e-01
  7.49160573e-02  1.02837525e-01 -4.02235379e-03  4.07189764e-02
 -3.53218988e-02 -1.47145659e-01  1.75789408e-02  1.12664606e-02
  4.60529253e-02 -5.40114194e-02  1.01828977e-01  1.92384124e-02
  4.50219251e-02  2.17688419e-02  8.87702182e-02 -3.94848530e-06
  9.37318131e-02 -2.32839361e-01  2.20650528e-02 -8.61283317e-02
  3.91100980e-02  1.04880594e-01  1.66637242e-01  1.43312156e-01]