[-5.36746606e-02  1.98500618e-01 -1.36687383e-01  3.51293571e-02
 -1.64010003e-01  2.93307789e-02  2.53249556e-02 -6.30016997e-02
  9.80431288e-02  5.67722991e-02  5.05658276e-02 -1.36977255e-01
  4.39642882e-03  3.14384848e-02 -2.11312044e-02 -1.44942254e-01
 -8.00413862e-02 -4.42467332e-02  7.84682333e-02 -5.87647296e-02
 -5.58446683e-02 -1.45951331e-01 -8.49247277e-02 -1.20878235e-01
  2.08424404e-02 -6.48080930e-02 -7.41721094e-02 -3.55315767e-02
  3.27731557e-02  1.07971229e-01  1.12844668e-02  1.99315157e-02
  8.18892196e-02 -1.22484304e-01  6.89959452e-02  6.57407660e-03
  1.34512121e-02  7.10707456e-02 -2.37234924e-02 -1.02352276e-01
 -5.65328635e-02 -1.30148336e-01 -9.29760709e-02  2.55432520e-02
  1.89498197e-02  1.08624429e-01 -1.95610314e-03  1.26315588e-02
 -1.17698289e-01 -1.58110499e-01 -1.36357069e-01  1.97499141e-01
  1.77721724e-01 -4.69835922e-02 -2.93143876e-02  7.75757730e-02
 -5.66359870e-02 -6.53626099e-02 -1.63593311e-02 -1.27504721e-01
 -6.10446706e-02  1.35917338e-02  1.14882037e-01 -3.27723473e-02
  3.78217758e-03  2.01197639e-01  9.79528129e-02 -2.19752640e-02
 -2.39366014e-02 -8.83667096e-02  1.83981173e-02 -1.45665303e-01
 -3.67782041e-02 -8.97901356e-02  7.17802569e-02  1.45842424e-02
 -4.41645496e-02 -1.45439193e-01 -1.53420086e-04  4.62057106e-02
 -1.04968674e-01 -5.33911735e-02 -1.27079383e-01 -4.19578291e-02
  4.33859043e-02  6.57503903e-02 -1.10349044e-01 -1.17706195e-01
  1.06561534e-01  6.57366440e-02  8.86229798e-03 -9.45294574e-02
  7.22199678e-02 -3.00608557e-02 -4.61388342e-02 -1.24341533e-01
  3.43801230e-02 -3.23881283e-02  1.04250617e-01 -1.23877265e-02
  1.17745772e-01  9.21654701e-02  4.57501896e-02 -1.30749777e-01
 -1.34883076e-01  1.22491114e-01  1.17793895e-01  5.12867123e-02
 -2.99259066e-03  2.53610630e-02  8.70383158e-02 -6.50634617e-02
 -7.17663616e-02 -1.38369426e-01  2.56324303e-03 -9.81586426e-03
 -1.06773093e-01 -2.55817231e-02  2.07070693e-01 -7.14482069e-02
 -2.60400865e-03 -1.69022858e-01 -1.14809163e-02  1.59621127e-02
  1.34599417e-01  5.99203818e-02  1.04808286e-01  9.56442859e-03]