[ 0.02156239  0.05232389 -0.11488902  0.04441936 -0.04024865  0.03972669
 -0.0118384  -0.17766626 -0.03728059  0.04886639  0.09239233 -0.04149078
 -0.01374113  0.14637291  0.12707271 -0.08047464 -0.0215391  -0.09600538
  0.1904832   0.03706142 -0.19222581  0.00928594 -0.02803593 -0.09347639
  0.02309415  0.04734023 -0.0251434   0.0077002  -0.01845263  0.06539043
 -0.01226446  0.0290687   0.05047385 -0.12619878  0.04666366  0.17830327
  0.00987224 -0.03009942  0.0378511  -0.03327024 -0.02573899 -0.0439504
 -0.09162882 -0.06504968 -0.08836032  0.19838215  0.01718998  0.04967454
 -0.03408495 -0.0851197  -0.13407452  0.12466496  0.13275211 -0.02522543
  0.03153718  0.02681402 -0.10434384  0.04390433 -0.06919274  0.10142832
 -0.13532004  0.06287336  0.14128143 -0.0933585   0.05060959  0.22743435
  0.07312965  0.04688485 -0.03020485 -0.05318117  0.07539666 -0.0012504
 -0.01100095 -0.00200946  0.12440943  0.03115308 -0.01856947 -0.15361635
  0.01051778  0.01366617  0.06729757 -0.05704888 -0.11594035 -0.07025934
 -0.00297484  0.0465466  -0.09495986 -0.10178184 -0.02270236  0.08291612
  0.08329471  0.00565866  0.084322    0.08703358 -0.03868454 -0.09090253
  0.02766766 -0.07328054  0.16099687 -0.03968835  0.01870009  0.05439766
  0.04081993 -0.23789153 -0.15601858  0.2145479   0.10830721 -0.04525101
  0.01371503  0.09945586  0.12815064 -0.05030526  0.0712106  -0.11753399
 -0.02386751 -0.01261699 -0.03482413  0.03439991  0.07628675 -0.02072082
  0.0336006  -0.21916665  0.04648421  0.04061176  0.04678265  0.13727546
  0.11473793  0.03467852]