[-0.0300217   0.18618301 -0.1101606   0.04595616 -0.10725127  0.17728622
 -0.00698272 -0.1091748   0.0037031  -0.0060918   0.08750171 -0.08857547
 -0.00683574 -0.03289222 -0.04918797 -0.00437366 -0.13918144 -0.01088685
  0.04768709 -0.12506497  0.06882416 -0.09497546 -0.13402404 -0.0299065
  0.09667482 -0.01915139 -0.08131146 -0.06997575  0.08461965  0.12371612
  0.06911265  0.06773952 -0.06202918 -0.06946235  0.02864653  0.05931055
 -0.08718325 -0.1223377   0.09643327 -0.02582836 -0.00833621 -0.1354053
  0.00848131  0.0533943   0.10180105 -0.01457969  0.10532542 -0.01707489
 -0.20606552 -0.1838228  -0.07975983  0.08746944  0.12560016 -0.05286777
 -0.04113784  0.12709413 -0.0794635   0.0933013  -0.01398792 -0.09404401
 -0.06396043  0.09185577  0.20906687 -0.07051604  0.0004553   0.2276437
  0.06647317 -0.07550721 -0.05288907 -0.01868453 -0.03387174 -0.01841926
 -0.05730053 -0.0599848   0.07364066 -0.03615079 -0.02510334 -0.11586166
 -0.08446057  0.05864286  0.0118631   0.01348528 -0.06229211 -0.07027939
 -0.0915201   0.14913285 -0.05974159 -0.16098958 -0.0103237   0.05363317
  0.07499652 -0.09356701 -0.05681811  0.03251149 -0.01344832  0.02430868
 -0.02413844  0.02612172  0.0780494   0.06818999  0.04263527  0.00782178
 -0.00506426 -0.05244415 -0.11600331  0.19767423  0.05329539  0.08332179
 -0.09800215 -0.03437246  0.05668469 -0.03748011 -0.06160989 -0.15595387
  0.07903717  0.01800444 -0.09753614  0.04006168  0.20298596 -0.02813336
  0.06081639 -0.20355268  0.05302439 -0.04895524  0.01893363  0.13970333
  0.05226129  0.0265222 ]