[ 2.92984266e-02  2.26286948e-01 -4.83175255e-02 -8.81304666e-02
 -9.93486196e-02  3.05659156e-02  1.23610031e-02 -3.16800587e-02
 -1.30998222e-02  1.27349168e-01  1.29169852e-01 -1.66735604e-01
  5.04436754e-02  2.31318455e-02  1.58806667e-01 -5.29134944e-02
 -7.05931038e-02 -5.12458943e-02 -4.61849058e-03 -2.29205824e-02
 -1.48701802e-01  4.67429385e-02 -2.36756187e-02 -7.84374774e-02
 -2.56263167e-02  1.78261811e-03  4.27303761e-02  3.31326649e-02
  1.25785246e-01  2.28040610e-02 -4.50274684e-02  6.94306046e-02
  6.55738488e-02  1.44193973e-02  1.01715596e-02  2.91423202e-02
  1.14014328e-01  8.09956118e-02  8.04990679e-02  9.89452004e-03
 -2.62042731e-02 -1.98262379e-01 -7.72463009e-02 -1.17966142e-02
 -5.51438108e-02  1.81817159e-01  9.23021417e-03  1.03794627e-01
 -1.91534638e-01 -6.85724691e-02 -1.05586290e-01  1.93431854e-01
  2.67058145e-02  1.34374909e-02 -8.79559591e-02  5.57137420e-03
 -4.59936559e-02 -6.18020408e-02 -5.91885708e-02 -2.25702059e-02
 -1.42412528e-01 -2.99941879e-02  8.78299028e-02 -2.97191762e-03
 -8.94539282e-02  2.34576881e-01  5.51146083e-02  6.74800798e-02
 -4.70286701e-03 -7.58021548e-02 -4.00315411e-02 -1.32191271e-01
 -5.94284274e-02  9.60195996e-03  1.98553279e-01 -8.46716687e-02
 -3.84912156e-02 -7.30108097e-02  2.68905368e-02  2.90796384e-02
  7.48961493e-02 -3.60420719e-02 -1.06280372e-01 -6.84065297e-02
  3.80712561e-02  1.12790383e-01 -9.61057842e-02 -1.13697745e-01
  4.52270992e-02  1.72229975e-01  1.23305514e-01 -9.34444517e-02
 -1.70666613e-02  5.35428785e-02 -8.92204642e-02 -7.86999092e-02
 -4.70728688e-02 -2.08895337e-02  1.48753390e-01 -8.59577432e-02
  4.68733422e-02  2.40633357e-02  3.82387750e-02 -2.75489911e-02
 -8.59511569e-02  1.11887693e-01  2.30541229e-02  1.01204716e-01
  9.37927589e-02 -4.59933430e-02  1.25090018e-01  7.19502121e-02
 -4.83605452e-02 -3.56449746e-02 -4.28766070e-05 -6.54833466e-02
 -9.31487232e-02 -4.25149873e-02  1.55754745e-01 -2.68555917e-02
  1.12730652e-01 -1.47525728e-01  4.58507985e-02  1.42802238e-01
  9.32277963e-02 -2.57680397e-02  9.81539562e-02 -2.64634881e-02]