[ 0.00398012  0.1493534  -0.12619849  0.03589939 -0.05324952  0.1720133
  0.05765507 -0.08698084 -0.00680855  0.00762369  0.09633454 -0.05817652
 -0.02141154 -0.04293485 -0.03879587 -0.04260157 -0.14834575 -0.04516847
  0.06781508 -0.11886036  0.05922157 -0.11581857 -0.16439326 -0.08274579
  0.12285767 -0.00654715 -0.07552987 -0.05634052  0.05959979  0.11482196
  0.03946875  0.02143755 -0.0786918  -0.06832132  0.03814811  0.03929472
 -0.08210806 -0.14317751  0.12041691 -0.07716087  0.04364115 -0.14007255
  0.02627693  0.07144927  0.05879624  0.01435739  0.06531668 -0.01321143
 -0.18580845 -0.19511081 -0.12022597  0.09136785  0.08449081 -0.04410021
  0.00126222  0.10233611 -0.13735504  0.10840888 -0.08626612 -0.04960591
 -0.04118708  0.04513344  0.23507944 -0.06137502  0.02619562  0.23595659
  0.02744387 -0.0291415  -0.01938155 -0.04302342 -0.00290233  0.02384589
 -0.05509555 -0.08015512  0.06340561  0.00221299 -0.00240688 -0.09654282
 -0.06292969  0.0571936  -0.02362505 -0.01024985 -0.02469196 -0.03712207
 -0.10424738  0.11808652 -0.01586475 -0.10815913  0.02857042  0.04949385
  0.09718613 -0.1075711  -0.0685375   0.03676211 -0.05237269 -0.03753718
  0.00086968 -0.03995607  0.08928794  0.04621205  0.03646087  0.0157567
  0.00790277 -0.10306584 -0.12511872  0.2120492   0.06437716  0.12548472
 -0.11116117 -0.02264841  0.08894332 -0.06675139 -0.07552263 -0.12738809
  0.10912234  0.01149237 -0.10298461  0.06243382  0.18858093 -0.02428
  0.05051708 -0.19067129  0.0471594  -0.00963102  0.0473242   0.13475411
  0.07643607  0.02628712]