[ 0.02118471  0.07138368 -0.04555309  0.06951231 -0.01544109  0.00593314
  0.08201929 -0.08621512  0.07364545 -0.01811037  0.09934193 -0.0379972
 -0.03488164  0.01294793 -0.02573644 -0.10051467 -0.08467655  0.04103454
  0.04320671 -0.03285562  0.08303784 -0.07874098 -0.18447527 -0.20006356
  0.08773863  0.02695766 -0.19262771 -0.01674932  0.01838279  0.13846684
  0.00185156  0.06051887  0.00868368 -0.09685372  0.15158811  0.01355769
 -0.00822079 -0.01314086  0.14253089 -0.19823657  0.03327291 -0.00895659
  0.01942379  0.04866539  0.00338312 -0.00817531 -0.01824455 -0.0481711
 -0.04228028 -0.19816758 -0.17833784  0.13198087  0.05990446  0.0255475
  0.04396833  0.01873129 -0.14096217 -0.04371808 -0.16532651 -0.05125003
  0.00342916 -0.07622945  0.14416628  0.03100125  0.01822772  0.17213288
  0.03586438 -0.00704802  0.04786623 -0.08761325  0.11702973 -0.0460492
  0.03661264 -0.09895959 -0.06115177 -0.0196234  -0.04840557 -0.15966381
 -0.02118927  0.00581183 -0.05693032  0.078679   -0.02295574  0.00605972
  0.02704387  0.01547103 -0.00742108 -0.01004166  0.11008657  0.03673959
  0.07923926 -0.08236764 -0.02735446  0.00027217 -0.08143222 -0.16668145
 -0.00065731 -0.06693296  0.01373779  0.01877848  0.03862314  0.06909531
  0.06668775 -0.18053858 -0.06806675  0.17047971  0.17549483  0.08640115
  0.05019495  0.05280374  0.04287321 -0.18522909 -0.19475389 -0.0438805
  0.10682788 -0.05067682 -0.03184058 -0.03699323  0.1165918  -0.12199755
  0.02000261 -0.05224244  0.04640086  0.02548543  0.13518618  0.02434754
  0.23114386  0.05067552]