[-0.01939369  0.10951065  0.13528426 -0.07530669  0.16341653  0.18051834
 -0.02150196  0.02195718 -0.08101656 -0.01536079 -0.0313221  -0.00078572
 -0.06100174 -0.16104695  0.15022521  0.01308075 -0.188077    0.01789172
 -0.02307174 -0.05276985  0.11098817  0.16166247 -0.0119092  -0.12694123
  0.10935268 -0.0129977  -0.09594665 -0.05741843  0.05503019  0.01277445
  0.06403368 -0.06066462 -0.07286047  0.05679202  0.15643866  0.03455248
  0.03519964 -0.18820301  0.11070924 -0.04333162  0.14351124 -0.07313941
  0.12870927  0.09055082 -0.10750686  0.0382867   0.14289793 -0.00082281
 -0.11426138  0.04621974 -0.00637821 -0.0009979  -0.12761843  0.03825472
  0.07041952 -0.02111416 -0.03411777 -0.05848468 -0.13827306 -0.03499062
 -0.01067075 -0.03551337  0.03147435  0.01334709  0.08686055 -0.07491449
 -0.03628432  0.02155178  0.0520753   0.14672095  0.06049231  0.18157689
 -0.00377327 -0.04491777 -0.00239634 -0.00046899 -0.11544275  0.07262713
  0.00926384  0.03491288  0.09345354  0.14014167  0.11684363  0.18357851
 -0.00441201 -0.00737186  0.07304965  0.12376783  0.000823    0.12105515
  0.10940439 -0.00019929 -0.1947619   0.02581346 -0.14734226 -0.06427702
 -0.04374592  0.1022071  -0.08693042 -0.00828857 -0.03084476  0.00765267
  0.01010057 -0.10508233 -0.02420922  0.07637399 -0.03125091  0.10883151
  0.02641527  0.07948662  0.04265624 -0.05708862 -0.1551954   0.00520291
  0.08130906 -0.03420217  0.00684283 -0.04823776 -0.04032577  0.06525606
  0.15983208  0.07705875  0.10670643  0.02792313  0.00819048 -0.02820381
  0.19523083  0.08596836]