[ 2.02697311e-02 -2.22930852e-02  8.89853388e-02  9.52774957e-02
  1.52989089e-01  1.26332566e-01  4.31118682e-02 -8.57610852e-02
 -5.55654280e-02 -1.23771824e-01  4.99228090e-02  7.89133906e-02
 -5.52174747e-02 -1.13562301e-01  1.52907521e-02  4.71573696e-02
 -1.81266233e-01  6.29061460e-02 -1.24495523e-02  2.39184126e-02
  2.39084780e-01 -1.33212563e-02  1.15927476e-02 -2.05505826e-02
  1.73906654e-01 -1.57034490e-02 -1.10076986e-01 -1.52014941e-01
  2.84411777e-02  9.56042781e-02  4.80470546e-02 -3.24823223e-02
 -3.22822258e-02  4.39386629e-02  1.57244936e-01  2.47568302e-02
 -6.45465255e-02 -9.34541225e-02  6.83634654e-02 -1.77330971e-01
  1.23564973e-01 -3.07275672e-02  1.34823531e-01  1.33638427e-01
 -1.31106868e-01 -4.70768400e-02  1.45091131e-01 -7.23352805e-02
 -9.07558948e-02 -4.10610847e-02 -4.41402756e-02 -8.47175196e-02
 -2.62101237e-02  1.26108872e-02  1.65460736e-01  1.63917150e-02
 -6.80077299e-02  6.58077672e-02 -1.32971421e-01 -4.72152717e-02
 -2.01369356e-02 -7.35624135e-02  1.50247499e-01 -6.88830158e-03
  1.83769047e-01  1.55754667e-02 -1.00978680e-01 -4.75385562e-02
 -3.04670390e-02  1.15708716e-01  3.09586301e-02  1.54374629e-01
 -8.87431111e-03 -1.09980986e-01 -3.65109183e-02 -9.52622388e-03
 -4.00381237e-02  1.66056044e-02 -2.96332836e-02  8.40228423e-02
  1.05490694e-02  7.07543194e-02  6.59603104e-02  4.04814854e-02
 -8.45799223e-02 -1.66255310e-02  6.17116988e-02  9.49188098e-02
 -5.59925772e-02  7.50181079e-02  1.42568976e-01 -4.71533798e-02
 -1.94971293e-01 -8.80125165e-03 -1.22353695e-01 -5.40011488e-02
 -7.09487274e-02  1.06509410e-01  1.24868909e-02  5.14338462e-05
 -4.09885915e-03 -7.99607020e-03  3.60809490e-02 -1.11381158e-01
 -3.77004221e-03  1.08959734e-01  6.89022690e-02  1.35228232e-01
  6.00757673e-02 -1.82409585e-02 -2.57923305e-02 -3.62327993e-02
 -1.34351358e-01 -3.17338519e-02  1.64705023e-01  3.83321792e-02
 -1.33297099e-02  5.10908803e-03 -1.95792280e-02  1.12957269e-01
  7.49210417e-02  3.79041061e-02  2.09314749e-02  2.84678605e-03
  8.76282994e-03  1.09812461e-01  2.19397902e-01  7.64126703e-02]