[ 0.04105186 -0.16091128  0.00691013 -0.0039878   0.06229533  0.10261867
  0.04931998  0.08966307 -0.07767954 -0.02981616  0.05888481  0.08037537
  0.03550396 -0.05023419  0.06077659 -0.00773214 -0.15330496 -0.01097677
  0.05035346  0.01259694  0.18121459 -0.05684863 -0.0313271   0.01603711
  0.11644332  0.10809971  0.0365081  -0.17807189 -0.03503386  0.04618075
 -0.01145827 -0.01511674  0.01404947  0.08316454  0.02395821  0.00688796
 -0.08225533 -0.04476103  0.02201216 -0.17778201  0.13670772 -0.13978072
  0.06382457  0.17593193 -0.11262004 -0.1012551   0.07189747 -0.06747742
 -0.1054844  -0.10326952 -0.04135574 -0.15510584  0.00969258  0.03380827
  0.19091685  0.06225732 -0.11766048  0.09425933 -0.08646173 -0.08769727
 -0.00504244 -0.14515071  0.13589454  0.05814095  0.11152285  0.10915315
 -0.10096128  0.0452194   0.056208   -0.00344463 -0.05981467  0.06696408
 -0.0811279  -0.16816181  0.00995273 -0.01603788  0.00073307 -0.00483177
  0.0102068   0.10923225 -0.05265751 -0.03856744  0.076565   -0.05579186
 -0.10417093 -0.04919474  0.16882782  0.09542514  0.06023564  0.0560752
  0.10520015 -0.05299507 -0.18295704  0.03111589 -0.176346    0.03942157
 -0.04450855  0.01560772  0.08121637 -0.03634817  0.02764695 -0.02195557
  0.04257272 -0.11366906 -0.05006436  0.07189686 -0.06500137  0.07980423
 -0.0471089  -0.13434468  0.01201453  0.04029467 -0.13861856 -0.12898996
  0.20438549  0.03281529 -0.01316775 -0.08726675  0.03514547  0.08659896
  0.11148062 -0.05136262  0.04994978  0.01871363  0.01855575  0.08381503
  0.17852888  0.0849967 ]