[-0.00701115  0.07013383  0.03496679 -0.03704908  0.00907724  0.08838429
 -0.04635882 -0.04820153 -0.07369865 -0.17761672 -0.17228191  0.05966103
 -0.06029804 -0.12506601 -0.06182606 -0.07856261 -0.19708444 -0.17231673
 -0.00525291  0.09539829  0.03104205  0.06638551  0.03590944  0.00171205
 -0.0016784   0.06350176 -0.0586178  -0.09755083 -0.05971758  0.03665765
  0.01458591 -0.12045213 -0.09464966  0.0323349   0.06982813 -0.00267312
 -0.02462557  0.08772599 -0.05426851  0.01189343 -0.02274775  0.0097104
  0.04617443  0.09766889 -0.00249943  0.07651296  0.18938199 -0.02548949
 -0.05141676  0.23956242  0.02243337 -0.0104312   0.01548326  0.05975044
  0.21790631 -0.1027545  -0.0115968   0.09835094  0.00513    -0.19811299
  0.04020847  0.06647489  0.11078545  0.0191468   0.03200371 -0.18919186
  0.06796076 -0.03424    -0.01016317  0.055679    0.026957    0.09441928
  0.04029087  0.14023443  0.00266119 -0.01280222 -0.09161414 -0.04791719
  0.10974726  0.18843678  0.07573189  0.0493929   0.03460284  0.03157821
  0.00154766 -0.19335501  0.00117014  0.09145907  0.08278658  0.03385332
  0.02217644 -0.02905501  0.00884075 -0.02500683 -0.08094972 -0.02601998
  0.12928455  0.08205077 -0.0158667  -0.05338796 -0.06878041  0.12156101
 -0.0593561   0.01219239 -0.22125767  0.00084603 -0.1181059   0.07755508
 -0.03461681  0.07778936  0.19970426  0.09186175 -0.15616599  0.04009587
 -0.06588791  0.09019027  0.01782289 -0.05876807 -0.06147483  0.04468989
  0.0042208   0.13896425  0.11354239 -0.09566112 -0.04715682 -0.02285272
  0.11293348 -0.02801763]