[ 0.01680052  0.12126533  0.00941409 -0.07780489 -0.02610176  0.15121691
 -0.13191439 -0.08064386 -0.14142983 -0.13461292 -0.0941824  -0.03824113
 -0.05721794 -0.09886631 -0.0235347  -0.03022645 -0.17923319 -0.12192172
  0.08830464  0.01442032  0.07488743  0.09948859  0.03853198 -0.00893543
  0.02954404  0.09847494 -0.00113325 -0.13477989 -0.00289741  0.04020793
  0.02804538 -0.18406126 -0.1058642  -0.0038526   0.12556382  0.05335068
 -0.02352614  0.01472847  0.06675048  0.02846265 -0.09747487 -0.01759236
  0.02147863  0.11898688  0.02752083  0.12851839  0.22494416  0.00251862
 -0.1480114   0.15719618  0.00378274  0.0539954   0.03950748  0.06270474
  0.12804608 -0.07339824  0.0794859   0.090524    0.01877504 -0.20744213
  0.05448353  0.0840134   0.17618702  0.01131017  0.01370469 -0.16248639
  0.06695828  0.00732619  0.07017813  0.11607934  0.0094264   0.08264998
 -0.02460797  0.03872824  0.02936739 -0.07479363 -0.14726613  0.00586111
  0.08489963  0.20023827  0.08977117  0.08523575  0.02124869  0.00649263
 -0.05049988 -0.10395084 -0.0349042   0.02521683  0.04605152  0.03819527
  0.06747223  0.00418534 -0.01084942  0.00033425 -0.06337707 -0.04308974
  0.09863381  0.16277297 -0.01118739 -0.07018051 -0.04026888  0.13608404
 -0.05488407 -0.02905396 -0.17016433  0.03529228 -0.07115455  0.06049947
 -0.03295727  0.05900226  0.19263056  0.04482907 -0.11267134 -0.01374241
 -0.00966117  0.1243694  -0.03215519 -0.09661346 -0.04416377  0.00118464
  0.03765752  0.03715304  0.142159   -0.0982541  -0.07938161  0.00471422
  0.1387371   0.03428328]