[-0.01816213  0.13132419  0.06160528 -0.03419084  0.00752845  0.09633398
 -0.04045794 -0.06826397 -0.13799587 -0.02956989 -0.13141277  0.03926291
 -0.0404485  -0.12150654 -0.00974688 -0.03774955 -0.13444731 -0.10862982
  0.05723597  0.10753015  0.03207725  0.0475591   0.02127542  0.05323655
 -0.00629367  0.07714067 -0.06515237 -0.10494819  0.01723893  0.07426243
 -0.02952677 -0.15881605 -0.08089291  0.01120375  0.12976861  0.01509025
  0.00344706  0.09439721 -0.02884566 -0.02586452 -0.09083033 -0.00881372
  0.05382489  0.07510754 -0.00850547  0.12490956  0.22814868  0.00970023
 -0.12087773  0.19281767  0.07934956  0.0150094  -0.02243963  0.02652884
  0.24433908 -0.05651286 -0.00937389  0.08383553  0.00910875 -0.17582779
  0.04781557  0.03133823  0.12501523 -0.0264449   0.11434582 -0.18828751
  0.01608147 -0.0353928  -0.05868041  0.08197974  0.02839478  0.10503697
 -0.00062735  0.08761748  0.00124726 -0.00478216 -0.06538048  0.07650436
  0.17342868  0.12788445  0.06719614  0.04673672  0.01178459  0.0353856
  0.00609817 -0.22225024 -0.02963802  0.09334806  0.1331958   0.09519187
 -0.01075419 -0.00979562  0.02573545  0.02197072 -0.08223205 -0.04756294
  0.14994051  0.09417307  0.0017984  -0.07100158 -0.01228844  0.16657206
 -0.08703952 -0.04868048 -0.2004822   0.02958696 -0.06422615  0.008909
  0.02395009  0.08466843  0.16317609  0.09502155 -0.08978701  0.02623681
 -0.01711022  0.08788116 -0.01113485 -0.0697433  -0.13393402  0.04312565
 -0.01860179  0.07994607  0.11312185 -0.08361078 -0.04728854  0.06752692
  0.13922186 -0.06317054]