[ 1.12699633e-02  4.34637628e-02 -9.80017707e-02 -9.33339670e-02
  6.75575510e-02  1.59038544e-01 -2.07011718e-02 -2.29954943e-02
 -6.28667101e-02 -1.38289705e-01 -7.84214735e-02  1.40350565e-01
 -3.40201966e-02 -1.17408104e-01 -9.50179771e-02 -6.47299290e-02
 -1.64959356e-01 -1.19063757e-01 -4.54590470e-03  8.73926952e-02
  2.08371729e-02  7.16299042e-02  4.14088778e-02  5.91003969e-02
 -1.83187034e-02  7.52797574e-02  8.89911428e-02 -8.60655978e-02
 -4.08438891e-02  3.58814932e-02 -2.08048336e-02 -1.62958562e-01
 -5.75636849e-02  5.34021333e-02  8.57874751e-03  9.77151468e-03
 -7.51729310e-03  3.49431187e-02 -5.23722619e-02  5.05201854e-02
  4.48264703e-02 -3.04687372e-03  6.82096705e-02  1.60374999e-01
 -1.13290764e-01 -1.35948844e-02  1.97828650e-01 -6.05583796e-03
 -7.58749917e-02  2.32346192e-01 -2.96398695e-03 -7.34465420e-02
 -5.66265322e-02  6.86210170e-02  2.15782240e-01 -3.04073505e-02
 -6.42831251e-02  2.06728905e-01 -6.63446411e-02 -1.47492632e-01
 -5.48545681e-02  2.00064033e-02  2.72147655e-01 -4.83266637e-02
  4.65343930e-02 -1.37257844e-01  6.33987365e-03 -5.30121801e-03
 -3.19674909e-02  8.85345638e-02  1.09637594e-02  1.10946484e-01
  7.17885327e-03  1.14894778e-01  6.52830899e-02  1.37845073e-02
 -5.71956150e-02  1.39256744e-02  4.84392084e-02  7.23954886e-02
  3.86620276e-02  7.70874321e-02  7.43148029e-02  2.48422921e-02
 -7.84354433e-02 -1.04317896e-01  5.38878925e-02  1.01383947e-01
  9.33082029e-02  4.42732424e-02  6.27568662e-02 -1.21972121e-01
 -5.53920567e-02 -2.57484540e-02  1.60854906e-02 -4.73889038e-02
  5.80886453e-02  7.06681982e-02  1.28245191e-03 -5.45153655e-02
 -1.00125439e-01  4.93336953e-02 -3.31136696e-02  1.79237295e-02
 -2.18657881e-01  6.11449704e-02 -1.57223135e-01  5.47691472e-02
 -1.37439638e-01 -1.59887823e-05  2.08777905e-01  1.17079183e-01
 -3.85422856e-02  6.92127794e-02 -4.12536785e-02  6.13746755e-02
  1.54431080e-02 -4.48129401e-02  4.16359166e-03  9.87342596e-02
  6.02900647e-02  4.47615609e-02  1.06725357e-01 -6.87977299e-02
 -1.00616463e-01  3.02213933e-02  4.37818691e-02 -5.25248982e-03]