[ 5.46456091e-02  2.84645975e-01  6.35209456e-02 -6.38456196e-02
  3.83757167e-02  1.42714456e-01 -3.40695828e-02 -9.56438854e-02
  1.08244941e-01 -9.65660512e-02  1.08343869e-01 -8.90361294e-02
 -9.92266610e-02 -5.92185520e-02  1.66507643e-02 -4.05592695e-02
 -6.28254339e-02  5.23563847e-02 -1.28600389e-01 -1.49836689e-01
  7.03490004e-02  2.09319741e-01 -3.06297671e-02 -8.03091079e-02
  8.81593078e-02 -1.69108942e-01  4.05080393e-02  1.43498704e-01
  1.27764344e-01  7.97950029e-02  6.01528399e-02 -1.62847444e-01
 -3.40604261e-02  3.11992900e-03  1.15838669e-01 -2.41561346e-02
  2.99912300e-02 -9.28755850e-02  9.34482068e-02  9.44827795e-02
 -2.27073990e-02  3.67939882e-02  3.13404039e-03  6.45986721e-02
 -1.10263703e-02  1.81600153e-02 -2.48732455e-02  1.58444606e-02
 -6.87395483e-02  4.25781235e-02 -1.26917269e-02  2.31607020e-01
 -1.02860801e-01  4.74272948e-03 -1.48622528e-01 -2.38220785e-02
 -5.46757616e-02  2.25722929e-03 -1.49198696e-01 -1.93671416e-02
 -7.45989978e-02 -3.48671228e-02  1.32285774e-01 -2.32107341e-02
 -5.21014743e-02 -6.82186708e-02  5.45470379e-02  1.18736876e-02
 -6.17526993e-02  2.04919949e-01  1.27677053e-01  2.41905879e-02
  2.74114329e-02 -5.28270714e-02 -3.33605451e-04 -4.75678742e-02
 -7.70288929e-02 -4.58319411e-02 -1.01414643e-01  7.73495110e-03
  9.69536602e-02  1.33474544e-01  6.98463246e-02  9.96679813e-02
  3.95925343e-02  2.80072093e-02 -8.02903771e-02 -7.18991309e-02
 -4.35873866e-02  1.27209321e-01  6.18857332e-02 -1.70059532e-01
 -1.14777528e-01  3.67466956e-02  4.35414203e-02 -1.51483133e-01
 -8.65503922e-02 -1.40634282e-02 -3.14926580e-02  3.76049690e-02
 -2.33896375e-02  7.14223012e-02 -2.36696433e-04  2.19114800e-03
 -4.72001880e-02  6.30083904e-02  6.94315583e-02  5.41319028e-02
  4.34818864e-02 -6.79015741e-03  1.29347548e-01 -6.05059043e-02
 -7.80396983e-02  1.86377808e-01  1.84094608e-02 -1.95071287e-02
 -6.84420764e-02  9.32373330e-02  7.68444613e-02  7.46064726e-03
  6.20846264e-02  2.17375625e-02  2.99921201e-04  3.83092612e-02
  1.55179203e-01 -6.26763552e-02  1.49790585e-01  1.61905121e-03]