[ 0.07065887  0.21771815  0.09010202 -0.07201259 -0.02411583  0.15141606
 -0.0572844  -0.04629286  0.08473181 -0.06636358  0.16113895 -0.08759753
 -0.08700727 -0.0907187   0.0583286  -0.03298237 -0.10081089 -0.01854744
 -0.09597599 -0.1477267   0.04858461  0.21649586 -0.01968717 -0.05465013
  0.07481153 -0.08146725  0.13502127  0.09657598  0.11292008  0.01903865
  0.05891538 -0.19522461 -0.02882807  0.03662422  0.08535775 -0.01007242
  0.017988   -0.04506294  0.12035378  0.12446286 -0.02667404 -0.03905816
 -0.08969703  0.06050061 -0.00965098  0.0062785  -0.06282653  0.01792992
 -0.08847155  0.03090644 -0.00221238  0.26492748 -0.09495568  0.01577245
 -0.13670248 -0.03094653 -0.04124558 -0.00554112 -0.17692354  0.00628765
 -0.09728272 -0.10686719  0.15031591 -0.00757431 -0.04176758 -0.06826276
  0.06432083  0.0497749  -0.0298309   0.20105931  0.07280674  0.00772442
 -0.02426155 -0.05675899  0.0470813  -0.088107   -0.07791154 -0.02446778
 -0.08090236  0.11356637  0.08075996  0.04255794  0.10636988  0.05934525
  0.0094885  -0.011772   -0.01652447 -0.05516881 -0.04153868  0.11612661
  0.06143243 -0.15190363 -0.10052101  0.11278051 -0.02009419 -0.14105916
 -0.0631566  -0.07264964  0.01704588  0.00469561 -0.00802322  0.07640988
 -0.06544159 -0.00420739  0.02500728  0.03565464  0.08007941  0.03873128
  0.05927024 -0.06265937  0.10870061  0.00399823 -0.06511099  0.16341305
  0.07641842  0.00787369 -0.08608752  0.07656122  0.08450336  0.03236051
  0.08437405 -0.02949753  0.00765515  0.045631    0.19463749 -0.03235089
  0.19423249  0.03227913]