[ 5.28131872e-02  2.08817929e-01  1.03026507e-02  1.24893496e-02
  2.41878740e-02  2.51893610e-01 -8.45810175e-02 -8.55362043e-02
  1.98222399e-02 -5.48558310e-02  1.16740718e-01  2.08968073e-02
 -6.66458607e-02 -9.12293568e-02  2.16965651e-04 -3.27109471e-02
 -6.58511221e-02  6.90416917e-02 -3.47180553e-02 -8.98976773e-02
  6.23740219e-02  1.55452475e-01  3.83931845e-02  3.42219248e-02
  8.90300795e-02 -1.85917735e-01  9.42011997e-02  4.17755172e-02
  1.74741916e-04  1.01156287e-01  4.62344587e-02 -2.24097729e-01
 -2.51662005e-02  2.10932661e-02  7.11629018e-02  2.09197886e-02
 -2.51282621e-02 -1.98106959e-01  2.74811555e-02  1.25913128e-01
 -5.35370037e-02 -9.23736487e-03  5.97697683e-03  6.90536946e-02
 -8.15992877e-02 -8.93449709e-02  5.11076488e-02 -5.33128856e-03
 -6.60207644e-02  1.48636684e-01  1.50444329e-01  1.09392278e-01
 -1.00092709e-01  1.08884741e-03 -7.67112449e-02  3.13617699e-02
 -4.90631461e-02  3.59321274e-02 -6.81002364e-02  9.28474590e-03
 -9.27729905e-02 -1.26738148e-02  1.53571680e-01 -1.58946514e-01
  4.95658331e-02 -1.49649754e-01  2.66993474e-02 -2.53457092e-02
 -1.51046306e-01  2.49579802e-01  9.76678729e-02  1.09484322e-01
 -4.22325497e-03 -8.49054009e-02 -2.65182592e-02  1.33928256e-02
 -3.00725866e-02 -1.69685781e-02 -9.38156322e-02  6.83921129e-02
  5.17360754e-02  2.54692156e-02  1.05585597e-01  1.01140708e-01
 -4.82582152e-02  4.53417376e-02 -5.33714779e-02 -1.02565028e-01
 -4.03735153e-02  1.21224254e-01 -4.81507070e-02 -1.80994555e-01
 -9.47863907e-02  8.40074643e-02  8.32258817e-03 -1.06577121e-01
 -8.26711729e-02 -1.86374516e-03 -4.75719683e-02  4.62549552e-02
 -1.55061204e-03  1.10799380e-01 -4.02852036e-02 -3.72773297e-02
 -5.83169889e-03  7.75386319e-02  4.28967923e-02 -1.74708273e-02
 -9.63040963e-02  2.84922123e-02  6.46670014e-02 -4.58819754e-02
  7.56042823e-02  1.23052076e-01 -2.17840448e-02  1.62671600e-02
 -1.48095759e-02  1.47416040e-01  3.20417695e-02  1.02045983e-01
  5.56852259e-02 -9.18123126e-02  6.90276094e-04 -3.90656777e-02
  1.52252182e-01  4.11468744e-02  1.51499242e-01  5.24214990e-02]