[ 0.04821053  0.22638589  0.10666595 -0.09913131  0.03415754  0.05367246
 -0.0533472  -0.09150031  0.06227726 -0.13254474  0.10718284 -0.10078143
 -0.07354672  0.0338054   0.07547421 -0.02880487 -0.03858186 -0.06427581
 -0.07614546 -0.08245831  0.05334808  0.21272233 -0.04627256 -0.09567809
  0.08000653 -0.06606727  0.05191988  0.15895832  0.15669389  0.06002159
  0.03604647 -0.15154143  0.03178106  0.0080123   0.09427721  0.04077508
  0.07844552 -0.01382069  0.13227147  0.05875942 -0.00781127  0.01786877
  0.01401019 -0.00431906  0.00820993  0.15797676 -0.0228153  -0.00067171
 -0.09605213 -0.02045813 -0.12637822  0.25922802 -0.05252776  0.0440424
 -0.07487983 -0.04475812 -0.06544854 -0.00093015 -0.21833016  0.02355714
 -0.07829358 -0.03838579  0.09744719  0.03380572 -0.06017661  0.00682354
  0.03909653  0.07736304 -0.00514011  0.10998198  0.13023697 -0.05165396
 -0.02853243 -0.08442233  0.13190566  0.00943599 -0.07069609 -0.03033091
 -0.04385996  0.05168954  0.09340911  0.1087136   0.0826592   0.10679877
  0.0368933   0.04311575 -0.05629763 -0.02718951 -0.08250681  0.14621833
  0.11160864 -0.15445982 -0.08187171  0.12125713 -0.02324374 -0.15510398
 -0.07288869 -0.03091484  0.02124053 -0.02510902 -0.041031    0.06154683
 -0.02856172 -0.00711121 -0.07553024  0.11154249  0.06940491  0.0885547
  0.08948789 -0.08053838  0.11993521 -0.08248281 -0.13830948  0.1748606
  0.04071372  0.01507889 -0.10964564  0.03609106  0.04155523  0.03995671
  0.0582477   0.01824392 -0.01126229  0.06433399  0.12990463 -0.00935929
  0.18813279  0.0061967 ]