[ 0.10749678  0.25542074  0.04708665  0.02211373  0.07397036  0.20334023
  0.04436697 -0.06770102  0.01808559 -0.03295304  0.11665508 -0.04628183
 -0.04556266 -0.00438167  0.0559639  -0.03756185  0.00034196 -0.0286698
 -0.09103399 -0.0870264   0.06328326  0.15227821 -0.07749826 -0.0540043
  0.09499452 -0.19177924 -0.06409454  0.10776364  0.07928614  0.1207614
  0.00218733 -0.09668988 -0.112052    0.01970509  0.04689276  0.05809509
  0.0173617  -0.1492921   0.03657613  0.0783365  -0.01289779  0.03328802
 -0.00738704 -0.02174973 -0.02770613  0.10491894  0.00238594  0.00117361
 -0.06492041  0.02950387  0.08625131  0.23650326 -0.17626078  0.00073882
 -0.02330054 -0.0222756  -0.11782397  0.00229272 -0.08953613  0.05841034
 -0.04067439 -0.02901446  0.07418051 -0.15597756  0.03522404 -0.09536207
  0.07353982  0.07530874 -0.05240786  0.22344011  0.16876979  0.1537098
  0.02804741 -0.07837792 -0.01883988  0.06687278 -0.00422959  0.0515315
 -0.08001715  0.01355651  0.08435748  0.06399341  0.07386556  0.08918358
  0.01690614  0.03208199 -0.02397371 -0.07209726 -0.0563194   0.13772666
  0.00079684 -0.16629615 -0.10872906  0.07731768 -0.06367864 -0.14686891
  0.01795255 -0.12366772  0.01489442  0.05572429 -0.0054856   0.14193597
 -0.01541301 -0.03302839 -0.13105908  0.10104045  0.01134513  0.06437761
 -0.01801874  0.03699517  0.0886611  -0.06904426 -0.07585178  0.11291714
  0.04688874  0.00513743 -0.07589281  0.0963924  -0.03094679  0.05332796
 -0.0067503   0.0141274   0.04844805  0.09316408  0.20522299  0.01932358
  0.16170587 -0.01847204]