[ 0.04084187  0.26194695  0.0925809  -0.10651863  0.02221105  0.09298304
 -0.02405019 -0.02554667  0.09206646 -0.07762869  0.1195031  -0.1092544
 -0.06925545  0.00869303  0.09392689 -0.03583994 -0.01659185 -0.06249448
 -0.12647077 -0.11499865  0.0138751   0.19850737 -0.05107519 -0.07397745
  0.07645027 -0.13141824  0.07993242  0.18685937  0.1491182   0.02245808
  0.06564216 -0.15362318 -0.00041802  0.02973174  0.04647182  0.03590553
  0.05913119 -0.03592894  0.0714352   0.11040049  0.00125926  0.00740551
 -0.0147612   0.01406149  0.02007438  0.11668636 -0.05682889  0.01669106
 -0.10295089 -0.00398174 -0.08130701  0.24696638 -0.11686763 -0.00554411
 -0.12455723 -0.01708112 -0.13452215  0.01638461 -0.17975827  0.03618305
 -0.11769404 -0.05587572  0.08262918 -0.02401631 -0.05298606  0.0003081
  0.04822646  0.08275625 -0.05600005  0.1436903   0.13473113 -0.00988941
 -0.01253534 -0.07274394  0.09890752 -0.00138964 -0.04169151 -0.00172442
 -0.06797001  0.01425904  0.0680646   0.0675744   0.06721091  0.08105095
  0.01411761  0.03613989 -0.04297862 -0.05423038 -0.0523786   0.14337204
  0.07489188 -0.18027534 -0.09833679  0.09625551  0.02736256 -0.11371251
 -0.05963534 -0.09764688 -0.0047142   0.00769299 -0.06940371  0.04302474
 -0.05165871  0.00863057 -0.09070283  0.09830204  0.02358977  0.05810156
  0.06880119 -0.09235973  0.11466249 -0.02669341 -0.10461228  0.19300297
  0.05518678 -0.02571578 -0.10610594  0.05994257  0.0813646   0.05807229
  0.05439736  0.01173839 -0.01279623  0.11741059  0.17750859 -0.04645477
  0.14828961 -0.04121768]