[ 5.42590059e-02  2.06434891e-01  6.41361102e-02 -1.19462982e-03
 -1.88057908e-04  1.98999345e-01 -8.25733915e-02 -3.38972658e-02
  3.01088337e-02 -3.77542861e-02  1.54849783e-01 -9.08073410e-03
 -2.54937988e-02 -9.96216834e-02  4.01330143e-02 -4.07449380e-02
 -3.61641832e-02  8.49010199e-02 -7.38472864e-02 -4.22533415e-02
  7.20140189e-02  1.28793985e-01  5.61465472e-02  1.15004964e-01
  1.06209584e-01 -1.83868438e-01  1.16180055e-01  7.71858543e-02
  8.05045888e-02  6.36974648e-02  8.67854729e-02 -2.27309585e-01
  2.36589387e-02  6.53821081e-02  4.79238145e-02 -3.08493096e-02
 -1.24262758e-02 -8.74842480e-02  3.44681628e-02  8.92568901e-02
 -3.92778851e-02 -3.47241312e-02  1.40400417e-02  8.27369466e-02
 -8.97639245e-02 -2.15484947e-01  2.24949643e-02  2.80379485e-02
 -4.99059632e-02  1.66249618e-01  1.12169504e-01  8.90228674e-02
 -8.91257077e-02 -4.26947884e-03 -9.07050818e-02  2.57806163e-02
 -7.40195140e-02  5.19524626e-02 -7.03516081e-02 -7.23478794e-02
 -1.70778066e-01 -5.77065796e-02  1.50886863e-01 -1.21260487e-01
 -2.33971048e-02 -3.39339636e-02  2.94817500e-02 -9.08563435e-02
 -2.13977903e-01  1.53240144e-01  3.04915365e-02  4.47377264e-02
 -1.35515770e-02 -2.24535149e-02  3.41642871e-02 -9.51341018e-02
  4.18738602e-03 -4.93060648e-02 -2.58532278e-02  1.20748691e-01
  4.79534790e-02 -1.39245521e-02  1.30313292e-01  5.14223725e-02
  3.42460051e-02  8.63330252e-03 -7.01598376e-02 -6.23788498e-02
  4.09433320e-02  1.21686168e-01 -1.96652114e-03 -1.83605552e-01
 -8.31453204e-02  9.06827822e-02  2.99423840e-02 -1.34630680e-01
 -1.36104167e-01  4.48412634e-02 -8.09810907e-02 -5.85623411e-03
 -8.19743145e-03  8.49436298e-02 -2.12025177e-02  1.75632630e-02
 -2.87134014e-03  1.04180492e-01  8.18121061e-02 -3.50235514e-02
  4.37158532e-02 -6.05412275e-02  5.89614064e-02  4.80816774e-02
  4.50619683e-02  1.82097569e-01 -3.10040894e-03 -2.05484964e-02
  1.17127830e-02  1.37693316e-01  6.74789399e-02  1.18151687e-01
  6.78754598e-02 -1.01712346e-01 -4.21337187e-02 -2.27645058e-02
  1.02067403e-01  2.02532206e-02  1.75904110e-01  4.65333015e-02]