[ 1.01486579e-01  2.86776751e-01  5.68025149e-02  5.46044037e-02
  1.52982641e-02  1.89184785e-01 -6.44322485e-02 -1.36165172e-01
  5.97306639e-02 -4.45722230e-02  9.87113342e-02 -9.32857394e-02
 -7.77469873e-02 -5.47101423e-02 -1.04434565e-02  1.70139838e-02
 -6.92916615e-03  1.79703292e-02 -1.07218914e-01 -9.77388695e-02
  5.59346676e-02  1.22607082e-01 -5.47116809e-02 -2.74866167e-02
  1.13343805e-01 -2.01357484e-01 -8.23300611e-03  1.19270489e-01
  5.32200374e-02  1.00585073e-01  2.28006896e-02 -8.21283460e-02
 -8.78583193e-02  8.94358102e-03  6.21129572e-02  2.13374328e-02
  2.17582863e-02 -1.53499037e-01  8.84246901e-02  3.84395383e-02
 -7.78630376e-02 -3.69683392e-02 -3.22918780e-03 -9.43151340e-02
  7.69423693e-02  9.52985808e-02 -1.56299397e-02  2.83617973e-02
 -1.16163038e-01  3.20701301e-02  1.03167176e-01  2.61164814e-01
 -5.10693192e-02 -4.98779817e-03 -9.68451649e-02 -4.49283943e-02
 -2.39382219e-02 -8.80668312e-02 -5.26754037e-02 -1.66040566e-02
 -1.60770622e-04  3.07770222e-02  4.37088422e-02 -1.20503813e-01
 -4.32315134e-02 -3.12891826e-02  5.00761718e-02  8.59489664e-02
 -8.12449232e-02  2.00608313e-01  1.13090269e-01  5.56444265e-02
 -2.28929408e-02 -1.28041565e-01  1.18240444e-02  4.09882888e-02
  4.95869946e-03  1.25027122e-02 -9.26790312e-02  6.05941005e-02
  9.64523032e-02  8.25459510e-02  4.55034524e-02  6.19485825e-02
  2.66690534e-02  1.07399099e-01 -1.22125626e-01 -8.95044506e-02
 -7.01912269e-02  1.66015252e-01 -1.58559494e-02 -1.48114979e-01
 -8.04662257e-02  1.44490093e-01 -7.98171684e-02 -8.37903321e-02
 -1.73327159e-02 -8.29752758e-02  2.94167232e-02  7.30993086e-03
  8.76383111e-02  9.04956013e-02 -6.27740100e-02 -5.34369319e-04
 -2.62420662e-02  6.93861172e-02  5.59558682e-02  4.48878296e-02
 -4.52730283e-02  3.76854725e-02  6.33016452e-02 -4.50622067e-02
  6.01259246e-03  1.06604896e-01  3.68673354e-02 -4.66780318e-03
 -1.87096506e-01  1.66344732e-01 -7.11433915e-03  6.17197622e-03
 -3.38897901e-03 -8.72156490e-03  5.68055063e-02  1.36725008e-02
  2.26560906e-01  3.78169045e-02  1.48168981e-01 -5.26501611e-02]