[-1.75908506e-02  2.96317667e-01  1.83446124e-01 -4.60422635e-02
  1.31263584e-02  3.27969939e-02 -2.34951079e-02 -5.38954623e-02
  7.36880749e-02 -3.87264341e-02  3.61732841e-02 -8.37635472e-02
 -2.28181165e-02 -7.88198411e-02  3.72361839e-02  3.49008776e-02
 -4.89162765e-02 -4.70009223e-02 -1.76883996e-01 -4.46568578e-02
  9.13960859e-02  1.12184480e-01 -1.28991395e-01 -4.12692390e-02
  4.99754436e-02 -7.80171826e-02 -9.04756784e-02  1.23692758e-01
  1.54523924e-01  9.22399536e-02  7.84055330e-03 -3.37517746e-02
  1.17079755e-02  5.08432686e-02  8.60433429e-02 -2.89594084e-02
  1.18223839e-01  1.01377126e-02  1.13099284e-01 -2.89472733e-02
 -3.25176609e-03 -6.44156933e-02  8.61759782e-02 -1.18648402e-01
  1.43178582e-01  1.54708713e-01  3.36273871e-02  6.88274344e-03
 -1.90318748e-01 -6.51610047e-02 -6.46882504e-02  1.82758868e-01
 -1.18416771e-02  1.97374094e-02 -6.77334750e-03 -2.01201048e-02
 -7.82037675e-02 -1.10706478e-01 -1.55149356e-01 -7.46505260e-02
 -8.58159736e-03 -1.22100599e-02 -2.91210972e-02  2.25132797e-02
 -7.22078532e-02  8.39922875e-02  9.38450824e-03  6.89190105e-02
 -6.49938956e-02 -2.07125805e-02  8.68576020e-02 -8.17807019e-02
 -5.66978082e-02 -1.06065542e-01  1.42041534e-01  8.65665972e-02
 -4.49004136e-02  2.19813995e-02  3.98353599e-02  6.34537563e-02
  7.13008642e-02  1.15528651e-01  4.94465828e-02  1.31210104e-01
  5.43883890e-02  7.99061731e-02 -6.07757494e-02  1.17749553e-02
 -2.21049730e-02  1.86828211e-01  3.39494906e-02 -1.34226829e-01
 -5.19935824e-02  1.62300989e-01 -1.45469606e-01 -6.38409033e-02
 -4.23218347e-02 -4.34395559e-02  1.16676083e-02 -4.80308980e-02
  5.84281981e-02  1.52554484e-02 -8.32010955e-02  2.80625857e-02
 -6.75578788e-02  9.09784287e-02  3.68293524e-02  1.05879150e-01
  5.15311956e-02 -4.83088121e-02  6.05247617e-02 -6.27675876e-02
 -1.69299707e-01  9.42257866e-02  4.95659411e-02  4.58047452e-06
 -2.40164295e-01  6.25355691e-02 -4.61302400e-02 -1.00703772e-04
  2.52208523e-02  8.33601728e-02  1.38946660e-02  4.26145941e-02
  1.34738445e-01  5.45603968e-02  1.34548649e-01 -1.05104499e-01]