[ 9.68210995e-02  2.98190534e-01  5.19317389e-02  4.15805466e-02
 -3.57750840e-02  2.01183528e-01 -8.44006762e-02 -5.70002794e-02
  4.70044725e-02 -1.92263275e-02  1.66877508e-01 -8.16769749e-02
 -6.82815760e-02 -1.12488873e-01 -2.68332828e-02  2.94083394e-02
 -3.32618915e-02  4.43966612e-02 -1.03343613e-01 -7.72901401e-02
  9.60347578e-02  9.88529474e-02 -1.60971452e-02 -1.00562368e-02
  8.92191976e-02 -1.71187788e-01  5.15867583e-02  6.51204959e-02
  6.60147741e-02  7.70498216e-02  9.96662211e-03 -1.36207283e-01
 -5.06900810e-02  4.21837904e-02  3.63003910e-02  4.19290876e-03
  1.48023069e-02 -8.64427984e-02  8.26781169e-02  9.30828005e-02
 -1.20274849e-01 -5.04105911e-02 -3.32721584e-02 -3.41010652e-02
  5.12639992e-02 -1.05739255e-02  3.20583507e-02 -2.50250772e-02
 -1.52219787e-01  9.54983085e-02  1.22464910e-01  2.47516841e-01
 -1.38703823e-01  3.53273898e-02 -1.01813361e-01 -2.28911862e-02
 -2.66828411e-03 -9.17442217e-02 -6.72146901e-02 -4.82716337e-02
 -3.08739729e-02 -5.68903014e-02  1.07952327e-01 -1.52063280e-01
 -1.57743171e-02 -8.35560858e-02  5.78842051e-02  4.42435220e-02
 -7.89408758e-02  2.32818991e-01  7.64902681e-02  6.06339015e-02
 -3.66896912e-02 -6.80731609e-02  9.41121392e-03 -4.18695100e-02
  7.35347718e-03  5.59803098e-02 -9.98257473e-02  5.98345026e-02
  3.33455093e-02  6.09640926e-02  5.57583161e-02  4.10702378e-02
  4.45991987e-03  1.07310534e-01 -1.03590071e-01 -9.08677578e-02
  1.20664695e-02  1.33771017e-01 -2.56036166e-02 -1.84446663e-01
 -1.17678314e-01  1.32337272e-01 -1.39903706e-02 -1.00219883e-01
 -3.52645852e-02 -4.14096154e-02 -5.86251635e-03  2.93526147e-02
  1.73281804e-02  7.91299790e-02 -8.26815739e-02  3.17610838e-02
  2.02426519e-02  7.91917443e-02  6.88693821e-02  3.28564793e-02
 -2.42329556e-02 -3.30644697e-02  9.57494881e-03  8.23705085e-03
  1.26698026e-02  1.17332876e-01  8.08833987e-02 -1.65485851e-02
 -1.11342110e-01  9.46730524e-02  5.21751903e-02  2.07931269e-02
  3.50946770e-03  8.23322334e-05  7.87385106e-02  4.82718349e-02
  2.40268737e-01  8.16914067e-03  2.10547522e-01 -1.36919431e-02]