[ 7.85123184e-02  3.09904724e-01  1.42042592e-01  2.81406455e-02
 -4.90823016e-02  1.58431128e-01 -8.06317776e-02  1.83219649e-02
  5.82912378e-02 -3.86851542e-02  1.03727452e-01 -1.33659288e-01
 -6.49028048e-02 -1.07880220e-01  3.61416824e-02 -7.43466523e-03
 -7.58180302e-03 -1.25232628e-02 -1.31137535e-01 -3.97243053e-02
  7.10930228e-02  9.65247676e-02 -3.19256447e-02 -4.87146946e-03
  8.16714838e-02 -2.17602581e-01 -5.35712205e-03  1.23662561e-01
  8.05708542e-02  1.65431574e-02  4.42186631e-02 -1.60348848e-01
 -2.75505595e-02  6.27995729e-02  4.38701399e-02  9.09841154e-03
  6.68672100e-02 -4.90612425e-02  3.20890360e-02  3.39678228e-02
 -9.70814303e-02 -5.57930246e-02 -1.06511507e-02 -8.66992474e-02
  8.09727684e-02  2.14540884e-02  7.17058033e-03  4.50219586e-03
 -1.52290240e-01  1.26399845e-01  5.92823513e-02  2.36219272e-01
 -1.05317086e-01  3.49769704e-02 -7.46976137e-02 -5.74485287e-02
 -4.31562029e-02 -1.49121836e-01 -5.25353327e-02 -1.11120738e-01
 -4.22425084e-02 -1.09147374e-02  4.82635759e-03 -1.32861391e-01
 -6.44856170e-02 -1.34988297e-02  7.75196180e-02  2.41883416e-02
 -1.12576343e-01  1.53766811e-01  8.34763497e-02  1.46729080e-02
 -2.28188783e-02 -5.31873107e-02  4.96019572e-02 -3.15314159e-02
  2.00360958e-02  5.34199215e-02 -5.03874337e-03  8.23606849e-02
  3.46771479e-02  3.55976075e-02  4.56359833e-02  4.81105633e-02
  9.31139812e-02  8.41170549e-02 -1.40105814e-01 -3.75620984e-02
  4.58260141e-02  1.81189865e-01  4.81470954e-03 -1.62744522e-01
 -8.05388913e-02  1.34659097e-01 -5.42923510e-02 -1.02528989e-01
 -8.06658808e-03 -4.43410538e-02 -5.61019927e-02 -2.18269532e-03
  2.40176190e-02  7.95784071e-02 -8.21973681e-02  2.66328483e-04
 -2.85309255e-02  1.01232275e-01  7.20417425e-02  1.45492526e-02
  3.56730260e-02 -2.66464129e-02  3.05866674e-02  1.48725975e-02
 -2.36428212e-02  1.28477395e-01  5.83527088e-02 -4.36871089e-02
 -1.10043570e-01  8.71736556e-02  2.20699478e-02  1.46545228e-02
 -1.60227120e-02  2.88133323e-02  7.04382882e-02  7.14755058e-02
  2.47636363e-01 -2.58012824e-02  2.44585723e-01 -5.82352318e-02]