[ 0.08165137  0.27694398  0.00355437 -0.03794522 -0.02950568  0.18520457
 -0.06599658  0.01710486  0.06326594  0.06674946  0.1762591  -0.14310923
 -0.03707273 -0.0676643   0.03556255 -0.02083105 -0.00292507  0.03800996
 -0.07185785 -0.12282246  0.04379966  0.09728003 -0.00573497 -0.07503245
  0.07091402 -0.16642818  0.07334066  0.07205814  0.07998076  0.01334186
  0.02737932 -0.15789871 -0.04043303  0.00648135  0.0283157   0.01163433
  0.02826701 -0.05909772  0.09724163  0.11718606 -0.09465691 -0.04386828
 -0.13296711 -0.03324991  0.01190306  0.02476483 -0.05805144  0.0261438
 -0.11279795  0.02098563  0.05192532  0.30717835 -0.14184046  0.01886404
 -0.17857651 -0.02667937  0.0404804  -0.12661214 -0.09103876 -0.02674983
 -0.03812321 -0.07351144  0.08327705 -0.11632037 -0.05299846 -0.06719715
  0.07751358  0.15640336  0.02266279  0.20564298  0.10034075  0.05869666
 -0.04428744 -0.1092083   0.01669816 -0.02885388 -0.05413093  0.07307169
 -0.09192567  0.02682094 -0.02256913  0.05862644  0.06486242  0.05839213
  0.0134487   0.12038245 -0.04970981 -0.05699879  0.04158862  0.07155083
 -0.02144866 -0.14797322 -0.07860036  0.11755472 -0.02306048 -0.18087694
 -0.03597729 -0.0837719  -0.027667    0.01776874  0.05130252  0.06803322
 -0.06775592  0.00133565  0.03961455  0.05535903  0.06174689  0.01200204
  0.00898833 -0.0211934   0.02675895 -0.00187958  0.01278159  0.11236399
  0.07786629 -0.01337789 -0.15879126  0.05592576  0.06457385 -0.01326802
  0.0032757  -0.04042042  0.03940351  0.10184819  0.22838998 -0.03329397
  0.14309864  0.02148462]