[ 0.04235548  0.2927779   0.12558588 -0.00451819  0.05497275  0.16018456
 -0.0242599  -0.09107349  0.06303404 -0.07868404  0.01841777 -0.06972535
 -0.06150559 -0.0627792   0.03054198  0.04485434 -0.00414264  0.00821458
 -0.16089235 -0.10849404  0.09828331  0.13737418 -0.11015072  0.01769074
  0.09569297 -0.15342321 -0.04776086  0.09809837  0.09458742  0.11857845
  0.05146093  0.00096558 -0.04952333  0.07178285  0.0792945   0.01275782
  0.07640877 -0.1189584   0.05657888 -0.01972309 -0.00423924 -0.05456804
  0.11770794 -0.07668442  0.13876522  0.14002904  0.06079883  0.00704265
 -0.21740702 -0.0412942   0.04301477  0.1310875  -0.00700119 -0.03026197
 -0.01795255  0.0329348  -0.11449119 -0.01046833 -0.07851337 -0.05855823
 -0.02103076  0.03910393  0.00941971 -0.10637257 -0.00172267  0.04544017
 -0.00547336  0.03357961 -0.13741995  0.14490621  0.06637445 -0.01166489
 -0.06243951 -0.14784083  0.05213663  0.07851168  0.01063544  0.02900322
 -0.05078679 -0.00495156  0.08710318  0.13735834  0.00859068  0.05697811
  0.00908431  0.06937201 -0.09317148 -0.06687593 -0.09223731  0.24584886
  0.04355882 -0.1675037  -0.12753443  0.12530866 -0.05045762  0.06473879
 -0.02010603 -0.03905622  0.03011371  0.0215912   0.0500521   0.02977206
 -0.09057165  0.03738678 -0.1138686   0.08449027 -0.02657204  0.03737156
 -0.05778297 -0.04360325  0.0694958  -0.0371123  -0.08995002  0.0539767
  0.09231384 -0.01749252 -0.20543265  0.07760557  0.00114667  0.04994737
  0.07188096  0.05114868  0.06209022  0.03016514  0.17152742  0.05184826
  0.12842156 -0.14713968]