[ 1.43843386e-02  1.77914008e-01 -1.58717632e-01 -4.26313356e-02
 -6.56506345e-02  6.97269440e-02  5.31279817e-02 -1.90565318e-01
 -1.45830419e-02  2.56819576e-02  7.49400705e-02  1.73438098e-02
  2.47699041e-02  3.08953822e-02 -7.69001693e-02 -2.60442849e-02
 -1.10071354e-01 -7.03260377e-02  5.16361296e-02 -9.65940654e-02
 -1.97201688e-02  6.69678375e-02 -2.27906510e-01 -7.47067705e-02
 -2.75577549e-02  1.50379136e-01 -3.74710374e-02 -2.56981049e-02
  8.49758387e-02  2.39917204e-01 -7.14567527e-02  1.32247478e-01
 -9.95837301e-02 -8.04381222e-02  2.31604967e-02  5.23639694e-02
 -4.39537549e-03 -6.52364790e-02  1.75162241e-01  9.28229466e-02
 -1.99253745e-02 -6.88621774e-02 -1.62176997e-03  7.59292245e-02
  8.65340903e-02  1.41529813e-01  1.02348737e-01 -8.24624579e-03
 -1.24025322e-01 -2.02990994e-01 -1.01173222e-02  1.63596779e-01
  1.15903849e-02  5.68660349e-03  4.16079164e-02  7.78426901e-02
 -1.13037631e-01  1.43688902e-01 -8.90290365e-02  6.08591177e-02
 -5.52825531e-06 -2.50752866e-02  2.20449015e-01  9.88630112e-03
 -2.14669332e-02 -3.69406567e-04  1.01128094e-01  5.77867450e-03
  7.58399516e-02 -3.94965224e-02  3.69499139e-02 -1.55924000e-02
 -1.91534590e-02  8.37558880e-03  4.59144413e-02  1.84749402e-02
 -6.47266060e-02 -4.04387712e-02 -9.75688621e-02  2.68605258e-02
  1.21999905e-01  1.02287501e-01 -3.00664920e-02 -4.53959452e-03
 -9.70053077e-02  3.63514349e-02  4.25615124e-02 -1.67325750e-01
 -3.54439504e-02  2.50707958e-02  1.36527873e-03 -1.04274333e-01
 -2.33528540e-02  4.94608618e-02 -5.75621128e-02 -2.42176857e-02
  4.54958379e-02 -1.08184189e-01  1.83300808e-01  3.20126489e-02
 -1.56124467e-02  9.25341696e-02 -9.76516493e-03  3.31507511e-02
 -1.83081999e-01  8.74823779e-02 -4.46391851e-02  1.33241355e-01
 -1.32599980e-01  4.35943455e-02  1.38182446e-01 -9.77098867e-02
 -1.70713544e-01 -7.33346343e-02 -1.55130075e-02  4.14895974e-02
 -8.23239833e-02 -5.71222119e-02  6.94607571e-02 -8.22675228e-02
  7.18952715e-02 -8.16335678e-02  8.14704672e-02 -1.09219411e-02
 -2.70490273e-04  7.22370520e-02 -3.32741030e-02 -8.75798054e-03]