[ 0.00653829  0.18346304  0.03598785 -0.03965877  0.0315903   0.09164185
 -0.00294731 -0.16048241 -0.19344303 -0.00377633  0.08087636 -0.03760796
  0.01203531  0.0147683   0.07713938  0.00854471 -0.14061649 -0.07071207
  0.0477959  -0.00639874  0.02155721  0.01619011 -0.0462246  -0.09579621
  0.1118599   0.06622522 -0.08194113  0.02760032  0.13553445  0.07903752
 -0.04314175 -0.01842802 -0.06656459 -0.03003418  0.05766083  0.02317006
 -0.02718069 -0.03361611  0.22581777 -0.00156798  0.03736388 -0.08652266
  0.07946756 -0.04867025 -0.04269621  0.12913758  0.12445313  0.00036022
 -0.22177811 -0.11302684 -0.10015572  0.09692179  0.01389953  0.0345377
 -0.00526936 -0.00862597 -0.04232938  0.10063224 -0.14881031  0.0116697
 -0.04427076  0.08605093  0.1574637   0.00745755  0.02127394  0.24417938
 -0.00633784  0.04361604 -0.03488309 -0.08202763  0.04045407  0.05741266
 -0.01569272  0.01468196  0.20019859  0.01211318 -0.07581032 -0.13710624
  0.04741338  0.12025283  0.09000726  0.00998812  0.05483868  0.03717246
 -0.09997861  0.08064542 -0.01711348 -0.03526964 -0.03510294  0.06424981
  0.11698202 -0.04546792 -0.00740248  0.13617429 -0.14794815 -0.1403946
 -0.0257887   0.05891656  0.07177886 -0.0596075  -0.0368112   0.02448933
  0.01181393 -0.01497477 -0.0997555   0.21806102  0.0747939   0.21881245
  0.04999518 -0.06047995  0.13111718 -0.02687312 -0.08885393  0.02586087
  0.01582931  0.0208734  -0.18348959  0.11392356  0.02806474  0.01023451
  0.02800681 -0.13473688 -0.00528184 -0.02917822 -0.01234016  0.14675179
  0.06204742  0.01163436]