[ 0.01939379  0.1412091  -0.11651508 -0.08599404 -0.01800249  0.11848298
  0.00141038 -0.183201   -0.06640344  0.00209373  0.12042022 -0.00725934
 -0.01400639  0.06322652  0.01060801  0.00168784 -0.11540215 -0.04447146
  0.1064551  -0.13310061 -0.01557566  0.11544173 -0.12434603 -0.04328839
  0.04161699  0.14180443  0.09027755 -0.02340687  0.09922495  0.15727741
 -0.048562   -0.03061402 -0.0469911  -0.09110545  0.03737674  0.06715169
 -0.03174606 -0.10765986  0.18001719  0.11963309 -0.00956748 -0.03580687
  0.00192105  0.10967384 -0.00225341  0.12736665  0.1052969  -0.03955377
 -0.15922789 -0.19448294 -0.04564884  0.07600147  0.01772292 -0.00117659
 -0.014986    0.10425401 -0.07757078  0.22407162 -0.11188489  0.09120972
 -0.05866159 -0.0138625   0.26901722  0.00946608  0.03496333  0.07104152
  0.03454557  0.01754082  0.06017489  0.01366072  0.04358995  0.01637465
 -0.0320187  -0.06565737  0.11593381  0.00590693 -0.09440113 -0.05446491
 -0.10665524 -0.00244039  0.11996971  0.08808576 -0.00139425 -0.00155763
 -0.14020103  0.06372391  0.02962995 -0.16013113 -0.09704421  0.03908243
  0.05070256 -0.09364007 -0.06899572  0.05985412 -0.00400522 -0.02242736
 -0.02575808 -0.03464828  0.17799094  0.03782456 -0.06495228  0.04081205
  0.01616198 -0.03419136 -0.1627918   0.13587937 -0.00913509  0.07276034
 -0.11895978 -0.05093619  0.17632543 -0.06888106 -0.04092039 -0.05593749
  0.01287621  0.05961284 -0.11086557 -0.00122914  0.05801562 -0.05050645
  0.10012056 -0.16084671  0.03528606 -0.03252736 -0.01734837  0.13553043
 -0.01840804  0.04143555]