[ 0.01152545  0.18785094 -0.15004335 -0.07437038  0.03653635  0.11433909
  0.00576603 -0.20426501  0.05596519 -0.02756034  0.09062541  0.02104237
 -0.00282019  0.0206797  -0.00687478  0.01138562 -0.11276887 -0.03924476
 -0.00683892 -0.14593832 -0.01341153  0.14970602 -0.12845902 -0.10708123
  0.07144116  0.0506558   0.06367727  0.01667028  0.06859401  0.21727149
  0.00968252  0.08059241 -0.0101747  -0.03704324  0.04042109  0.03801395
  0.03678244 -0.14719486  0.19236481  0.0895428   0.05718369 -0.0867015
  0.07381607  0.10658001 -0.01164994  0.10260887  0.05741213  0.00158478
 -0.07652969 -0.15713672 -0.02492824  0.1257311   0.01661489 -0.00431175
 -0.04451048  0.08378511 -0.11311189  0.11683185 -0.14678065  0.09024846
 -0.10277157 -0.07660178  0.20132147 -0.00537629 -0.01263664  0.01586387
  0.02015842  0.04427882  0.02415527  0.00826108  0.05043272 -0.00633375
 -0.05715983 -0.10985636  0.08659827  0.05907246 -0.07121347 -0.08852325
 -0.17375433  0.05385177  0.14345101  0.09261416  0.05010572  0.09531348
 -0.10931338  0.09072593  0.03133874 -0.14835495 -0.10991898  0.07300367
  0.00417232 -0.15419272 -0.1115557   0.063984   -0.05172275 -0.03291283
 -0.08030172 -0.05274493  0.14333935  0.0094837  -0.0202332   0.0152859
  0.02500385  0.04267539 -0.11846916  0.06623793 -0.04299685  0.15735048
 -0.12541045  0.00603524  0.11828222 -0.11499424 -0.13887864  0.02068198
 -0.02402881  0.0105002  -0.10680766  0.0448367   0.09619756  0.0241908
  0.16000126 -0.0861232   0.03322499  0.00685849  0.03969008  0.03430161
 -0.00168366  0.04104571]