[ 0.06758923  0.1256469  -0.12585033 -0.05165813 -0.06049129  0.05340599
 -0.02664955 -0.16048081 -0.07302774  0.00408449  0.12574606 -0.03920279
  0.02310307  0.08377914  0.01012557 -0.01373717 -0.02711321 -0.0793104
  0.08770072 -0.07765538 -0.04651257  0.09147975 -0.14688933 -0.15547977
  0.00636859  0.10952824  0.01160931  0.01465401  0.01992303  0.14006285
 -0.07900783  0.05482153 -0.03725941 -0.07644162  0.02719636  0.07241534
  0.01587999 -0.07859778  0.22999427  0.08545023 -0.05605767 -0.04429166
 -0.05513164 -0.03948882  0.06934831  0.20952827  0.02636219 -0.02587233
 -0.15413164 -0.19522235 -0.06375603  0.17271402  0.04166586  0.03704567
 -0.09004172  0.01637106 -0.06264052  0.04484667 -0.13811857  0.12633252
  0.01748073  0.01315493  0.13988963 -0.00439766 -0.03412839  0.06362306
  0.0798624   0.13086127  0.10056663 -0.07777517  0.08876869 -0.0666162
 -0.03842615 -0.10597225  0.07985691  0.05842797 -0.07786652 -0.10340209
 -0.09219184  0.07069626  0.0735745   0.029768   -0.03210054 -0.00576531
 -0.1138327   0.13599266  0.00173541 -0.19099298 -0.1034087   0.01509476
  0.01366446 -0.08993969  0.00548899  0.15747955 -0.09368381 -0.06143481
  0.01781534 -0.13426244  0.12415041  0.00272348 -0.01231391  0.06556259
 -0.03107263 -0.01597327 -0.0894696   0.11434338  0.03373027  0.13122213
 -0.12921284  0.00352922  0.10196958 -0.1561878  -0.08463351 -0.04641574
 -0.00804035  0.02450155 -0.19307296  0.00995133  0.0548346  -0.0984148
  0.0183046  -0.12678358  0.04388994  0.02202608  0.12824447  0.05811385
  0.00799373 -0.00901006]