[ 6.33923635e-02  1.65646657e-01 -6.57913908e-02 -1.37655400e-02
 -6.45430833e-02  1.24912664e-01  6.17537387e-02 -1.67974249e-01
 -8.81701410e-02  6.64493628e-03  1.21870555e-01  1.46439653e-02
  3.62414983e-03 -3.23592164e-02 -5.77290058e-02 -5.63744530e-02
 -1.45477340e-01 -2.42349245e-02  2.98306588e-02 -1.04029492e-01
  2.49067415e-02  4.20363098e-02 -1.82978645e-01 -7.82239810e-02
  2.87576113e-02  1.03690416e-01  7.35222638e-05 -4.47225310e-02
  3.46456580e-02  1.91556677e-01 -9.99924093e-02  2.70605981e-02
 -9.77210104e-02 -2.52558030e-02  6.84717745e-02 -9.35898977e-04
 -4.39436957e-02 -8.41967836e-02  1.69435412e-01  2.69656572e-02
 -5.50905801e-03 -1.29220739e-01 -1.06915261e-03  1.01876408e-01
  1.57566164e-02  1.44351944e-01  9.41014290e-02 -3.15388106e-02
 -2.30341747e-01 -1.69126734e-01  2.68780328e-02  1.61925614e-01
 -6.93509169e-03  2.43383180e-02  3.10033020e-02  5.49510568e-02
 -1.04174152e-01  1.10518977e-01 -1.06531724e-01  3.81184444e-02
  1.95659827e-02 -4.04286534e-02  2.21867993e-01  1.74269509e-02
  3.96492630e-02  1.59278810e-02  4.60911207e-02  2.12908983e-02
  1.68888643e-02  3.21315303e-02  4.22743745e-02 -2.86428519e-02
 -2.89683677e-02 -7.18524009e-02  3.81088704e-02  1.94281992e-02
 -6.78739026e-02 -5.73570244e-02 -6.82827085e-02  9.34388861e-02
  4.52583358e-02  1.82797480e-02  6.86231256e-03 -1.45810554e-02
 -1.47184551e-01  3.05432566e-02  5.04239947e-02 -1.64269105e-01
 -4.66888472e-02  9.28329453e-02  2.39154566e-02 -1.38262585e-01
 -4.49918211e-02  6.88328519e-02 -1.44239351e-01 -5.96374050e-02
  4.30421419e-02 -9.18899253e-02  1.78673401e-01 -1.09085729e-02
  1.85871404e-02  1.56275362e-01 -1.45657146e-02  8.67924839e-03
 -9.19730067e-02  7.95960501e-02  8.45013093e-03  2.01313034e-01
 -1.26261875e-01 -2.82189120e-02  1.39069483e-01 -8.08785856e-02
 -1.51665136e-01 -6.11140095e-02  4.32630703e-02  4.07640338e-02
 -1.39553204e-01 -1.37844700e-02  8.84904042e-02 -4.05534767e-02
  6.29600286e-02 -1.28867969e-01  3.85860726e-02 -5.53017156e-03
  1.26587346e-01  9.14454982e-02  8.30544531e-02 -9.01390519e-03]