[ 0.01054421  0.11377979 -0.04960462 -0.05283779  0.02109763  0.09089649
 -0.00191916 -0.24167697 -0.05923882 -0.05479746  0.06737095  0.02812942
 -0.05969593  0.08555115  0.00944821 -0.02902707 -0.12839079 -0.05101679
  0.09236568 -0.07612577 -0.05863169  0.15412447 -0.12459855 -0.04049552
  0.0140761   0.1059081   0.0507032   0.03599819  0.02872267  0.15113828
 -0.07271937 -0.09087727 -0.05644529 -0.08364869  0.09711289  0.13137586
 -0.0273062  -0.16154103  0.10626659  0.0800343  -0.01268765  0.00814892
  0.04861484  0.07693858 -0.01618493  0.21306209  0.10580883  0.00126628
 -0.11639644 -0.08717965 -0.05210153  0.06279199  0.01148498  0.00667618
  0.07245969  0.06988041 -0.13487005  0.19768988 -0.12445489  0.13929148
 -0.03421817  0.05107121  0.23391032  0.00812262  0.07148439  0.0136214
  0.01020676 -0.00061665  0.01148502  0.07397477  0.10362326  0.02694498
  0.01570568 -0.04505824  0.08084009  0.06427114 -0.0711715  -0.0486856
 -0.06069578 -0.03696286  0.17737579  0.08376101 -0.02287537  0.02241095
 -0.14603725  0.02001887 -0.01099889 -0.12443959 -0.1198235   0.1281359
  0.07701232 -0.07494839 -0.02412299  0.04909537 -0.02681004 -0.01095167
 -0.0090025  -0.0604261   0.1884433   0.02135491 -0.04893055  0.0907345
  0.00279711 -0.13956362 -0.15465505  0.14240424  0.00320214  0.03375513
 -0.13891646  0.05048717  0.19878246 -0.1040898  -0.00731957 -0.02575723
 -0.03276167  0.06619526 -0.04806668  0.04649624 -0.00662109 -0.02641423
  0.07941671 -0.14347304  0.0493046  -0.03528517 -0.01278018  0.15301068
  0.03521497  0.00446441]