[-0.00326287  0.16890517  0.08516701 -0.24326201  0.10702692  0.11597674
 -0.03269481  0.01471091 -0.0513542  -0.06288227 -0.01699643 -0.07614023
 -0.00038816  0.149221    0.15911105 -0.02249013 -0.05813808 -0.05915568
 -0.03805505 -0.10724671  0.03198992  0.25765616  0.0196361  -0.13197182
  0.03080861 -0.06643112  0.0471494   0.18808189  0.11750139  0.0396191
 -0.00084456 -0.18666069  0.02097502  0.01214373  0.06966633  0.0508182
  0.05445549 -0.05920905  0.06482874  0.11150575 -0.00486332  0.08551395
  0.09727888  0.01846132 -0.07172137  0.11466257  0.01601266  0.01920293
 -0.0772936   0.07208987 -0.08350962  0.09022122 -0.11742546  0.07208876
 -0.02754074  0.0123898  -0.04390923  0.1030321  -0.15989245  0.01376887
 -0.08420207  0.05038283  0.07937018  0.00834784 -0.02699452  0.02646559
 -0.01543206  0.1311413  -0.02054008  0.12840539  0.1601568   0.06188023
  0.00419036 -0.05730006  0.09873417  0.08728436 -0.08104107 -0.09494559
  0.01612525 -0.07307222  0.14448978  0.08923645  0.11919425  0.16330902
 -0.0275758  -0.00883457 -0.00344368  0.02076181  0.00488597  0.16013646
  0.09351922 -0.13194504 -0.08163896  0.06113766  0.0199629  -0.0956699
 -0.08360825  0.08649307 -0.04425463  0.02224052 -0.0610975   0.05971009
  0.01644948 -0.05615671 -0.17530429  0.12344542 -0.10184829 -0.01363662
  0.03131823 -0.07395963  0.17428219 -0.06865033 -0.08384334  0.16505608
 -0.00608641  0.04578815  0.01556963  0.06812119 -0.01905212  0.07531488
  0.11570588 -0.04451784  0.03659934  0.00964009 -0.01189334 -0.00783923
  0.10393543  0.03818773]