[-0.0367328   0.13607234  0.13085777 -0.15154938 -0.00380692 -0.04570961
 -0.06074595  0.04594675  0.06330471 -0.02289038  0.0351456  -0.1159854
  0.0065621   0.11385199  0.06226594  0.08516578  0.00216094 -0.02221753
 -0.0752518  -0.11983003  0.15327255  0.14448728 -0.06748647 -0.11075712
  0.01546872  0.06021036  0.02140668  0.04480318  0.06994856  0.06230341
 -0.03934342 -0.05316816  0.09146491  0.03273148  0.06130802  0.01765512
  0.12391115  0.11304294  0.097321    0.04384954 -0.06239254  0.05149741
  0.05079746 -0.03631431  0.13073115  0.18797716  0.01215603 -0.10797811
 -0.12359337 -0.15680508 -0.04328173  0.11316606 -0.05837755  0.09684699
  0.00628033  0.02775545  0.05332809 -0.09841269 -0.10381477 -0.05675082
  0.06656658 -0.13561927 -0.08692162  0.08547845 -0.01634061 -0.04760435
 -0.02105777  0.21517918  0.16989477  0.05752979  0.12666367 -0.08112618
 -0.06009994 -0.23506509  0.09654479  0.09589646 -0.12877288  0.09006602
 -0.04308004 -0.0612373  -0.00243745  0.1729129   0.05728104  0.12317247
 -0.03966611  0.06032662  0.05790928  0.02621331 -0.0354766   0.06702402
 -0.05481077 -0.10866041 -0.07197113  0.05296483 -0.07632207 -0.00202429
 -0.03596913  0.00485156  0.02228121  0.00975431 -0.00120221  0.00967447
 -0.03862507  0.03606868 -0.03309949 -0.04222231 -0.09141132  0.01124709
  0.00407562 -0.15287779 -0.01739633 -0.11185698 -0.19677292  0.03398282
  0.10462084  0.0605002  -0.17721233 -0.14017627 -0.09386915 -0.06150265
  0.06247038  0.14507805  0.0382765   0.06844771  0.11636558 -0.01692486
  0.09020944  0.01504104]