[-1.47332554e-03  1.88195303e-01  8.30855966e-02 -2.53331661e-01
 -3.02307364e-02  3.28310244e-02 -8.35016668e-02  1.12262025e-01
 -2.16167439e-02  4.49174829e-02  5.25168665e-02 -1.57477409e-01
  2.40417272e-02  2.91540772e-02  9.07977298e-02  8.39258730e-02
 -6.30371124e-02 -7.27500096e-02 -8.03101733e-02 -1.07076198e-01
  7.72980377e-02  1.62737668e-01  1.99786238e-02 -1.59922689e-01
 -3.91799510e-02  5.09700552e-02  1.20822541e-01  7.83961043e-02
  1.23418964e-01 -2.90069655e-02 -6.40607178e-02 -1.27080530e-01
  6.80569857e-02  6.27967417e-02  3.29747982e-02 -1.79117396e-02
  1.07826635e-01  1.19716428e-01  1.25196800e-01  9.37700123e-02
 -1.17146477e-01 -5.56008965e-02 -3.68205062e-03 -3.08881793e-02
  8.52885172e-02  1.75423130e-01 -4.50268108e-03 -2.04692478e-03
 -2.22282797e-01 -1.20494971e-02 -6.35753646e-02  1.61773667e-01
 -1.10160358e-01  1.02304257e-01 -8.04786310e-02 -2.09469236e-02
  8.33470821e-02 -8.97159055e-02 -1.48409188e-01 -5.92898577e-02
  1.03182439e-02 -8.33996013e-02  2.48170942e-02  7.61719048e-02
 -5.45259491e-02  2.32356004e-04 -5.40878512e-02  2.40306631e-01
  1.12102851e-01  6.66843280e-02  5.42104542e-02 -8.13555270e-02
 -9.41980481e-02 -1.29315019e-01  1.28313005e-01  1.50493123e-02
 -8.25795606e-02  4.27505001e-02  1.37520283e-02 -1.37507347e-02
  4.28824723e-02  5.05538210e-02  5.26431203e-02  1.03171252e-01
 -6.07284755e-02  4.88774367e-02 -2.53469218e-04  2.93411370e-02
  7.17774183e-02  1.29472181e-01  3.38418148e-02 -1.15662098e-01
 -1.02795161e-01  1.32543191e-01 -3.97234336e-02 -1.65043753e-02
 -4.02117819e-02  4.28062752e-02 -1.05373245e-02 -2.20532343e-02
  2.07498483e-02  2.42246804e-03 -9.66026559e-02  2.97072791e-02
 -7.75825977e-03  6.33831136e-04 -8.59273821e-02  3.53403762e-02
  5.03780954e-02 -1.79717794e-01  5.44419065e-02  1.41866365e-02
 -1.02539256e-01  9.51394662e-02  1.08695805e-01  4.91902791e-02
 -1.42245010e-01 -4.51326743e-02  9.73383896e-04 -7.66877225e-03
  7.73037672e-02  3.36713120e-02  9.18023065e-02  7.48685971e-02
  1.04873002e-01 -4.97210808e-02  1.16934553e-01 -1.68374088e-02]