[-0.08107957  0.1619892   0.12701561 -0.09557387  0.06900101 -0.05250657
 -0.02129475 -0.08288755  0.01543149  0.00994064  0.0230501  -0.0163091
 -0.03505852  0.11047351  0.03514686  0.06609064  0.00532873  0.04586268
  0.00410195 -0.03697167  0.09356614  0.21509884 -0.05877198 -0.01313906
 -0.02708952  0.00180421  0.02781049  0.08226653  0.16657895  0.17574826
 -0.11720317 -0.1083272   0.11405966 -0.04694475  0.13117859  0.06614739
  0.09966439 -0.01163744 -0.03272858  0.04948119 -0.08717804  0.08319452
  0.08209965  0.01132505  0.01145937  0.27303869  0.11582685 -0.0586861
 -0.08692642 -0.08970097  0.00762725  0.11451481 -0.09627736  0.02432349
  0.08822943  0.07680798 -0.00231507 -0.03442035 -0.12325237  0.1009932
  0.0356309  -0.08340658 -0.00969762  0.05362087  0.12452722 -0.17429164
 -0.05422775  0.01619818  0.02842539  0.15521702  0.12985767 -0.031312
 -0.01732042 -0.16705582  0.0570607   0.15172096 -0.06569409  0.17538281
 -0.02768804 -0.19132902  0.1072854   0.1889109  -0.01477882  0.17259249
  0.0164755  -0.00241885 -0.03654838  0.0111585  -0.09309111  0.17416994
 -0.02473129 -0.04311511 -0.10078253  0.04756643 -0.00149589 -0.01661109
 -0.03740765  0.03266771  0.10967173  0.03322551  0.02599484  0.08474774
 -0.00293997 -0.10234664 -0.09524484  0.02493502 -0.01240745 -0.06310847
  0.03644517 -0.03196825  0.02513504 -0.13968484 -0.07294776  0.01119233
  0.00432321  0.07705002 -0.03437181 -0.08368585 -0.1647231   0.02324443
  0.01465885  0.0586702  -0.00683295  0.01015125  0.01614107  0.13770753
  0.07758801 -0.02225476]