[-1.91058684e-02  1.71839401e-01  1.57039046e-01 -1.53325894e-03
  5.52475378e-02 -2.97546852e-02  2.49943882e-02 -4.99355979e-02
  3.74096632e-02  7.98041653e-03  4.37117554e-02 -5.70366681e-02
 -4.50008512e-02  1.40077591e-01  6.45783693e-02  2.81860982e-03
  6.86415732e-02 -1.84518006e-02 -1.64517164e-02 -2.03745048e-02
  7.56857321e-02  1.28402233e-01 -4.78545465e-02 -1.52512575e-02
  1.00787366e-02 -1.05203174e-01 -6.63323849e-02  1.05894230e-01
  1.29252434e-01  1.21910438e-01 -8.39242041e-02 -9.47459415e-02
  5.68409525e-02 -3.95233482e-02  7.34288916e-02  9.88667086e-02
  6.75452575e-02  1.46846296e-02 -8.56973901e-02  4.12683040e-02
 -8.65256786e-02  1.06042802e-01 -2.02213060e-02 -1.05773032e-01
  2.23205574e-02  3.09021622e-01  2.12380271e-02 -6.35043904e-02
 -3.95894535e-02 -7.90698379e-02  1.54901203e-02  2.51159996e-01
 -1.06916942e-01  7.57854758e-03  8.67402405e-02  2.16764119e-02
  9.30002518e-03 -8.87869298e-02 -8.42680633e-02  1.05804957e-01
  3.92768756e-02 -4.75867465e-02 -8.27706307e-02 -2.44912561e-02
  1.03025764e-01 -1.45316318e-01  1.54639250e-02  8.39280635e-02
  2.74254270e-02  2.11607650e-01  1.83551326e-01  3.16786356e-02
 -1.00908345e-02 -1.36689097e-01  4.87358160e-02  1.75976977e-01
 -3.03115752e-02  1.79310083e-01 -1.56441368e-02 -1.42403275e-01
  1.87393129e-02  1.34805694e-01  3.21761589e-03  1.32639930e-01
  6.37622848e-02  4.80647804e-03 -4.04294468e-02  1.37514938e-02
 -9.10334960e-02  1.42271236e-01 -3.66601497e-02 -4.47592326e-02
 -2.91373786e-02  5.31034395e-02 -4.23813798e-02 -1.02575257e-01
  3.68312038e-02 -6.08340912e-02  1.05333284e-01  3.05944569e-02
  5.56618907e-02  1.26322880e-01 -1.13401972e-02 -9.98741090e-02
 -9.77437571e-02  4.38490920e-02  1.67861432e-02 -5.90791292e-02
  8.47061798e-02 -1.31548401e-02 -6.45559267e-05 -1.14960022e-01
 -7.84819722e-02  7.32695544e-03  4.67319489e-02  7.96044990e-02
 -6.41620457e-02 -6.93965703e-02 -1.43876925e-01  4.77019884e-02
 -5.89841716e-02  8.33727047e-02 -2.56596543e-02  7.50062019e-02
  1.07140362e-01  1.37410015e-01  1.32285193e-01 -1.44836092e-02]