[-0.09609028  0.17237334  0.15499586 -0.13191944  0.06868661 -0.08564671
  0.01061702 -0.09796317  0.0409652  -0.02287102  0.01572675  0.01012427
 -0.04761204  0.1705669   0.07120173 -0.01897085  0.00317329  0.04032421
  0.00324038 -0.03880269  0.02382961  0.25262499 -0.02311455  0.00575421
 -0.03112954 -0.01351632  0.05475414  0.17608742  0.20206782  0.14820144
 -0.08811188 -0.15672758  0.14815819 -0.04657     0.11774135  0.0215669
  0.10366541  0.06386764 -0.03877916  0.09968285 -0.05535117  0.14756829
  0.08253114  0.00231232 -0.07182357  0.16359881  0.06205833 -0.05476735
 -0.00231477 -0.02796168 -0.0420738   0.11652587 -0.08843709  0.04348098
  0.06137256  0.07708053 -0.0154865   0.067962   -0.17299801  0.08971153
 -0.05688281 -0.05931492  0.0335357   0.05231921  0.08700407 -0.08076215
 -0.02506974 -0.05315128 -0.06234729  0.13313738  0.13432848 -0.04286862
  0.02841125 -0.02547017  0.104584    0.10111205 -0.05582432  0.04148777
  0.01138172 -0.20377432  0.11371718  0.16657071  0.04120681  0.16407354
  0.0685771  -0.09611235 -0.05650757  0.02412801 -0.05137948  0.16207738
  0.00950051 -0.07464538 -0.02002602  0.02163633  0.07699959 -0.1083668
 -0.07520056  0.06779356  0.08940444  0.04531759 -0.03689959  0.08472575
  0.03426052 -0.06459459 -0.12735255  0.06230635  0.02453327 -0.10339057
  0.10879486 -0.06161477  0.09296802 -0.10503007 -0.05210721  0.12219122
 -0.05279892  0.05138883  0.05770145 -0.02077576 -0.10427112  0.04683051
  0.03635734  0.02477746 -0.07267887 -0.03278213 -0.03184324  0.11642977
  0.06330302 -0.00777588]