[-0.0848444   0.17413743  0.07614443 -0.07904028  0.0264711  -0.10456115
 -0.02222479 -0.02519872  0.07817205  0.05428628  0.05134068 -0.02112706
 -0.01996893  0.16140991  0.03581167  0.02946257  0.0807559   0.02759507
  0.01602473 -0.01847789  0.0444906   0.14306851 -0.01142582 -0.02929373
 -0.04487387 -0.03175768  0.07148474  0.11855423  0.13226295  0.14151005
 -0.11941705 -0.07711474  0.20925145 -0.01359366  0.05103106  0.06051203
  0.17288458  0.07360316 -0.06742246  0.07575116 -0.08891792  0.07787724
  0.0606823  -0.0562079  -0.0210734   0.22393824  0.06830045 -0.08796895
 -0.01017272 -0.05862221  0.01050704  0.18605496 -0.12667507  0.07157262
  0.08432478  0.08535814  0.05002625 -0.1207476  -0.12468294  0.09596118
 -0.00733922 -0.14288788 -0.06597994 -0.01047044  0.10330495 -0.14956242
 -0.03551941  0.03752823  0.02964232  0.16407619  0.10984275 -0.06749241
 -0.04721367 -0.120372    0.11164086  0.15576278 -0.00727844  0.19695409
 -0.0478465  -0.23773259 -0.01810228  0.15652253  0.00900739  0.18619955
  0.05774143  0.02863757 -0.04690835  0.0238465  -0.02638958  0.13333099
 -0.08076858 -0.08882018 -0.03900775  0.01490583  0.05040541 -0.08067201
 -0.0417451   0.03505241  0.09754101  0.03343537  0.0077101   0.06897897
  0.01841016 -0.03020386 -0.03796133  0.00750022 -0.01316365 -0.07602877
  0.04060721 -0.07106794 -0.07051313 -0.12826948 -0.04145348  0.04080601
 -0.00234256  0.03207795  0.04080923 -0.14045304 -0.08724838  0.05401099
  0.02718803  0.08543808 -0.0216111   0.06271296  0.05770356  0.08143891
  0.09626846  0.02818453]