[-0.02122544  0.08038191 -0.02995253 -0.02445968  0.02855618 -0.07987005
 -0.03898343 -0.16444127  0.04554568  0.01611871  0.07643755  0.03978374
  0.01346951  0.23329499  0.07734816  0.02162389  0.08189795 -0.03543288
  0.13233182  0.02293872 -0.02932198  0.18719794  0.00416086  0.06040956
 -0.00690125  0.04348801  0.14561951  0.05757743  0.05168454  0.22903818
 -0.0888675  -0.04675724  0.20603071 -0.04098247  0.04704232  0.13086388
  0.14674135  0.03613288 -0.05079496  0.07910846 -0.09111895  0.07080407
  0.05624971  0.01594367 -0.0970542   0.22652268  0.10069995 -0.04686065
  0.0644202  -0.04833666  0.07172988  0.11443194 -0.01331219  0.03596785
  0.17594367  0.10252046 -0.01668444  0.01453873 -0.06633592  0.13008879
 -0.08942961 -0.16255383  0.01987133 -0.04768864  0.11193185 -0.14188628
 -0.00446155  0.01231078  0.00888378  0.12055058  0.09124748 -0.03358636
 -0.06850792 -0.13307837  0.11494692  0.13659209 -0.00373156  0.12055933
 -0.06441284 -0.08090457  0.1006736   0.09224092 -0.00866835  0.09605787
  0.03054672 -0.04117935 -0.04475529 -0.05442733 -0.08890051  0.12433809
 -0.0951971  -0.05899303 -0.02323649  0.02450655  0.01544371 -0.05479476
 -0.02571406  0.01891851  0.20531692 -0.03621547  0.00373418  0.1104378
  0.0674722  -0.07023346 -0.14231876  0.01022873 -0.03943474 -0.11231816
  0.01113383 -0.00040304  0.00583411 -0.10447658 -0.01949989 -0.00703234
 -0.06068991  0.06583502  0.06790589 -0.12515542 -0.12697533  0.09200905
  0.07657992  0.0043331  -0.01598555  0.03230176 -0.01127476  0.13206635
  0.09496399  0.07181731]