[-0.0098076   0.12758611  0.03032221 -0.0174026   0.02295002 -0.05624982
 -0.01616308 -0.03640202 -0.02297724  0.06268029  0.06406065 -0.02493663
 -0.02797785  0.14273086  0.05567917  0.02738924  0.1085031   0.01474351
  0.12197199  0.02685706  0.01687247  0.15474901  0.01820906  0.01289384
 -0.04368039 -0.04955796  0.08407634  0.05970353  0.11103624  0.15395357
 -0.15207125 -0.13407059  0.15864751 -0.05937393  0.08378629  0.08490744
  0.12692745  0.00146226 -0.09715685  0.04914944 -0.14681163  0.0817997
  0.01381396 -0.01555049 -0.0682838   0.28417304  0.09179883 -0.0619773
 -0.02462213 -0.01326087  0.07134368  0.19072449 -0.09551694  0.0404506
  0.10513788  0.05172262  0.05770789 -0.10481893 -0.05179672  0.13147578
  0.01178127 -0.10380627 -0.03181374 -0.05551967  0.13567744 -0.21417898
 -0.02021159 -0.00319582  0.02569954  0.16922568  0.10459714 -0.02366266
 -0.0412253  -0.13763253  0.04780558  0.13750349  0.00324684  0.22762968
 -0.0112976  -0.15656285  0.03074587  0.07850073 -0.04159248  0.12131294
  0.07428195  0.00522816 -0.09911843 -0.02675887 -0.058768    0.14462997
 -0.06692693 -0.01898236 -0.06982675  0.03265181  0.03237833 -0.08387735
  0.03323976  0.02175293  0.11879517  0.0038533   0.04974567  0.14908582
  0.03780438 -0.12273048 -0.08318947  0.01124698  0.04126465 -0.10112047
  0.04352647  0.00958141 -0.02122984 -0.1282858   0.04350714 -0.02953957
 -0.01864926  0.0621863   0.05473825 -0.12693842 -0.13361621  0.05087557
 -0.03078374  0.0071992  -0.0057457   0.0489038   0.06282525  0.11903706
  0.12326042  0.02229115]