[ 0.02139362  0.02689096 -0.07629631 -0.12587181  0.00714679  0.16388831
 -0.1311354  -0.05929091 -0.22791366  0.06927565  0.0756653  -0.04110138
 -0.02867744  0.05477471  0.07454594 -0.00311679 -0.08083142  0.04764876
  0.23147814 -0.04967427 -0.04998907  0.09096927  0.07228149 -0.08736763
  0.02533228  0.108807    0.13534001 -0.0387925   0.01661588 -0.03477842
 -0.05048044 -0.23737329 -0.05363365 -0.12229213  0.09804413  0.09214497
 -0.10134254 -0.12050531  0.17874028  0.09260475 -0.11046916  0.02693119
 -0.08836977  0.0527148  -0.09905151  0.05760864  0.07505717  0.01847516
 -0.15169798  0.00270646 -0.0422284   0.04865806 -0.01654005  0.02494617
 -0.10928938  0.00704755  0.09153988  0.12929654 -0.09050178  0.05860693
 -0.01671967  0.09939607  0.25269452 -0.00832916  0.07210216  0.02082857
 -0.02691025  0.09115546  0.0523079   0.09276734  0.07321001  0.11262686
 -0.00422904 -0.0585978   0.02542498 -0.04148911 -0.11299267 -0.05816925
  0.01861976  0.00178047  0.03536941  0.00290171  0.01435376  0.00724011
 -0.16079204  0.01903936 -0.02904876 -0.02984358  0.02934464 -0.01050516
  0.06380317  0.0485241   0.00204607  0.11786074  0.03591003 -0.10318764
 -0.0078702   0.09235919 -0.01543156 -0.01183178 -0.02763919  0.05541949
 -0.04864186 -0.17901845 -0.00864978  0.15620945  0.07361048 -0.0713309
 -0.03945201  0.01316879  0.12897885 -0.02839382  0.16398807  0.0043145
  0.00229034  0.0553731  -0.05863515  0.07220077  0.0181428  -0.05426967
  0.0132898  -0.2534757   0.04823821 -0.12034471 -0.03476691  0.12821904
  0.03790117  0.08604588]