[ 0.02204266  0.1055742  -0.17384493 -0.15507013 -0.02139321  0.08025231
 -0.11622328 -0.08996112 -0.14098088  0.18857005  0.10637541 -0.05158261
  0.04482811  0.0323781   0.10990816  0.04749083 -0.04087954 -0.05561067
  0.18658006 -0.03428243 -0.12374149  0.13506056 -0.02081597 -0.07185153
 -0.02814168  0.16375205  0.16233206 -0.05135284  0.05738596  0.07193416
 -0.11017027 -0.03282626 -0.00829574 -0.07290564  0.01635955  0.10894127
  0.05891702 -0.10088964  0.21827188  0.14905836 -0.08871465 -0.11290599
 -0.08652038 -0.00543121 -0.01769426  0.21020977  0.08649557  0.08760545
 -0.13560055 -0.08266264  0.00490796  0.12964039 -0.01682636  0.02175753
 -0.0840442   0.01668153  0.06241741 -0.00232233 -0.08540237  0.11886455
 -0.00931265 -0.01859884  0.14756067  0.00643631 -0.03302002 -0.02865432
  0.02766415  0.17540729  0.16682988 -0.03996603  0.00131738  0.02771675
 -0.09530284 -0.08449882  0.12885849  0.01224165 -0.10398711  0.07121252
 -0.01563851  0.0403424   0.12729083  0.04533868 -0.03072286  0.03769962
 -0.10695449  0.11713947 -0.00794201 -0.09245044 -0.00584726  0.02204545
 -0.00608227  0.02217919 -0.0096418   0.17183548 -0.08653013 -0.07041263
 -0.00923157 -0.0450379   0.12492425 -0.09232689  0.02984849  0.00707937
 -0.04693365 -0.064841   -0.04189359  0.06462163 -0.03972226  0.01695754
 -0.10382193  0.0793459   0.10505135 -0.03417444  0.06006897 -0.05180148
 -0.06442636  0.02658755 -0.1518304  -0.0392944  -0.03094495 -0.06946925
  0.07906348 -0.15513949  0.08861034  0.02490858 -0.03769956  0.06477702
 -0.06699132  0.0330878 ]