[ 0.07286014  0.11843293 -0.03251643 -0.14558063 -0.03023744  0.12824762
 -0.01607837 -0.06143815 -0.08711577  0.01687212  0.12396345 -0.03199351
 -0.01718047  0.03950134  0.04322776 -0.03981094 -0.01006582 -0.0643393
  0.06410224 -0.09465829 -0.06588496  0.20594683 -0.15656975  0.009585
 -0.0405103   0.13002488  0.18221389  0.04737447  0.07248825  0.04366491
 -0.09411254 -0.15538716 -0.09244289 -0.02428107  0.03986425  0.09654104
  0.02607379 -0.10539445  0.10777267  0.15759417 -0.02410218 -0.01731087
 -0.06415675  0.0800662   0.02625975  0.21539392  0.05264099  0.01057963
 -0.19884595 -0.10957301  0.00271356  0.11389812 -0.08319209  0.01506203
 -0.01116846  0.04870431 -0.12831761  0.15909581 -0.10975608  0.11321263
 -0.00538079 -0.02094313  0.19322979 -0.02063597  0.02434938 -0.0774291
  0.0652886   0.08993426  0.07718955  0.10710843  0.07878793 -0.01853285
 -0.01680256 -0.09989414  0.0771692   0.01575478 -0.07408495  0.12039511
 -0.03581919 -0.04541882  0.09243475  0.08560395  0.02071838 -0.02601656
 -0.12335419 -0.00148641  0.06394092 -0.10807608 -0.08049223  0.11108754
  0.05043661 -0.10270754 -0.03852011  0.11010258 -0.01428134 -0.01676066
  0.06348311 -0.15999679  0.12259026 -0.01065181 -0.06061483  0.12897041
 -0.08219531 -0.04283149 -0.12310977  0.07814423 -0.04082539 -0.00753018
 -0.16603079 -0.05153675  0.19425392 -0.03969235 -0.00981342  0.02512035
  0.01136513  0.02749988 -0.15639685 -0.05918681 -0.04067948 -0.06490728
  0.04412052 -0.11547492  0.05301386  0.03610344  0.09106833  0.07862504
 -0.00677771 -0.0607199 ]