[-0.08973932  0.18820648  0.20099565 -0.07962532  0.03461293 -0.00893712
  0.03203869  0.08878199  0.02616667 -0.02747585 -0.06773081 -0.07750633
 -0.04040846 -0.06194587  0.09694029 -0.08088948 -0.0790435   0.00303345
 -0.0570283   0.00562498  0.0495735   0.01931058 -0.01540368 -0.10176009
  0.01987526 -0.07442071 -0.13145041  0.07982631  0.12067722 -0.03866798
  0.02306443 -0.09879909  0.10674924  0.0467462   0.15663913 -0.06375489
  0.18748854  0.10276509  0.01591528 -0.16040841  0.08804115 -0.03387319
  0.17560892 -0.05274848 -0.06297674  0.01605675  0.07365904 -0.00779475
 -0.11000109  0.05138984 -0.18316448  0.0152791  -0.00697473  0.09940618
  0.0968127  -0.0104118  -0.01948627 -0.13306317 -0.16196114 -0.17898403
 -0.05020657 -0.00546823 -0.02883302 -0.0111944   0.02826694  0.17394012
 -0.03255424 -0.08237111 -0.09032077 -0.03907013  0.02195215 -0.0597573
 -0.00970693  0.05212183  0.12684932  0.00373169 -0.02482177 -0.00269457
  0.16370656 -0.0837137  -0.06660429  0.08240259  0.05606118  0.14658675
  0.14781721 -0.02759461 -0.06180719  0.17274021  0.14742309  0.15745158
  0.13786513 -0.06652638 -0.00368602 -0.0480792  -0.03582516 -0.13360395
 -0.03099382  0.175293   -0.09543452 -0.02579356 -0.01554553  0.00134195
  0.03546206 -0.06494497 -0.03417468  0.11167348  0.08991151  0.04431428
  0.14006224 -0.02882156  0.01714325 -0.04802828 -0.12556109  0.05431105
  0.05911077 -0.06915103  0.04271592 -0.05165546  0.02866779  0.01456102
  0.07701825  0.06521679  0.02047692  0.03510192  0.01709569 -0.03429794
  0.20984527 -0.00718711]