[-0.08340219  0.14475711  0.19581421 -0.06294575  0.01867643  0.00895503
  0.10009884  0.08119569  0.07473689  0.03443786 -0.00496641 -0.15686217
 -0.02680409 -0.02490289  0.16213164 -0.089798   -0.09310402  0.05541646
 -0.1069074  -0.04128036  0.02624255 -0.01903456  0.03177144 -0.13624689
  0.01096321 -0.14100499 -0.20273091  0.04157444  0.11660688 -0.10732952
  0.08067038 -0.11715796  0.04844783 -0.00087542  0.19565974 -0.02786436
  0.07802912  0.16371715 -0.01853658 -0.13837768  0.03859626  0.02707121
 -0.01779166 -0.04063878 -0.08176487  0.01264744 -0.07723472  0.04854206
 -0.07952188 -0.00673553 -0.24011634  0.0410443  -0.02213009  0.00977982
 -0.0324298  -0.01895588 -0.03611216 -0.07699205 -0.15879352 -0.10541114
 -0.09486855  0.01272692  0.00433051 -0.00942629  0.0718951   0.19668235
 -0.02095088  0.01643115 -0.09457497 -0.00130328  0.11577352 -0.01202419
  0.0456394   0.0096488   0.02744769 -0.03600105 -0.08839244 -0.08813598
  0.14490986 -0.10005568 -0.07400111  0.01007796 -0.02315138  0.05494498
  0.07134997 -0.04846941 -0.05150224  0.1200677   0.12386531  0.10707649
  0.16291623 -0.05533784  0.04170514 -0.07856005 -0.01520098 -0.15586044
 -0.05290587  0.06900115 -0.10647561  0.0389736   0.03182545 -0.00581082
  0.00433971 -0.16511141  0.02050802  0.11110005  0.15181528 -0.0272158
  0.24768254 -0.0054014   0.02109669 -0.0030139  -0.06835873  0.0550918
  0.10509924 -0.01514529 -0.01723084  0.03711531  0.04871443 -0.00913392
  0.00650083 -0.01939276 -0.04082023  0.10863701  0.07490886 -0.01800063
  0.16636887 -0.01377667]