[-8.23049843e-02  1.12533391e-01  2.03580081e-01 -3.62934060e-02
 -1.54659264e-02  1.32786387e-04  7.36413430e-03  9.09300148e-02
  2.18110289e-02  1.90654881e-02 -7.37109128e-03 -1.02516174e-01
 -3.61662684e-03 -5.98699860e-02  8.40369016e-02 -6.03257194e-02
 -9.12532136e-02  6.63738996e-02 -6.72107935e-02  4.27091755e-02
  7.79817104e-02 -7.51402304e-02  1.61248259e-02 -7.21907914e-02
  7.08426256e-03 -6.68971315e-02 -1.45849928e-01  3.58233750e-02
  6.65887669e-02 -7.90272355e-02  2.98227984e-02 -1.12102523e-01
  1.00523472e-01  4.55139093e-02  1.74388677e-01 -2.82374602e-02
  1.18119106e-01  1.35788366e-01 -5.84691530e-04 -2.19005272e-01
  2.24870928e-02 -6.10911064e-02  1.07362084e-01 -5.28001823e-02
 -4.65711355e-02 -7.08826780e-02  3.23720649e-02  3.09193432e-02
 -1.14862502e-01  5.72746024e-02 -1.75138459e-01 -3.10742073e-02
  2.23452831e-03  8.85491148e-02  8.84810910e-02 -1.55828539e-02
 -2.34266520e-02 -1.49738207e-01 -1.29232436e-01 -2.05070689e-01
 -4.40423414e-02 -2.26874393e-03 -4.84308461e-03 -8.51528533e-03
  5.22925816e-02  2.24075645e-01 -6.02547303e-02 -5.95720001e-02
 -1.11168616e-01 -4.07284088e-02  1.21865515e-02 -7.21777752e-02
  8.26518750e-04  9.97706130e-03  6.63533509e-02 -5.63675165e-02
 -4.48887842e-03 -2.90224068e-02  1.91516057e-01 -6.19737245e-02
 -8.44737738e-02  3.82747035e-03  5.18781971e-03  5.50291277e-02
  9.02007222e-02 -2.65562963e-02 -7.50207230e-02  1.73966736e-01
  2.03680292e-01  1.60589144e-01  1.37291849e-01 -5.31351268e-02
  3.27718407e-02 -3.18041854e-02 -5.77193424e-02 -1.09490097e-01
 -6.32365420e-02  1.61564812e-01 -1.07971452e-01 -2.11588908e-02
  5.32158352e-02  2.78292084e-03 -5.70994010e-03 -1.39053270e-01
  7.90911987e-02  1.34009510e-01  1.36031672e-01 -1.82220507e-02
  1.75895125e-01 -3.51061076e-02 -4.79135253e-02  1.24719448e-03
 -6.03846572e-02  3.87008339e-02  1.08810194e-01 -5.27598262e-02
  4.08831798e-02 -4.70120786e-03  3.09498385e-02 -1.86445017e-03
  3.15252207e-02 -1.14994142e-02  2.85375621e-02  3.56707536e-02
  4.36796211e-02  1.70125728e-04  2.39636138e-01  2.25405931e-03]