[-0.08425879  0.15383519  0.2057801  -0.07788254  0.03894873 -0.04033465
  0.03200303  0.12257081 -0.03257458  0.0396569  -0.05462059 -0.12808217
  0.02852222  0.0222358   0.17759821 -0.07100943  0.0053035   0.00944483
 -0.04859791  0.04678795  0.0283949  -0.03093175  0.05923134 -0.06203906
  0.02842495 -0.11147682 -0.15232255  0.08147243  0.13296019 -0.0715441
  0.02963415 -0.09486122  0.12947622  0.0367302   0.12029327 -0.05168813
  0.15405281  0.17143224 -0.03599152 -0.16575806  0.04829825 -0.0050065
  0.11643955 -0.08093129 -0.09752119  0.04486552  0.03281422  0.02937393
 -0.09249657  0.03662892 -0.16162305  0.00537549 -0.00066761  0.05575042
  0.05609794 -0.02453434  0.00369578 -0.1262477  -0.07609952 -0.1751799
 -0.06536727  0.02172031 -0.10492207 -0.01052218  0.0249149   0.21666433
 -0.04243033 -0.01893194 -0.10367751 -0.08661472  0.03764734 -0.05226343
 -0.00260992  0.00875553  0.13466598  0.01424764 -0.02877508 -0.01370716
  0.20974563 -0.05697116 -0.08143854  0.00639741  0.02467724  0.10020645
  0.15940626 -0.03484165 -0.07059609  0.15904357  0.1494841   0.12887351
  0.10236397 -0.02364944  0.04007425 -0.04930683 -0.05480237 -0.15559512
 -0.03093624  0.18432428 -0.11302339 -0.06132154  0.01399192  0.01482662
  0.06372273 -0.06344408 -0.05266011  0.1057879   0.07762051  0.01977316
  0.23909572 -0.05895781  0.00814913  0.00227483 -0.09465405  0.05325262
  0.03604943 -0.05132864 -0.00933383 -0.03698352 -0.02179922  0.038497
  0.01575404  0.03250952 -0.04544634  0.06799281 -0.00159799 -0.02229652
  0.15730943 -0.01389225]