[-0.06552182  0.16316351  0.19433653 -0.0475808   0.00162433  0.00971369
 -0.0141102   0.06637102  0.02890209 -0.02402002 -0.00403671 -0.09278107
 -0.04608707 -0.08012526  0.0849468  -0.07351314 -0.11790717  0.06020956
 -0.06498819  0.01504213  0.06321245  0.01644818  0.04284676 -0.15439735
  0.00731099 -0.09232698 -0.11808429  0.0424685   0.05131797 -0.05728056
  0.00693669 -0.1364866   0.12196815  0.04100168  0.19678567 -0.03617387
  0.15160972  0.09762844  0.02246091 -0.15917262  0.02537902 -0.04443438
  0.09737731 -0.04337963 -0.09659415  0.0022407   0.04689225 -0.00081249
 -0.11702364  0.10165236 -0.16319422  0.0510353  -0.0320444   0.12420477
  0.05037792 -0.04592438  0.03029746 -0.21142067 -0.16971429 -0.15391989
 -0.04233402 -0.02068208 -0.0098336  -0.00370353  0.05399806  0.11599315
 -0.03991497 -0.03953558 -0.0699961   0.02659831  0.05664019 -0.06635713
  0.01083916  0.00846338  0.06908289 -0.02622872 -0.05869385 -0.03309799
  0.13465136 -0.05520398 -0.07548513  0.03987492  0.02538397  0.12996174
  0.09353915  0.01074604 -0.08742181  0.14145303  0.14306264  0.16257004
  0.12931062 -0.07199652 -0.00267601 -0.04000291 -0.07013173 -0.16321242
 -0.06087048  0.17039798 -0.10442011 -0.02583002  0.02946695  0.02704231
  0.02026928 -0.12787364  0.0834936   0.09854559  0.14172456  0.04139099
  0.15096819  0.00103956 -0.02610833 -0.05725333 -0.07519411  0.05239388
  0.06443181 -0.05505495  0.04715149 -0.02551407  0.0498218   0.00369673
  0.06152763  0.02560285  0.02873709  0.04626216  0.10064816 -0.04715642
  0.28175923  0.04024982]