[-0.11560128  0.02709685  0.07972851 -0.11907642 -0.02403135  0.00821805
 -0.06643361  0.05653053 -0.00350555 -0.00591037 -0.06308851 -0.06884757
 -0.04131756  0.04638661  0.17764319 -0.16596827 -0.00653797 -0.14470358
  0.1797397   0.01411838 -0.14629544  0.03415349  0.05361745 -0.00760832
 -0.02856042  0.02100806  0.01552434 -0.00616427  0.00513653 -0.16681603
  0.11137163 -0.30558109  0.10737737 -0.06764012  0.09430339  0.09863959
  0.10715344  0.08321105 -0.03974336  0.03373841  0.02743339  0.07152621
 -0.11007974 -0.06541643 -0.07379995  0.11773561  0.00256197  0.01114254
 -0.02340476  0.01593186 -0.25766268 -0.05393612  0.118632   -0.00952377
 -0.01167429  0.04042224 -0.02756135  0.06194655 -0.11461256 -0.02379233
 -0.07692304  0.12041378  0.03631818 -0.07255545  0.07006995  0.09551374
  0.09205896  0.034752    0.00984896 -0.08664227  0.06084571 -0.02513036
 -0.03297163  0.00303137  0.16516247  0.05114591 -0.12631239 -0.00537649
  0.18020181 -0.0120392  -0.13905546 -0.00157388 -0.00676101  0.06121623
  0.06006211 -0.06137476 -0.01101873  0.06480099  0.02253295 -0.01966794
  0.0946191   0.03603255  0.22397733  0.01793574  0.03090794 -0.14577816
  0.02402333  0.00276322 -0.05569916 -0.01855496 -0.08160172 -0.0168294
 -0.06316148 -0.21460679 -0.10861374  0.12476897  0.09639197 -0.17226864
 -0.00729398  0.06314316  0.12477767 -0.04543935  0.10568856 -0.02759271
 -0.06617843  0.04458373 -0.08959743 -0.04596635 -0.04631632 -0.01854597
 -0.00862366 -0.08556435 -0.10534873  0.01729067 -0.05061934  0.07865187
 -0.02697287  0.01398541]