[-0.1602366   0.1182156   0.0074072  -0.17339578  0.02633014  0.06480612
 -0.04828227 -0.00871509 -0.04286458  0.11641738 -0.0361638  -0.08008828
 -0.00172454 -0.04137513  0.17295673 -0.08029108 -0.11222091 -0.1011705
  0.12714913 -0.02151896 -0.14827462  0.02943015  0.02472633 -0.05818017
  0.00695061  0.03745849  0.02334136 -0.00046391  0.0990809  -0.10351352
  0.08860697 -0.23451279  0.05980046 -0.09177965  0.10886341  0.05390275
  0.06671879 -0.0220451   0.05354303  0.02130244  0.0648292  -0.06109848
 -0.04176629  0.0045859  -0.08866685  0.11047913  0.03460128  0.11682382
 -0.08645223 -0.04960647 -0.22879466 -0.05476586  0.08102854 -0.07343797
 -0.06974157  0.04986503 -0.04927202  0.06059674 -0.14267799 -0.0028565
 -0.11151432  0.10323712  0.11244414  0.0004749   0.05891229  0.16087745
 -0.00163135  0.04865284 -0.01379043 -0.155518    0.01975763  0.02459653
 -0.03893625 -0.03062717  0.19577548  0.05968107 -0.13406344 -0.01012875
  0.15716949  0.01276644 -0.00535627 -0.02622483  0.01368165  0.13936956
 -0.01860528  0.00345578 -0.00363701  0.07667753  0.0486063   0.01203187
  0.08698089  0.05545124  0.1204747   0.07278474 -0.04776475 -0.13785665
 -0.04302727  0.02881618 -0.02915595 -0.05068737 -0.01039101 -0.06568614
 -0.04648735 -0.20895542 -0.08141737  0.14394066  0.07159355 -0.05585242
  0.01871883  0.09165966  0.15965043 -0.01726567  0.08354695 -0.00336399
 -0.08262555  0.03218405 -0.16400644  0.09652781 -0.03768081  0.00169994
  0.03262059 -0.17298718 -0.09077379 -0.00696988 -0.12046007  0.12103634
 -0.10481904  0.00629225]