[-0.15891069 -0.02961357  0.0472747  -0.01324713  0.00266655  0.08943956
 -0.12391134  0.00364073 -0.02796818 -0.01984085 -0.04510407  0.00620714
 -0.07902428 -0.08075207  0.13756409 -0.13139975 -0.10209961 -0.09533104
  0.22304127 -0.014219   -0.07725278 -0.04933984  0.02619664 -0.01688004
  0.09265684  0.04715084  0.01690649 -0.14911428 -0.11489613 -0.13681528
  0.17790283 -0.24032228  0.08680527 -0.06641963  0.10842403  0.13071474
  0.02988724 -0.11256134 -0.00451294 -0.02335512  0.14215781 -0.0445199
 -0.03495103  0.02691451 -0.09539441  0.06126494  0.09402475 -0.04376977
 -0.04420076 -0.0548593  -0.17329994 -0.14071755  0.15452935 -0.0461058
  0.02140567  0.08896262 -0.04371234 -0.00040035 -0.07998435 -0.02428704
 -0.0569842   0.07468107  0.01986751 -0.068399    0.16110712  0.04520936
  0.04603111 -0.00616183  0.03836558 -0.03596712  0.02001245  0.04587354
 -0.05622644 -0.11695948  0.13371779  0.08206116 -0.15885521  0.05113785
  0.07103659  0.08547498 -0.19166969 -0.00210459  0.03168832  0.10802752
 -0.06027782  0.02953504  0.06781902  0.06116696 -0.06109165 -0.05780144
  0.03186151  0.0664556   0.13524611  0.00432021 -0.08063798 -0.08402874
 -0.00255845  0.01887443 -0.05234554 -0.03526368 -0.07403035 -0.05190269
 -0.04698859 -0.23365365  0.00491808  0.11033767  0.08355513 -0.06201636
 -0.13084723  0.10761822  0.01616928 -0.0972431   0.06606637 -0.13948664
 -0.03498875  0.01835538 -0.12938324 -0.06257084 -0.01033943  0.02806546
  0.06287871 -0.08782123 -0.10704276 -0.01836057 -0.01716462  0.10602509
  0.01480886  0.1054251 ]