[-0.0850651   0.07788175  0.10812248 -0.02018267  0.09027337  0.08901957
 -0.07801759 -0.13573447 -0.03887003 -0.09623711 -0.0103404  -0.00367786
 -0.08429383 -0.03826849  0.18145777 -0.11867413 -0.11617299 -0.11253438
  0.12201881  0.01111935 -0.0870409   0.07133417  0.03067089 -0.03430088
  0.14683123 -0.0045574  -0.03151521 -0.0055797   0.03046777 -0.05752984
  0.17822829 -0.17379251  0.03903911 -0.05429581  0.12663978  0.11769518
  0.01872805 -0.12196544  0.06901793 -0.02444386  0.15928414 -0.04307166
  0.00739333  0.00978645 -0.14188588  0.11618759  0.0641411   0.0288306
 -0.03628019 -0.02054412 -0.20033255  0.0046788   0.12910475 -0.07084235
 -0.00878592  0.01432997 -0.11067967  0.07684984 -0.1695942   0.04208081
 -0.13638552  0.10237587  0.08265462 -0.02523828  0.09519298  0.12260558
  0.04207628 -0.03288343 -0.07191567 -0.01444521  0.04863306  0.06736611
 -0.02658696 -0.0271076   0.16921122  0.04191529 -0.12053224 -0.08184318
  0.06540257  0.14392745 -0.00938557  0.00959332  0.06082477  0.12815382
  0.0124049  -0.02877478 -0.00575623  0.04815089 -0.11614326  0.04561854
  0.137991    0.04411132  0.07217808  0.08472909 -0.08865797 -0.1574121
 -0.05562224  0.03096535 -0.00762626 -0.07946763 -0.08124192 -0.02016177
 -0.01528383 -0.18662153 -0.07409502  0.18631169  0.13013227  0.04220906
  0.05673711  0.08821919  0.13742404 -0.06066518 -0.02069305  0.01051925
 -0.05342192 -0.00474503 -0.11436523  0.06077754  0.00986791  0.10834911
  0.08101986 -0.0884149  -0.12256316 -0.01166495 -0.03396133  0.10774331
  0.0823194   0.06471791]