[-0.163903   -0.01195708  0.03011523 -0.03492694  0.06427167  0.03794116
 -0.08572368 -0.05062494  0.02463378 -0.01625031 -0.01851288  0.0294684
 -0.03056862 -0.04621589  0.11687395 -0.1011417  -0.12588336 -0.12067787
  0.14406237  0.05985948 -0.04444902 -0.07923198  0.03484074 -0.05917007
  0.09768818  0.05974583 -0.02333287 -0.11125694 -0.055916   -0.08637931
  0.17975549 -0.19642484  0.11100268 -0.06836655  0.11920574  0.13196139
  0.04721591 -0.00325324  0.02131247 -0.0828869   0.14850672 -0.04493206
 -0.01313102  0.03073677 -0.12350193  0.05478211  0.07040793  0.00734792
 -0.00526893 -0.06627129 -0.25180602 -0.11764362  0.11551653 -0.04693903
  0.06408243  0.05272404 -0.11365181  0.02354061 -0.17021187 -0.02669099
 -0.09569903  0.01203141  0.07744055 -0.03679969  0.17514083  0.0925322
  0.00311999  0.05217489  0.01416782 -0.0914901   0.04831237  0.05651153
 -0.05864905 -0.11854978  0.15205036  0.09598377 -0.12836151  0.02373487
  0.09887148  0.10619545 -0.15156077 -0.01931305  0.03912099  0.14065957
 -0.05641172 -0.02241253  0.07430305  0.14133015 -0.000702   -0.04481056
  0.05745025  0.03079737  0.12667836  0.04304413 -0.1114736  -0.15628681
 -0.04326606  0.01727924 -0.03079671 -0.07153535 -0.05589878 -0.08377778
 -0.054414   -0.23300695 -0.01510955  0.1509627   0.08883359 -0.00491563
 -0.01006888  0.08896051  0.01071029 -0.07839385 -0.01044354 -0.03999647
 -0.01087564  0.02717082 -0.15748146 -0.00287622 -0.03783456  0.07868429
  0.04213553 -0.04716035 -0.12039382  0.02766246 -0.04748608  0.12116287
  0.02960997  0.09389342]