[-0.08908883  0.03311507  0.06287511 -0.1373665   0.06845681  0.06450461
 -0.0497312  -0.03788706  0.03842741 -0.07976902 -0.03219168  0.00364875
 -0.0284444   0.02846002  0.17725533 -0.12916665 -0.03212697 -0.20526665
  0.08791203 -0.01227936 -0.09099922  0.08172073 -0.03744945  0.00370343
  0.0689781   0.06588865  0.02326028  0.01988212  0.02883385 -0.08877793
  0.22181864 -0.21518061  0.02637433 -0.02263756  0.06615046  0.14756283
  0.06154153 -0.00980475  0.0438154   0.03651947  0.13177778  0.03429025
 -0.03452713  0.02187323 -0.03075975  0.09435882  0.00156582  0.04284512
  0.00222514 -0.05611287 -0.26374832 -0.06368713  0.07427071 -0.0808958
  0.01042151  0.05689951 -0.22318853  0.20248725 -0.19200274  0.02794109
 -0.13410674  0.05317466  0.10535219 -0.06063438  0.07809562  0.07737061
  0.07316859  0.07489111 -0.01758908 -0.05863822  0.07639634  0.04816168
 -0.06169032 -0.04888696  0.14743571  0.06026945 -0.09071369 -0.00352524
  0.09216169  0.07869108 -0.05263505  0.02514454  0.05876157  0.08661903
 -0.01636262 -0.11896507  0.08473631  0.07253568 -0.0433962  -0.00366566
  0.11215484 -0.02202361  0.12740695  0.08919358  0.00417994 -0.09161559
 -0.01081709 -0.08830557 -0.03231162 -0.02213282 -0.14558722 -0.05687796
 -0.10964721 -0.14401636 -0.16442549  0.15902571  0.00228416 -0.08276879
 -0.01459926  0.0354687   0.15120545 -0.03570626 -0.05580351  0.06258624
 -0.00965702  0.03185    -0.14000444 -0.00835249 -0.04061283  0.08097287
  0.05695323 -0.02160402 -0.10146213  0.06716002 -0.05945409  0.06115006
 -0.03098727 -0.00745131]