[-0.05493749  0.10417295  0.01327752 -0.12649623 -0.04565002  0.08690276
 -0.13748881  0.07566769 -0.1619066  -0.00599272 -0.03436847 -0.0985958
  0.02095215 -0.03035529  0.13950768 -0.05756223  0.01148919 -0.20898837
  0.19604708  0.0145744  -0.01992273 -0.06334577  0.066706    0.05847507
  0.09819409  0.04324522  0.09484719 -0.09715641  0.06658111 -0.09780313
  0.13776255 -0.22950961  0.0413301   0.00431372 -0.02743484  0.04846438
  0.02817732  0.0537917   0.06970031  0.042707   -0.023068   -0.08558081
 -0.03991799 -0.00514888  0.03565774  0.13929859  0.1352596  -0.01034049
 -0.20997137 -0.03519366 -0.14528783 -0.01622149  0.12208464 -0.05389135
 -0.05265954  0.04639872 -0.00659441  0.12701342 -0.04264742 -0.11069411
 -0.02772061  0.10683636  0.07632703 -0.09121295  0.04352026  0.10193364
  0.0461786   0.06617308 -0.00120552 -0.09518021 -0.07751452  0.00436036
 -0.18669127 -0.05413959  0.20860294  0.00254714 -0.04373888  0.06373249
  0.14288668  0.1949999  -0.17926079 -0.07771282  0.00505795  0.00508507
 -0.02935602 -0.00606769 -0.01133472 -0.00211725  0.01573071 -0.05325355
  0.06006555  0.01299114  0.10190462  0.12514727  0.00809035 -0.05687825
  0.05218212  0.07908203 -0.03793253 -0.09222648 -0.10999025 -0.03760126
 -0.11900472  0.00233502 -0.14301673  0.13474208 -0.01334648  0.01348176
 -0.01411616 -0.10487413  0.09838165  0.05298641 -0.00714757 -0.04378806
  0.01419704  0.06407889 -0.20584522 -0.07093896  0.02348902  0.09940682
 -0.01834876 -0.05837398 -0.09840889  0.01985055 -0.07259566  0.06309228
 -0.04512469 -0.02751271]