[-0.03646655  0.06481174  0.06463595 -0.09575655  0.09390856 -0.03971165
 -0.05676099 -0.04869288 -0.12983322 -0.03512011 -0.0016439  -0.07047753
  0.03441612  0.20449448  0.18963417  0.06644943  0.10980117 -0.08974677
  0.15217069  0.01816727  0.08587126  0.04705295  0.10519589 -0.01985469
  0.11108521  0.08794604 -0.02644261 -0.04671662  0.16903633  0.04936314
  0.10061778 -0.054713    0.10069585 -0.04492526  0.03006372  0.09164006
  0.04082561  0.19379388  0.08577933  0.01131585 -0.06800053  0.14940794
  0.01567801 -0.00942901 -0.04021222  0.18052109  0.13064454 -0.08455385
 -0.09217915 -0.14891028 -0.13792002 -0.00296968  0.03081972 -0.03239421
  0.02243561  0.04848004  0.01276659  0.20100808 -0.08022963  0.00287183
 -0.06094684 -0.02275887  0.05574669 -0.07126012  0.15136024  0.07679146
 -0.01342927  0.10969785  0.01097723  0.00605684  0.08089214  0.08846259
 -0.10020837 -0.0685776   0.10338328  0.01748332 -0.05859367  0.02216902
  0.04565679 -0.00190391 -0.05894205  0.07646852 -0.01679954  0.01307505
  0.00241637 -0.1260218  -0.00325348  0.02023469 -0.05076012 -0.06293169
  0.04723842  0.03717409  0.00394046  0.04837859  0.12206095 -0.06750093
  0.01287565  0.14802943 -0.01073684 -0.00615007 -0.16522828 -0.03560214
 -0.01329957  0.00107633 -0.23373993  0.13616511 -0.01524019 -0.06577334
  0.22590007 -0.1527725   0.04048605 -0.00333187 -0.11451136  0.0213298
  0.09469316  0.06599434 -0.09990834 -0.1433197  -0.09184334  0.09407795
 -0.00992132  0.08105889 -0.08574468  0.05851187 -0.09212673  0.08485752
  0.03299074  0.01074558]