[-0.00117627  0.12764046  0.02333246 -0.16166735  0.08189131 -0.06178046
 -0.05970433 -0.03465677 -0.04729869  0.04071075  0.02586525 -0.06544557
  0.04315377  0.13738602  0.14610757  0.10224127  0.07759235 -0.05672545
  0.04697552 -0.01758872  0.03341255  0.13309625 -0.00280672 -0.10487297
  0.04181168  0.14046586  0.06338285  0.05274946  0.14006184  0.08274261
 -0.06883406  0.07691178  0.15045242  0.06918724  0.0469058   0.01754994
  0.24277781  0.12783071  0.1962169  -0.04802689 -0.0093351  -0.02944211
  0.173306   -0.08254112  0.00512743  0.19650124  0.10253674 -0.01391536
 -0.12877278 -0.11067005 -0.08542522  0.05099206 -0.0199221   0.1122307
  0.06691492  0.01392368  0.04587469 -0.05530854 -0.15793149 -0.03035543
 -0.00791191 -0.1162689  -0.01415447  0.00823143 -0.00309006  0.13125449
 -0.07709529  0.17264538  0.1093578  -0.04710556 -0.01309364 -0.07445522
 -0.13402542 -0.10360103  0.18404347  0.04158762 -0.01433772  0.06374828
  0.0268719  -0.08812405  0.05128987  0.17576554  0.03947742  0.09105939
  0.03434719  0.01270948 -0.01225175  0.07407617  0.0339294   0.11938726
  0.06448586 -0.06283365 -0.07517255  0.10506346 -0.03178819 -0.02617954
 -0.05271226  0.114103    0.05570552 -0.08288106 -0.03778229 -0.05758104
  0.00936428  0.06815245 -0.08738898  0.04759879 -0.07420887  0.0384377
  0.06194431 -0.12489196  0.01072671 -0.03883794 -0.13484497  0.05941946
  0.07388742 -0.03825669 -0.10016356 -0.1585861  -0.06738347  0.00214038
  0.13586111  0.11113021  0.09234004  0.08230039 -0.01384163 -0.02044848
  0.09004677 -0.01900119]