[-0.07771794  0.12795034  0.16395146 -0.20984717  0.06682929  0.02766533
 -0.01642231  0.05634581  0.06573003 -0.08562922 -0.0249451  -0.09895524
 -0.03410826  0.01778403  0.15201062  0.02283968 -0.1055778  -0.07742793
 -0.09657378 -0.14830972  0.07194469  0.19957128 -0.04364138 -0.16971229
  0.01153407  0.08077466 -0.03948957  0.02975034  0.12384753 -0.06239867
  0.09438854 -0.02321823  0.02628259  0.05933501  0.08770848  0.0440577
  0.14762464  0.07593383  0.12721016  0.07855381  0.11592025  0.03530914
  0.0482103  -0.00686241  0.02885664  0.12874456  0.02832297 -0.05288525
 -0.10864752 -0.10296856 -0.20394635  0.03986777 -0.07185534  0.0804235
 -0.02806846  0.01632961  0.00425805 -0.00349958 -0.19728765 -0.02893036
 -0.05096027 -0.05023662 -0.00464851  0.05351387  0.00716781  0.02569818
  0.0305398   0.13763291  0.14170203  0.0762452   0.08581597  0.0005784
 -0.03036945 -0.02750393  0.14014874  0.00446906 -0.16906615  0.03485234
 -0.03322805 -0.08304904  0.03342652  0.20707546  0.08949112  0.1416373
 -0.02326615  0.01351969  0.1064653   0.09137667 -0.0617219   0.04674621
  0.13723797 -0.06627357 -0.06917194 -0.01465237 -0.01165578 -0.01597837
 -0.05995381  0.05611814 -0.04276638  0.05290586 -0.12012687 -0.08252575
 -0.03973837  0.02985902 -0.04804732  0.02305699 -0.07805622  0.05452873
  0.04397839 -0.08986561  0.03490287 -0.05446034 -0.21710347  0.04729468
  0.09827761  0.00654785 -0.08196781 -0.1426803  -0.00243421 -0.01026427
  0.16616802  0.14569651  0.05733542  0.10292349  0.00777658 -0.07942159
  0.05438896  0.03754046]