[-0.05483761  0.11209533  0.04798952 -0.17526589  0.11081097 -0.03971295
 -0.0650724  -0.10762616 -0.01431683 -0.0769861  -0.01258215 -0.0599966
  0.05773409  0.21052225  0.15659152  0.07237286  0.04050948 -0.08460934
 -0.01825893 -0.04061832  0.0317663   0.15029657 -0.01131349 -0.1483888
  0.05421246  0.11548565 -0.05311383  0.08497287  0.11350702  0.05939246
  0.07472914  0.08644363  0.09275281  0.01623122  0.03757915  0.09505118
  0.16064195  0.11273208  0.18185428  0.02289477  0.05044705  0.0861963
  0.14561966 -0.0583655   0.0101555   0.15008278  0.07541481 -0.0245673
 -0.06241195 -0.15033658 -0.19797412 -0.03111975  0.00256524  0.06162345
 -0.00924785  0.03305062 -0.06116413  0.09591822 -0.15363932 -0.00201349
 -0.07682826 -0.00643111  0.01202844  0.01049878  0.0060844   0.16792284
 -0.00785158  0.1719567   0.06682736 -0.07353773  0.09550524 -0.02468666
 -0.0426415  -0.07045858  0.16732994  0.06528691 -0.09759958 -0.0857653
 -0.02341072 -0.06685226  0.08618078  0.17844148  0.04204293  0.09280173
 -0.03377458  0.01728422  0.03747933  0.0247404  -0.07061395  0.02816573
  0.08287849 -0.07467861 -0.00550437  0.05297314  0.0175975  -0.02216942
 -0.09778126  0.10407768 -0.0089344   0.00452069 -0.15054922 -0.09114344
  0.01110666  0.0637655  -0.16247937  0.11388352 -0.09184644  0.04694295
  0.06956264 -0.10177817  0.04088712 -0.09445412 -0.19518267  0.09933048
  0.01670629 -0.01179796 -0.12550558 -0.07844322 -0.05537797  0.00924288
  0.12188928  0.09940343  0.01388816  0.07328271 -0.05988291 -0.02030792
 -0.0124048   0.00847896]