[-0.0419668   0.10313035  0.04298686 -0.14266829  0.08698219 -0.00526219
 -0.10085668  0.01077715  0.05660466 -0.02551331  0.01163373 -0.12299673
  0.07543568  0.05916683  0.1870454   0.06819395  0.04561796 -0.04781557
 -0.03433123 -0.03815727  0.08613361  0.08553713  0.01539437 -0.09635522
  0.10970777  0.04071026  0.0023315   0.01335594  0.1247815   0.02355125
  0.13175012  0.06733772  0.15646115  0.06677926  0.07607921  0.02564764
  0.1958359   0.08888806  0.15202242 -0.11874121  0.07690327 -0.06596557
  0.1367128  -0.00654374  0.00449738  0.06546882  0.03885837  0.04615832
 -0.07329524 -0.13651335 -0.17829873 -0.00861565  0.08578497  0.02162424
 -0.03216448  0.02328531 -0.0187902  -0.09041065 -0.10834686 -0.14840028
 -0.09336114 -0.08688422 -0.04858627  0.02895853 -0.06080775  0.19828029
 -0.0283715   0.14590421  0.07028837 -0.12357675 -0.0305953  -0.09578083
 -0.13593113 -0.19137289  0.15546973 -0.00472959 -0.07027594 -0.01728213
  0.01782846  0.07217308  0.03365376  0.11659516  0.05338227  0.08744124
  0.07788672  0.04204382  0.00600976  0.08890186  0.01813808  0.08804356
  0.08927518 -0.04106385 -0.08836147  0.07714823 -0.08072033 -0.02827682
 -0.12646401  0.14201978 -0.05391431 -0.09909679  0.00445583 -0.10533921
  0.02412189  0.03142354 -0.06997792  0.05104746 -0.03072645  0.05209307
  0.13112508 -0.08738789 -0.01136836 -0.03783549 -0.21165033  0.053267
  0.07194017 -0.04113581 -0.16526921 -0.10790227 -0.02113198  0.04035382
  0.14881937  0.08774409  0.01237295  0.09628391 -0.01915409 -0.07700411
  0.08545225  0.02782037]