[-0.03475948  0.08838009  0.07622747 -0.03666053  0.08237128 -0.08849053
 -0.00206612 -0.07103139 -0.07450386  0.02102064  0.03913921 -0.04399119
  0.05633411  0.22334975  0.1749264   0.04076433  0.1727092  -0.02404621
  0.06323589  0.06880126  0.01734535  0.07402059 -0.05460272 -0.02731812
  0.00503742  0.05336565 -0.13479641  0.02125431  0.11642666  0.11000396
 -0.02693874  0.0844148   0.12022668 -0.03060399  0.05489282  0.15326619
  0.1181682   0.10365966 -0.00115387 -0.03819153 -0.0239772   0.12702656
  0.04910807 -0.09439354  0.0010149   0.30003214  0.11781383 -0.05855585
 -0.11987121 -0.20851028 -0.11527468  0.0147814   0.00777225 -0.02034648
  0.06935201  0.07590786 -0.1079874   0.03999117 -0.06905343  0.09064271
 -0.03226907 -0.00384922 -0.06185919 -0.05597663  0.12116073  0.08906425
  0.01212776  0.08867126  0.01269087 -0.05457469  0.1348961  -0.04212051
 -0.02131158 -0.13675995  0.09958398  0.14149746 -0.05329511  0.06308507
  0.02482508 -0.14934137 -0.00437303  0.14830296 -0.11484782  0.01176694
  0.02085443  0.02441559 -0.01458985 -0.0353137  -0.10091981  0.08520138
  0.03360522 -0.00855682  0.00428025  0.05297939  0.01664975 -0.01342299
  0.01284343 -0.00526634  0.06000889 -0.00071802 -0.07703617  0.01684501
  0.02327608 -0.07893774 -0.22476305  0.14687812 -0.00779415 -0.05807915
  0.10496958 -0.05782958  0.00630934 -0.10906982 -0.12865512 -0.06024298
  0.03148119 -0.00537439 -0.14633738 -0.18167739 -0.12624271 -0.0084682
 -0.0142271   0.0629852  -0.03507715  0.13216855  0.03102417  0.10783158
  0.03848603 -0.07833552]