[-8.60835016e-02  2.57776052e-01  2.00985476e-01 -3.56261954e-02
  7.45163038e-02  9.94084179e-02 -3.11809517e-02 -2.47326139e-02
 -2.55955197e-02  1.99699514e-02 -3.69565450e-02 -4.10824008e-02
 -1.16225146e-01 -1.18633419e-01  1.49501741e-01 -4.83464524e-02
 -1.22731492e-01  1.57415699e-02  1.18452217e-03 -9.89089906e-02
 -8.67034495e-03  1.58874542e-01 -7.47826844e-02 -5.04709929e-02
  1.11140884e-01 -9.99916494e-02 -3.17310877e-02  9.99750048e-02
  9.74387452e-02  3.79556865e-02 -1.29859960e-02 -1.18111759e-01
  4.73480783e-02  2.48529688e-02  1.38594434e-01 -3.38897221e-02
  1.35576025e-01 -2.04953775e-01  4.70303819e-02 -5.11514843e-02
  1.41097948e-01 -1.04974411e-01  1.91560477e-01 -4.75616343e-02
 -5.12419567e-02  1.24046788e-01  1.24536991e-01 -1.53349703e-02
 -1.62338078e-01 -8.75767227e-03  7.70494062e-03  5.74722402e-02
  1.64877460e-03  2.22277232e-02  4.95621338e-02  4.84970361e-02
 -4.83034141e-02 -1.41217649e-01 -1.18315145e-01 -3.93022113e-02
 -3.03504355e-02  2.42040306e-02 -6.61071315e-02  3.90376616e-03
  3.87316346e-02  1.07997246e-01 -2.66067535e-02 -8.57814699e-02
 -7.17238933e-02  5.75725920e-02  2.93276887e-02  1.30741047e-02
 -9.87109262e-03 -5.83678037e-02  1.55293480e-01  1.02941118e-01
 -7.04540163e-02  3.71682569e-02  4.18759286e-02 -5.16489781e-02
  6.29158691e-02  1.37482107e-01  8.94075558e-02  2.09726319e-01
  9.43509266e-02  6.68696687e-02 -5.52123562e-02  5.13409637e-02
 -3.50298956e-02  2.32017130e-01  5.95062859e-02 -4.03585695e-02
 -9.41980109e-02  4.32913192e-02 -1.38936520e-01 -8.08764473e-02
 -5.24571016e-02  6.77865371e-02  1.91079937e-02 -4.48917821e-02
  2.47952100e-02  1.96921844e-02  5.66829741e-02 -1.17416404e-01
 -5.96563071e-02  9.29284841e-02  5.64805418e-02  6.50069788e-02
 -4.07316387e-02  5.43731600e-02  1.05206296e-01 -1.01336725e-01
 -4.57674786e-02 -1.78162269e-02 -1.77631918e-02 -8.93125683e-02
 -7.68539310e-02  3.35889235e-02 -1.83355939e-02  2.18906649e-03
  1.44565865e-01  2.30330566e-04  4.04820172e-03 -3.24722603e-02
  7.66415745e-02  7.05994517e-02  1.69127166e-01 -3.47197009e-03]