[ 0.00155961  0.26669896  0.16822478  0.02514226  0.03223816  0.1590205
 -0.03187536 -0.03657705  0.03706447 -0.01385549  0.06461459 -0.03241828
 -0.11221662 -0.09975865  0.13187322 -0.05374488 -0.10231068 -0.03751596
 -0.06330424 -0.07999495 -0.0174022   0.14406548 -0.08935235 -0.02798035
  0.11093227 -0.12711759  0.00573625  0.1218891   0.03011108  0.02040513
  0.00548504 -0.08141245 -0.0194648   0.11299963  0.05802108  0.0586746
  0.14545546 -0.19364415  0.02722617  0.02335843  0.12137693 -0.10958651
  0.12808776 -0.08013931 -0.02784597  0.06168648  0.09773442 -0.0015177
 -0.11879712  0.07012053  0.05610824  0.11775269 -0.12212127  0.05702622
  0.07773443  0.03030809 -0.13179918 -0.12469736 -0.11636164 -0.00961721
 -0.06155218 -0.03309055 -0.01808179 -0.11465458  0.03242165  0.07504978
  0.0544369  -0.03940898 -0.06137124  0.20000097  0.0213178   0.08090938
 -0.00121532  0.01221199  0.13096049  0.01884763  0.01161443  0.0894658
 -0.03279282 -0.05642026  0.06867612  0.12421698  0.07452857  0.10601594
  0.04778838  0.07557299 -0.04709807  0.01987336 -0.01893913  0.24638246
  0.07795309 -0.13822274 -0.08515661  0.0467997  -0.11716673 -0.07643614
 -0.03227435 -0.05319231  0.06653607 -0.00587531 -0.0440825   0.02116725
  0.00240523 -0.07546498 -0.04059666  0.1184074   0.0069976   0.05023568
 -0.10027453  0.03789029  0.04833617 -0.02165375 -0.03745323  0.03681072
  0.04232747 -0.12557335 -0.01200222  0.02222287  0.0308402   0.0196967
  0.15301923  0.05345568  0.09106487  0.08839761  0.17007889  0.008732
  0.22570153 -0.01038183]