[-5.76007850e-02  2.40497425e-01  1.22078836e-01  4.73482311e-02
  3.51069979e-02  9.35198888e-02 -2.24434044e-02 -2.47757584e-02
 -1.76888015e-02  8.82622600e-02  3.22352201e-02 -2.38697268e-02
 -5.15426733e-02 -1.86871633e-01  1.36873558e-01 -8.47606175e-03
 -1.11658260e-01 -1.56227304e-02 -1.58081949e-02 -3.11100949e-03
 -2.68319957e-02  3.19463760e-02 -9.28870365e-02 -1.00234076e-02
  1.15405478e-01 -5.35013750e-02 -5.78533970e-02  1.27872583e-02
  7.58633614e-02  3.98235172e-02  2.82339897e-04  3.96456085e-02
  3.94791812e-02  8.68959203e-02  6.45195097e-02 -1.40243247e-02
  1.75622195e-01 -1.45172149e-01  9.26331654e-02 -8.59610364e-02
  1.72284663e-01 -2.30193987e-01  1.78240865e-01 -8.13569874e-02
 -3.97114493e-02  5.57263903e-02  1.61167741e-01  1.80535093e-02
 -1.53119966e-01 -1.98885370e-02  2.38409285e-02  6.00032210e-02
 -5.34930825e-03  3.75557989e-02  9.54822749e-02  3.61863710e-02
 -6.38236925e-02 -2.09882841e-01 -7.78651163e-02 -7.96778128e-02
 -6.68442920e-02 -4.37672772e-02 -6.46269396e-02 -5.41829988e-02
 -5.36015941e-05  1.75898403e-01  8.68613087e-03 -8.27008337e-02
 -4.92543653e-02 -3.52337174e-02 -7.10152537e-02  2.17307415e-02
 -5.91934323e-02  6.64089434e-03  2.06883416e-01  2.79805996e-02
 -1.01763019e-02  1.05309166e-01  4.22202200e-02  4.69514765e-02
  3.33485827e-02  9.71211642e-02  7.04138279e-02  1.35818958e-01
  9.54436287e-02  1.32078648e-01 -3.30650508e-02  6.86641186e-02
  2.53987554e-02  1.87475696e-01  5.33140115e-02 -4.42685224e-02
 -7.27783963e-02  7.32607469e-02 -2.15816557e-01 -8.50103348e-02
 -4.85165380e-02  3.90644260e-02  5.26074730e-02 -1.09866641e-01
  3.11740674e-02 -3.17469425e-02  4.15403657e-02 -3.03453915e-02
 -2.60252808e-03  1.08526044e-01  5.34319207e-02  1.45957068e-01
 -2.42218208e-02  6.12862110e-02 -1.97635987e-03 -9.72971227e-03
 -7.45956227e-02 -4.81583141e-02  5.78667689e-03 -1.37347221e-01
 -9.60453823e-02 -1.65634602e-02  9.95572750e-03  1.43750757e-02
  1.56395048e-01  2.55294591e-02  5.20597361e-02  5.00435978e-02
  6.38299957e-02  4.97956276e-02  1.65027052e-01  1.16228254e-03]