[-0.03308409  0.1055933   0.24712096  0.05164954  0.08006797  0.06612212
 -0.03573497 -0.17712852 -0.04261046 -0.08931078 -0.06682158  0.05212095
 -0.14859876  0.00421654  0.10164253 -0.05129183 -0.08979534  0.0179488
  0.02554758 -0.05513692 -0.05467125  0.18300167 -0.06611332  0.01052455
  0.10530153 -0.05067912 -0.07404338  0.14051414 -0.00161532  0.04174579
 -0.02351824 -0.06185721 -0.01571888 -0.01872277  0.12560447  0.00828053
  0.04095877 -0.21074323  0.06077908 -0.02489984  0.11799138  0.00356573
  0.14218271 -0.17797327 -0.02755295  0.1017299   0.05085955 -0.04774622
 -0.04739347  0.01778752  0.03445623  0.02569587  0.11641908  0.02810923
  0.07181776  0.00346413 -0.01406749 -0.02531492 -0.11749994  0.05488737
  0.00360874  0.15628117 -0.07888304  0.01120663  0.02231961  0.15683025
  0.00454529 -0.07904568 -0.13229275  0.06519119  0.06361083  0.03581122
  0.04417543  0.01536047  0.12890443  0.13066299 -0.05160818 -0.13689247
  0.04521878 -0.02143274  0.13903785  0.13085055  0.10155939  0.12675017
  0.0790148  -0.0011445  -0.06616724  0.02744934 -0.15899578  0.19046251
  0.05187041  0.02476516  0.0353952   0.10673241 -0.13947149 -0.03326324
 -0.04018123  0.0109611   0.06888218 -0.0153313   0.04278178  0.0261189
  0.01774397 -0.1247794  -0.03325391  0.1004784   0.09164298 -0.02581443
 -0.08376589  0.09631715  0.13251053 -0.10363289  0.05165171 -0.00936561
 -0.06654913 -0.03301489 -0.08406124  0.15822761 -0.08419811 -0.00982286
  0.08880546 -0.04166129 -0.01875511 -0.16575775  0.03817574  0.17305984
  0.11200219 -0.00754722]