[-0.08320858  0.25742713  0.09139834 -0.01949821  0.02917007  0.09292661
 -0.04851511 -0.09004692 -0.02825583  0.03928469 -0.03677735 -0.03744774
 -0.14310387 -0.06843872  0.08796423 -0.06718262 -0.0877161   0.02420381
  0.05491168 -0.07519891 -0.11995209  0.07374226 -0.08828985 -0.03286584
  0.07975846 -0.04239446  0.00484184  0.12520342  0.05764386 -0.00244344
 -0.0392972  -0.03583353  0.02904424  0.02434743  0.08864977  0.02628777
  0.13599043 -0.19290029  0.05630537 -0.06046678  0.12052479 -0.13504551
  0.19700195 -0.08898599 -0.01730424  0.12777199  0.14461166  0.0247676
 -0.1898053   0.01045393 -0.04641981  0.061146    0.04643992  0.01705315
  0.05913032  0.07287195 -0.06828526 -0.08162852 -0.09564949 -0.04586496
 -0.04544278  0.10532088  0.03050927 -0.05717298  0.01043566  0.23843513
 -0.01478453 -0.10051945 -0.10138113  0.07654193 -0.0385817  -0.0206957
 -0.01755344  0.05251488  0.18046705  0.03776008  0.00533201  0.00653065
  0.02840186 -0.16424769  0.03086714  0.17179443  0.00763969  0.08319967
  0.05307242  0.08713501 -0.12073557  0.02266624  0.0245329   0.24686347
  0.12829624 -0.04332651 -0.01819592  0.02264619 -0.01469928 -0.01413197
 -0.03259161  0.06461903  0.07142011 -0.05884918 -0.01041435 -0.01903181
  0.03715214 -0.10856752 -0.0687262   0.16346788  0.04761494  0.01215129
 -0.10890288  0.05259652  0.12728579 -0.02357809  0.05697605 -0.04006428
 -0.00913043 -0.15169448 -0.02261776  0.001343    0.10774603 -0.03797156
  0.16883639 -0.06237845  0.07663593 -0.03312925  0.01803685  0.08111407
  0.13576615 -0.05772708]