[-0.01705281  0.23754141  0.26650095  0.0297064   0.07828593  0.14244384
  0.01834415 -0.05356221 -0.01517037 -0.03658976 -0.06025349 -0.02188778
 -0.09851642 -0.10867527  0.14537849 -0.02656047 -0.08438516 -0.00523892
 -0.07509203 -0.0976073   0.0234268   0.16479191 -0.09513355  0.05483076
  0.11914521 -0.15845814 -0.09559322  0.09741595  0.06399759  0.07321447
  0.0194799  -0.07066368 -0.0430861   0.07175551  0.11324229 -0.03285643
  0.10608506 -0.19687921  0.02081134 -0.03836719  0.12064569 -0.07618289
  0.18592943 -0.11868727  0.01869111  0.1004753   0.09977351 -0.02002564
 -0.15168229  0.02187591  0.08874041  0.02291328  0.02556554 -0.00235745
  0.07994205  0.03733997 -0.08867051 -0.05565723 -0.06837349 -0.03640148
 -0.01958182  0.07464807 -0.10083096 -0.08322902  0.04766269  0.10701422
 -0.00222368 -0.09144437 -0.16472648  0.0861442   0.03571466  0.06090462
 -0.01407444 -0.04350903  0.11045511  0.11907418 -0.0092742   0.0078171
  0.05427875 -0.00309623  0.10568392  0.10791638  0.08240724  0.13916804
  0.0895537   0.01341608 -0.05702097  0.012213   -0.0980688   0.25717464
  0.04311964 -0.06936777 -0.06716417  0.07295471 -0.15717649  0.00759457
 -0.01366428  0.00848845  0.04265324  0.00311733  0.04563332  0.0385678
 -0.00430442 -0.05624532 -0.09684768  0.07255479  0.0195144   0.02150512
 -0.064359    0.04372672  0.09898853 -0.05771925 -0.03823776 -0.01169984
  0.0096482  -0.04353019 -0.10918638  0.11244639 -0.08748702  0.04041169
  0.10677635  0.02909286  0.01243924 -0.03757587  0.10494025  0.10808197
  0.14195077 -0.08052962]