[ 0.06784452  0.1579515   0.1491003  -0.04215283  0.05641725 -0.02223947
  0.05809866  0.08083919 -0.06752685 -0.00863699 -0.02151614 -0.06557087
  0.02753532  0.07670406  0.03902132 -0.06206345  0.13928016  0.09135047
 -0.04922296  0.02090787  0.14905402  0.07001431  0.05130052  0.00124557
  0.02202565 -0.12311124 -0.08591325  0.08415531  0.14457104  0.09913399
 -0.05946091 -0.11181404  0.0697754   0.01295677  0.10780991 -0.1298418
  0.05727852  0.20743999 -0.02703292 -0.10111617 -0.13522282  0.14723732
  0.0364814  -0.01007083 -0.08267217  0.04882335  0.00614545 -0.05794551
 -0.07706156  0.04456156  0.05209937  0.15749019 -0.05805696  0.05311704
  0.03735779 -0.05852347  0.0681135  -0.02829287 -0.02880473 -0.16454388
  0.01917057 -0.06401114 -0.03235504 -0.03571662  0.01938367 -0.06390394
 -0.01727662  0.02855508 -0.10787452  0.07485308  0.13936132 -0.01695257
 -0.00353216 -0.0531054  -0.06741845  0.03490798 -0.01523248 -0.00726306
  0.12768136 -0.03128168 -0.07548579  0.06258924  0.06308606  0.05399424
  0.19384588 -0.17072351 -0.07109696  0.0668274   0.14203027  0.09087508
 -0.01856103 -0.07952574 -0.02630302  0.00849479  0.03613417 -0.17389187
  0.05796378  0.13239387 -0.10737091 -0.02491539  0.04487202  0.19036961
  0.04311068  0.05886285 -0.15016885  0.0013217   0.0479829  -0.04754263
  0.25141871 -0.10313842  0.06966179 -0.02213062 -0.13859373  0.14064933
  0.06763557  0.02409951 -0.01625061 -0.08635634 -0.07488585  0.0296144
 -0.07460422  0.09900998 -0.03787112 -0.0007211   0.1051318  -0.03093781
  0.20171544 -0.0566364 ]