[ 0.11773802  0.16533537  0.05034516 -0.00054069  0.05240981  0.08013763
  0.03112933  0.11696793 -0.08770864  0.01515135 -0.02038504 -0.04053052
  0.02621703  0.01043243  0.05039273 -0.04525097  0.12281626  0.00264407
  0.010101    0.06906525  0.10408304  0.02302557  0.10473797  0.01705202
  0.03543277 -0.1649925  -0.02103549  0.02974905  0.08089571  0.08916605
 -0.05436042 -0.1061577   0.08053637  0.07411475  0.03348696 -0.07886085
  0.08709468  0.12677912 -0.0646885  -0.10916632 -0.12748547  0.0200393
  0.06078522 -0.03679396 -0.11239232  0.03951384  0.05540206 -0.02554418
 -0.09807426  0.16608348  0.10983556  0.16461852 -0.05581684  0.05947116
  0.1091688  -0.046423    0.07233627 -0.07321571  0.00252306 -0.16202034
 -0.03266035 -0.06307977  0.00074984 -0.1714257   0.04327492 -0.06673007
 -0.03337241  0.02091577 -0.15344664  0.12089839  0.04700929  0.03094816
 -0.09524308 -0.02326103 -0.0283071   0.04541377  0.08675893  0.04335916
  0.109828    0.03321371 -0.09788264 -0.0307234   0.06984192  0.05779252
  0.1857186  -0.12040824 -0.10562674  0.06682069  0.18509366  0.15090437
 -0.00907059 -0.09843422 -0.08098212  0.05479232  0.01882215 -0.128778
  0.08924088  0.14682017 -0.08137103 -0.05035492  0.06851974  0.18701829
  0.01806093  0.04167895 -0.16036984  0.03201304  0.01234632 -0.0392381
  0.16704121 -0.08018059  0.02932008  0.03254338 -0.05685301  0.08175565
  0.09193739  0.01030919  0.0572886  -0.08056822 -0.01258373  0.13948986
 -0.02549867  0.04431268  0.0466002   0.02392297  0.10877766 -0.01955788
  0.27679616 -0.02896933]