[ 0.07085831  0.03124123 -0.01368232 -0.11823424  0.12429311  0.06411452
  0.04816723  0.1158118   0.02990963 -0.0252182  -0.05532569  0.05229902
  0.10679891 -0.09334975 -0.058526   -0.01752702 -0.03316848  0.10568073
 -0.24100198  0.03838282  0.12864228  0.13705061  0.13610242 -0.02059875
 -0.11310799 -0.1398989  -0.04397051 -0.03088459  0.00170031  0.09536105
 -0.03967138 -0.02928481  0.00495821  0.07065129  0.0350534  -0.1743426
 -0.02433423  0.11876445 -0.06982928  0.02973844 -0.07836036  0.07080276
 -0.05357058  0.10432751 -0.13797528 -0.13074064 -0.07055726  0.04892647
  0.05332644  0.22796203  0.11310159 -0.00407077 -0.10343637  0.03407994
 -0.06164918 -0.10626933  0.09424904 -0.03019554 -0.02811252 -0.10000233
 -0.02153604 -0.0632655   0.00986333  0.04374086 -0.07050059 -0.26724109
 -0.03444443  0.08662538 -0.06273049  0.01546206  0.08267489  0.01613053
  0.04745083 -0.03221641 -0.17784393  0.03091744 -0.05996078 -0.12406148
  0.03016849  0.09007063  0.07025961 -0.01271434  0.07048738  0.11909306
  0.07897869 -0.10081001  0.03873974  0.05715968  0.12294948  0.04012711
 -0.05406274 -0.10212114 -0.12852485  0.01049958 -0.03611511 -0.07728227
 -0.07010456  0.07217284 -0.16960631  0.01086589  0.13253893  0.08295293
  0.00550442  0.11209965 -0.02811694 -0.14641353 -0.10422061  0.01064914
  0.1223051   0.02194275  0.07798952  0.05209529 -0.11120125  0.17542656
 -0.06851048  0.08662241  0.00522013  0.06077729 -0.06562418  0.08618235
 -0.01740161  0.09215898 -0.00697474 -0.01832904  0.02821961 -0.13775818
  0.01313521 -0.01714517]