[ 1.03589281e-01  8.35916866e-03  7.08548026e-03 -8.78484640e-03
  1.05966911e-01 -1.48374084e-02  1.07407562e-01  7.71808401e-02
 -5.66045865e-02 -3.19028981e-02  4.27611992e-02  1.45677119e-01
  8.82885456e-02  4.44690278e-03 -3.98868658e-02 -1.43777400e-01
  7.71259069e-02  9.55820307e-02 -1.33517638e-01  1.48126155e-01
  2.59033479e-02  1.09122813e-01  4.38886471e-02  1.51264206e-01
 -6.20985031e-02 -1.13118999e-01  2.65011098e-02  6.57741800e-02
  7.33608706e-03  1.24170192e-01 -1.46682307e-01 -9.62064117e-02
  4.06354927e-02  8.24865177e-02 -4.19113226e-02 -1.45982817e-01
 -5.03226779e-02  8.97526890e-02 -1.77524403e-01  2.36257240e-02
  3.65849468e-04  1.00813784e-01 -1.26732392e-02  1.36198059e-01
 -2.39796072e-01 -1.08417794e-01 -2.92785820e-02 -1.46341033e-03
  6.07494600e-02  1.93058014e-01  1.62001833e-01  1.34488073e-04
 -1.35016590e-01  2.42715068e-02  6.48986772e-02 -5.33319376e-02
 -8.36651623e-02  7.84416720e-02  1.62557382e-02 -3.22401039e-02
 -6.99867979e-02 -8.37646350e-02  3.25903632e-02  3.80744673e-02
 -6.57468736e-02 -1.85147136e-01  1.03037581e-02 -4.15678732e-02
 -1.33346856e-01 -1.38595877e-02  1.09540120e-01 -5.36372187e-03
  1.22833066e-01  2.34679002e-02 -7.17741400e-02  4.60621789e-02
 -1.02216601e-02 -6.70455471e-02  6.27708063e-02  5.41549027e-02
  1.06721614e-02 -2.27377340e-02  8.92373994e-02  1.50409164e-02
  1.05361566e-01 -1.17074057e-01  5.87719604e-02  1.20434919e-02
  9.09029916e-02  7.03722984e-02 -6.43233731e-02 -1.37004152e-01
 -5.83217479e-02 -2.56861020e-02 -5.43615371e-02 -1.67780414e-01
 -2.33695749e-02 -4.58425917e-02 -4.79646623e-02 -8.32215324e-02
  3.36175077e-02  1.85837582e-01  1.20213620e-01  8.24083313e-02
 -1.66116312e-01 -4.50119376e-02 -6.20436557e-02  3.03950273e-02
  8.04842189e-02 -4.15111259e-02  1.72705874e-01  7.28722513e-02
 -6.73870370e-02  1.68444812e-01 -1.30462915e-01  2.99406075e-03
  3.65762040e-02 -1.90400251e-03 -5.50876968e-02  8.48650262e-02
 -6.49417266e-02  2.90245712e-02 -1.14526302e-01  2.43102061e-03
  4.65904213e-02 -3.18971425e-02  4.41120975e-02 -5.27929924e-02]