[-0.0211304   0.13796897  0.06682612 -0.13163449  0.15989333  0.07823116
  0.07103425  0.10427783  0.03155595 -0.05335763 -0.1169426   0.03386873
  0.04395573 -0.11372243  0.04417606 -0.08679152 -0.04454214 -0.02167055
 -0.11679471  0.06358534  0.09547856  0.08436554  0.05078119 -0.01085363
  0.01278031 -0.14849837 -0.08520178  0.03453185  0.13742092  0.07390571
  0.07259075 -0.08870546  0.05131447  0.06191854  0.08531456 -0.14292748
  0.10018405  0.0775659  -0.01863093 -0.07761156  0.07526734 -0.01065386
  0.11722115  0.05339892 -0.14004256 -0.07760786  0.03148497  0.05020471
  0.01254015  0.17099366 -0.05641953  0.02266391 -0.03029686  0.01828597
  0.06527346 -0.05075708 -0.02541727  0.01125531 -0.15148599 -0.16127789
 -0.09092167 -0.03342729  0.03554858 -0.03574368 -0.01980378 -0.06325588
 -0.03683112 -0.03635609 -0.153566   -0.05164123  0.03432328  0.04053518
 -0.06072201  0.03760885  0.00748515  0.06106431  0.00494279 -0.04033355
  0.13999313  0.07973395 -0.00902329  0.03075374  0.14032362  0.21953286
  0.19222102 -0.12862398 -0.00311804  0.17568086  0.16904178  0.08818958
  0.05222074 -0.09932282 -0.0825943   0.03772257 -0.02767732 -0.15693006
 -0.03794586  0.14485855 -0.15706283 -0.0494469   0.04260714  0.03569412
  0.00481931  0.07166573 -0.14683761  0.0388885  -0.02455921  0.05329569
  0.15554857  0.00671793  0.09513048  0.01055698 -0.17605712  0.16783699
 -0.0341293   0.01807152  0.02830073  0.03206573 -0.02805228  0.17919824
  0.04243965  0.09660927 -0.02849903 -0.01143996 -0.06083437 -0.05948979
  0.09294697 -0.01966876]