[ 0.07793537  0.05790966 -0.02661878 -0.11759228  0.13139363  0.04068728
  0.02743508  0.10412417  0.02521067 -0.04015103 -0.02948442  0.09723335
  0.06248216 -0.07297439 -0.09116789  0.0007049   0.0574649   0.11811884
 -0.22770399  0.05281039  0.10104348  0.16480632  0.11169087  0.06178582
 -0.08632465 -0.10766345  0.06710912  0.03320508  0.0396039   0.09078591
 -0.06694259 -0.05328381  0.05514359  0.090021   -0.02114579 -0.19369717
 -0.02367601  0.12777385 -0.09814859  0.050349   -0.0721591   0.09744467
 -0.00147813  0.1221801  -0.12202782 -0.11670534 -0.03727476  0.00448849
  0.00540433  0.21862808  0.1449918  -0.00067653 -0.11637387  0.00935463
 -0.04638109 -0.06883436  0.04240134  0.0418398  -0.01746809 -0.10369786
 -0.05038182 -0.0820385   0.04329158  0.02782701 -0.08134627 -0.23910572
 -0.06886356  0.0585558  -0.11913502  0.04540109  0.07792974 -0.02641461
  0.03707842 -0.02295473 -0.11985122  0.03229773 -0.01967601 -0.07702288
  0.00287981  0.02438671  0.03929661  0.04650569  0.09048464  0.08014128
  0.08947862 -0.12744851  0.02120903  0.0406272   0.11669377  0.0654958
 -0.07546104 -0.13300669 -0.16169518  0.03179791  0.07298224 -0.03240365
 -0.05743517  0.0583184  -0.15686424 -0.02457488  0.0661986   0.07314507
  0.01407231  0.16001403 -0.10858163 -0.12112527 -0.12106199 -0.02861353
  0.09488764 -0.0766746   0.13547137  0.09652699 -0.06442805  0.21853872
 -0.05681964  0.02488855 -0.02899632  0.01754752 -0.02876496  0.10318406
 -0.00826095  0.1116992  -0.02449528 -0.04061268  0.03875099 -0.10913464
  0.02285    -0.08190397]