[ 0.04495941  0.06626745  0.01450235 -0.11540186  0.10731545 -0.04480339
  0.05763369  0.10671044 -0.00027574 -0.01567173 -0.08399758  0.06837697
  0.09500036 -0.05219289 -0.04121396 -0.01043599  0.03566083  0.00137635
 -0.17080568  0.16826394  0.03907822  0.11147547  0.07568879  0.04655813
 -0.12519293 -0.07289078  0.01036433  0.08174422  0.07343826  0.0995004
 -0.10139051 -0.03519517  0.08230653  0.09683711  0.00382652 -0.16163604
  0.08877938  0.18635064 -0.11931492 -0.04215261 -0.06539287  0.02942994
  0.10613544  0.05562667 -0.09859341 -0.06868576  0.017118    0.06048543
  0.01642147  0.26502866  0.06807394 -0.05455356 -0.09830142  0.06111617
  0.09948368 -0.09096721 -0.04128512 -0.01278934 -0.04644237 -0.1188163
 -0.03938371 -0.07140455  0.00544581  0.01346313 -0.04845805 -0.13851163
 -0.06447633 -0.02440508 -0.15209438 -0.09536375  0.01181332 -0.05451221
  0.02310229  0.07372882 -0.04524968  0.03108091  0.08226307 -0.03724749
  0.12984866  0.01242681  0.09594538 -0.02228544  0.04532016  0.0901553
  0.16286364 -0.16452605 -0.04859274  0.11572307  0.21495311  0.14020474
 -0.0185701  -0.10848273 -0.10687789  0.04299607  0.01354105 -0.0335505
 -0.01670932  0.08220752 -0.1041568  -0.06102887  0.0565419   0.07300857
  0.00787361  0.09758794 -0.15131757 -0.051626   -0.08667388 -0.00904552
  0.13558517 -0.02571649  0.10404176  0.09836587 -0.0856197   0.20433012
 -0.09166035 -0.00389948  0.06676588  0.02964506 -0.09757718  0.09621346
 -0.03381864  0.12998942  0.03690951 -0.00149917 -0.0182363  -0.09041733
  0.0519374  -0.12402669]