[ 0.08343627  0.14692116  0.03166378 -0.07478426  0.11192389  0.03135502
  0.1036835   0.03482668 -0.13688789  0.02248691 -0.07304925  0.02192254
  0.08912097 -0.06494925  0.02360882 -0.00498143 -0.02602814 -0.01895056
 -0.11923709  0.12587461  0.06383092  0.10172644  0.08860856  0.00101126
 -0.06060516 -0.07269153 -0.07692845 -0.00875493  0.12184623  0.15331563
 -0.14175828  0.00068971 -0.00646089  0.07867204  0.04854427 -0.15316312
  0.03684105  0.16445358 -0.07586423 -0.05146289 -0.07109263 -0.01477713
  0.07690718  0.07173016 -0.15036213  0.09619303  0.10266692  0.04924419
 -0.10988669  0.19031119  0.12366594  0.04828109 -0.09714704  0.04116995
  0.1204395  -0.10653934  0.00693042  0.01697673 -0.00949683 -0.09970774
 -0.01491832 -0.05090555  0.0410786  -0.00063092  0.03679943 -0.13304485
 -0.0614777   0.00111277 -0.13719684 -0.02120973  0.02629312  0.03771273
  0.00846327  0.06614093 -0.03518349  0.03923771  0.0206971  -0.03623137
  0.13043094  0.08057269  0.11695048 -0.04428994  0.01511192  0.06510333
  0.11736123 -0.17189871 -0.04423833  0.05151075  0.13781038  0.16020186
  0.00743729 -0.08645745 -0.13325073  0.02524829 -0.08646541 -0.07552729
  0.05651159  0.10461952 -0.00505964 -0.07297265  0.08181795  0.1554897
  0.03519385  0.0901707  -0.2185697  -0.04020569 -0.08994058  0.12293018
  0.18334731 -0.0222768   0.16165699  0.11139666 -0.1395871   0.10988752
 -0.03912986  0.04109572  0.00210832  0.00670301 -0.09643245  0.11386917
 -0.02992832  0.08532242  0.04501002  0.01868436  0.01702571 -0.03243771
  0.10711716 -0.11441468]