[ 0.07727003  0.1397565   0.09155212  0.01314514  0.09817119  0.0747144
  0.15387726  0.07396462 -0.07854141  0.02633037 -0.02430633  0.0533961
  0.0578619  -0.14783305 -0.01406011 -0.01797618 -0.09416181  0.02955604
 -0.16657814  0.0937907   0.18094547 -0.0082743   0.01906117  0.029976
 -0.00763373 -0.10693023 -0.17548648 -0.10754829  0.09503847  0.16889988
 -0.13980675  0.02023013 -0.02886663  0.10322457  0.0354449  -0.15411144
 -0.03045557  0.15409388 -0.09462874 -0.0866413  -0.02089857 -0.04388431
  0.02900383  0.02571992 -0.10841172  0.05590601  0.10563088 -0.04918794
 -0.17456381  0.093825    0.10936031  0.06474163 -0.10042483  0.0275642
  0.15526432 -0.04147117 -0.01286386 -0.00587634 -0.06311843 -0.10767232
  0.02271619 -0.08838426  0.04910776 -0.03095983  0.09144418 -0.10699195
 -0.0630407   0.01905498 -0.12848029  0.03083553  0.04862144  0.07657214
 -0.02903017  0.01464704 -0.04672655  0.08820525  0.00222368 -0.00537985
  0.08944382  0.07269561 -0.02343895 -0.00852457  0.02257821  0.05089009
  0.06324545 -0.09485772  0.03219251  0.05938544  0.117664    0.14129049
 -0.0006814  -0.13106145 -0.14484346  0.03844823 -0.14093891 -0.06673424
  0.04487729  0.01865445  0.03783926 -0.01714138  0.10375059  0.11334755
 -0.00306076  0.06981737 -0.17421572 -0.01537043 -0.06658119  0.14528635
  0.12439692 -0.06536457  0.0924463   0.09727138 -0.18346028 -0.00640293
  0.09733927  0.07888103 -0.07475672 -0.02720483 -0.04836956  0.13043027
 -0.03409726  0.11043701  0.0173633   0.05803837  0.10426619  0.05590788
  0.16605155 -0.10459398]