[-0.00470729 -0.02823017  0.06653743 -0.11016429  0.11667097  0.04075036
  0.13212878  0.19682515  0.11144925 -0.16906075 -0.05896911  0.06840956
  0.02253448 -0.16005032 -0.05902528 -0.08012925 -0.16330782  0.01349851
 -0.26087898  0.04371132  0.15462737  0.00730564 -0.00555416  0.0136046
 -0.06538038 -0.22060411 -0.08631755 -0.01105216 -0.04590666 -0.01017244
  0.02910264 -0.16890959 -0.01739899  0.09794712  0.01403993 -0.10183536
 -0.01817363 -0.03971414 -0.12714356  0.00294205  0.11492243  0.01377558
  0.06120605  0.08448522 -0.04122372 -0.13936357 -0.06181479 -0.01111244
 -0.00470516  0.18278481 -0.14601706 -0.19260429 -0.10869015  0.03229645
 -0.00931015  0.00201262 -0.13361068  0.06245605 -0.18923084 -0.00267493
  0.0035929   0.02544346  0.04023952  0.0178839  -0.01168012 -0.12632267
 -0.06840282 -0.03933201 -0.1041114  -0.06963318  0.07548361  0.00659304
  0.02743843 -0.02380351 -0.05498728  0.10295847  0.01772829 -0.04560833
  0.04468939  0.00068521 -0.05460612 -0.04639041  0.04206013  0.14866984
 -0.0595096   0.08868315  0.07515594  0.07174956  0.03012553  0.05529075
  0.0971701  -0.18984655 -0.10095068 -0.05309802 -0.02013744 -0.0033846
 -0.12794155 -0.04668846 -0.13737862  0.10345104 -0.00811842 -0.07946836
 -0.05327842  0.00082307  0.00788036  0.01176702 -0.06462185  0.09690468
 -0.09066696 -0.01803417  0.02253046 -0.0575293  -0.08813474  0.09194591
 -0.03691641  0.09082337  0.03698003  0.13112439  0.00538433  0.13833287
 -0.0252059   0.08795483 -0.0976975   0.08113399 -0.0022037  -0.06808694
 -0.0573796  -0.05801491]