[-0.00767947 -0.15526049 -0.04863825 -0.09532705  0.0320401  -0.03366572
 -0.0983212   0.06645843  0.12643313 -0.21292338 -0.12852319  0.09251124
  0.03028855 -0.06571051 -0.11419832 -0.05332006 -0.1284371  -0.17043148
 -0.13942669  0.09697796  0.0490107   0.0552753   0.01337558  0.01811402
 -0.03803025  0.04700453  0.11857805 -0.02754445 -0.1530434  -0.00124505
  0.06651711 -0.07938256  0.01912101  0.04607941 -0.05756817 -0.01529795
 -0.08298878  0.05197228 -0.1282897  -0.0104557   0.01928761 -0.02747451
 -0.04508962  0.12891641  0.08645608 -0.04249639 -0.07095406  0.04976768
  0.09134548  0.12591448 -0.05893985 -0.11367893  0.11133023 -0.03726433
  0.06457249 -0.0661776  -0.1443674   0.05407736 -0.05923519 -0.12817527
  0.03458228 -0.03153228  0.03687146  0.18499386 -0.10480766 -0.15783603
  0.00398589  0.11454263  0.04910333 -0.11900634 -0.01070058 -0.09685777
 -0.00495567 -0.13722193 -0.04204957  0.07055744 -0.02690239 -0.12945348
  0.01143638  0.25896552  0.06148965 -0.06299123  0.02155943  0.01376973
 -0.03511576 -0.11302522  0.08803762  0.11213185  0.03964593  0.00876532
 -0.04500854 -0.04032255 -0.03687634  0.10790335 -0.11451773  0.10001423
 -0.01943837 -0.12041196 -0.00856086 -0.08531124  0.04067153 -0.04927869
 -0.11461779 -0.01321565 -0.10632025 -0.09421442 -0.17685728  0.01208488
 -0.11281125 -0.0021905   0.13309778  0.06292793 -0.16339545  0.07282171
 -0.06872646  0.10530483 -0.13147466  0.05934071 -0.03226556  0.0622332
 -0.03631755  0.11190524 -0.00656953 -0.05035368  0.01334    -0.06422635
 -0.0320747  -0.06340872]