[ 0.00079504  0.04430671  0.07700629 -0.17436813  0.00041499  0.18746814
 -0.12094912  0.10397899 -0.12082062 -0.05798577 -0.05577616 -0.04818314
  0.02746392 -0.14227328  0.04131103  0.00967394 -0.12472053 -0.11884062
  0.00146958  0.04210785  0.13961419  0.01014853  0.07265163  0.02878618
  0.02376706  0.04974865  0.01609494 -0.11229394  0.06362677 -0.09110211
  0.12563768 -0.22872433 -0.06432569  0.06603459  0.05591166  0.00968438
 -0.04482966  0.08879486  0.09393054 -0.00796727 -0.08259527 -0.06249591
 -0.02715768  0.0317965   0.07914384 -0.0602814   0.09514489  0.04603294
 -0.2004949   0.1463906  -0.10731748 -0.05506118  0.01906973  0.00903836
 -0.00163272 -0.03759446  0.01188907  0.12405352 -0.11266983 -0.2154292
 -0.00241309  0.08757181  0.17549326 -0.03748195  0.02210975 -0.00296597
 -0.02192363  0.0910825  -0.04441138  0.01099132 -0.04461987  0.05665186
 -0.13010558 -0.00216045  0.03335616 -0.08777082 -0.03159143 -0.01317825
  0.17023975  0.20402813 -0.03770972 -0.04486057  0.0500286   0.00684735
 -0.05231273 -0.11418671  0.00937087  0.12477104  0.15908082  0.03121646
  0.12185002 -0.024345   -0.00692513  0.17379123 -0.00707576  0.0037608
  0.00970267  0.12963106 -0.14804766 -0.02949591 -0.00588672 -0.02504515
 -0.21541204 -0.01823808 -0.05699003  0.10959953 -0.04386272 -0.03900994
  0.04298985 -0.0856354   0.08121797  0.13783169 -0.05608912  0.06703021
  0.11317607  0.11320028 -0.10676596  0.02377344 -0.01497219  0.10562443
 -0.01320103 -0.01865502  0.07373672 -0.04630339 -0.07833158  0.02386228
  0.08889738 -0.03727904]