[-0.01464958  0.01436242  0.08425315 -0.1528592  -0.01211726  0.15027459
 -0.14085004  0.07296137 -0.15538667 -0.02517292 -0.05613684 -0.09109747
  0.03481388 -0.11085315  0.11120056  0.03381765 -0.12089015 -0.14567913
  0.05717782  0.03876977  0.09806891 -0.01242736  0.11007844  0.00416938
  0.03967489  0.10057953 -0.00855714 -0.16168419  0.05837194 -0.12877423
  0.15130873 -0.15764503 -0.07133852  0.05593008  0.05509491  0.05470482
 -0.03911301  0.11753764  0.1210935  -0.00849372 -0.07464499 -0.08355448
 -0.07128826  0.00158592  0.07500554  0.01157655  0.09921019  0.06790487
 -0.18627656  0.08234777 -0.12215828 -0.04493363  0.05466122 -0.013234
 -0.0115883  -0.05176489  0.06337347  0.09750554 -0.07116463 -0.18322462
  0.01068375  0.09517436  0.12258906 -0.0188896   0.03772935  0.0323232
 -0.0036285   0.12937421  0.03094922  0.0064969  -0.08238383  0.07576695
 -0.1422434   0.00838075  0.05602188 -0.12836505 -0.06275269  0.00881437
  0.16906811  0.23589797 -0.0299451  -0.05538533  0.00784998 -0.0343677
 -0.05857465 -0.11850052  0.01751993  0.1202887   0.10791023 -0.01343829
  0.13975222  0.06245122  0.03159767  0.15252393 -0.04684345  0.01060806
  0.02812344  0.14021078 -0.10744363 -0.0581743  -0.01272199 -0.04810075
 -0.20359436 -0.03016925 -0.02373241  0.08665442 -0.04127697 -0.01864097
  0.09635403 -0.05984155  0.05245842  0.15723816 -0.06481296  0.00333755
  0.12067721  0.10887805 -0.12574109 -0.02503083 -0.0295548   0.08726203
 -0.00033066 -0.0009101   0.06271095 -0.01310505 -0.10871866  0.01359726
  0.06231183 -0.01062494]