[-0.07319508 -0.05029428  0.02745941 -0.1361257   0.05922497 -0.02014023
  0.00987984  0.1392877   0.17003357 -0.14026581 -0.16506721  0.07092963
  0.00725899 -0.21880651 -0.05233844 -0.02651022 -0.20225085 -0.12802105
 -0.21102038  0.04163515  0.02753001  0.14279352 -0.06205151 -0.01442028
 -0.1063937   0.00690263 -0.00228383 -0.03544762 -0.03494158 -0.01200825
  0.06945105 -0.0238974  -0.00884356  0.04644331  0.0128001  -0.08241697
  0.0258772  -0.00751531 -0.11162845  0.0388272   0.140699   -0.0508119
  0.02230384  0.13960621  0.05370845 -0.05915807 -0.02188554  0.04858542
  0.07622032  0.1243653  -0.0754577  -0.14914389  0.02438187 -0.01547515
  0.0425591  -0.04826752 -0.12369225 -0.03663073 -0.09058823 -0.08300161
 -0.00467023 -0.05428834 -0.03233315  0.17251107 -0.10133757 -0.2035124
  0.02762573 -0.02094401  0.05390958 -0.18129121 -0.01969547 -0.06329235
  0.03199758 -0.02293532 -0.02264191  0.06642856 -0.08126927 -0.03508854
  0.02200965  0.14032793  0.139888    0.02392899  0.03724491  0.14062299
  0.05567024 -0.04608186  0.10277566  0.12178747  0.02256433  0.03060272
 -0.01486872 -0.01911713 -0.13045204  0.0012123  -0.1260791   0.09624635
 -0.02543818 -0.09288508 -0.06505336 -0.0260665   0.00946976 -0.10102587
 -0.06276622  0.00539401 -0.09911463 -0.11972338 -0.14499281  0.06439597
 -0.09278379  0.0919539   0.11361502  0.01230995 -0.19102237  0.03319313
 -0.12004085  0.04635181 -0.06063567  0.0339837  -0.08292474  0.01811316
  0.04176282  0.16311064  0.03282313 -0.00272834 -0.03595956 -0.11909807
 -0.087194   -0.05980169]