[ 5.95796667e-02  2.28251711e-01  8.99976566e-02 -2.05228775e-04
  3.71469259e-02  1.77247897e-01  1.18196532e-02 -7.95062780e-02
  1.90807623e-03 -6.48097470e-02  1.14830732e-01 -6.30066320e-02
 -9.86240655e-02  1.69384554e-02  6.64415807e-02 -6.22804053e-02
 -5.73652377e-03  1.06277168e-01 -5.02466373e-02 -1.92281604e-01
  7.11229444e-02  1.60866320e-01 -7.39310980e-02 -3.24381143e-02
  1.29333958e-01 -1.61276594e-01  1.71740726e-02  1.08256049e-01
  3.51660028e-02  8.10139328e-02  2.49223225e-02 -1.64385989e-01
 -6.79151341e-02  2.68467907e-02  1.09364018e-01  3.10993195e-02
 -1.46694621e-02 -1.90562308e-01  3.71170752e-02  7.28589520e-02
 -5.76090766e-03  7.12257177e-02  5.68959750e-02  9.32333767e-02
 -2.51838304e-02  3.70042697e-02  3.30991149e-02 -5.32676466e-02
 -1.33142337e-01 -2.67555304e-02  7.73183480e-02  9.81035084e-02
 -1.32726178e-01 -1.20479539e-02 -8.00520554e-02  7.01896176e-02
 -1.37650430e-01  8.76774415e-02 -6.41105250e-02  3.41909416e-02
 -2.53614914e-02 -1.97269302e-02  9.20784920e-02 -1.02068037e-01
  7.29471818e-02 -4.46657427e-02  3.11340783e-02 -1.07707912e-02
 -7.96304867e-02  2.77121782e-01  1.48189798e-01  7.28477538e-02
  5.76697439e-02 -1.24096297e-01 -6.07288070e-02 -6.77749002e-03
 -5.69167696e-02 -7.47565180e-03 -1.18684553e-01 -1.02177918e-01
  2.91241333e-02  1.23713106e-01  3.54738533e-02  1.70333609e-02
 -6.68176413e-02  2.30382215e-02 -3.25420871e-02 -1.51291832e-01
 -9.13928598e-02  1.49340719e-01  3.41467299e-02 -1.80074722e-01
 -1.09679155e-01 -4.01708856e-02  5.49712665e-02 -4.88850288e-02
 -4.67146076e-02 -5.50092980e-02 -2.46910029e-04  9.91009027e-02
 -8.67513269e-02  1.22336403e-01  2.51001604e-02 -5.14684916e-02
 -8.22080523e-02  8.39222893e-02  1.88762266e-02  4.25935397e-03
 -7.77279288e-02 -3.36989649e-02  1.09507933e-01 -9.94169936e-02
 -3.06659173e-02  8.21246952e-02  6.64606094e-02 -4.34889793e-02
 -2.98044011e-02  2.73794159e-02  6.36033118e-02 -9.37261898e-03
  7.10229650e-02 -2.36454196e-02 -4.11341805e-03  6.02746569e-02
  2.06917420e-01 -1.75272189e-02  1.54437214e-01 -1.90962628e-02]