[ 0.05439134  0.21500127  0.09364761 -0.04726633 -0.03074695  0.09261135
 -0.03374143 -0.06765857  0.00876355 -0.15027392  0.12821358 -0.10314524
 -0.08608084  0.06620251  0.07737476 -0.0351827   0.00417766  0.02528877
  0.00502313 -0.14872177  0.08728284  0.21728931 -0.00770156  0.02863762
  0.07903359 -0.08229297  0.10455438  0.06057125  0.16854689  0.08696487
  0.04164914 -0.18765068  0.040933   -0.0166322   0.09594902  0.03903874
  0.01587225 -0.01084787  0.01961518  0.12633815 -0.06614811  0.09507801
 -0.0262181   0.12220389 -0.03326892  0.11007728  0.07067239 -0.09768973
 -0.14241169 -0.04984586 -0.02895212  0.18395877 -0.03189602  0.00834267
 -0.08065046  0.0619255  -0.02443901  0.12803589 -0.0738834   0.00640761
 -0.10973039 -0.05284479  0.14525814 -0.04652971  0.03955135 -0.07021509
  0.07809346 -0.07984591 -0.05249763  0.22346544  0.09441913 -0.04107146
 -0.01279636 -0.07934065  0.06530977 -0.06624047 -0.09600104  0.0020017
 -0.10885856 -0.01400236  0.04988193  0.1099794   0.00752189 -0.02216349
  0.01561357  0.00101726 -0.06724048 -0.15588677 -0.15135278  0.11060192
  0.08796995 -0.13527375 -0.12910861 -0.02705583  0.13320164 -0.05806421
 -0.03102268  0.05222176  0.0508443   0.06329455 -0.11976107  0.11825114
  0.03206639  0.0156467  -0.14599895  0.0775918   0.06420811 -0.01041297
  0.07295741 -0.148228    0.11950549 -0.04594699 -0.07871476  0.05660991
  0.06353604  0.04551093 -0.009116   -0.08224268  0.08437034  0.04014065
  0.05878593 -0.04037522 -0.0399156   0.03544795  0.12126542  0.01594665
  0.17024273  0.02198161]