[ 0.07655203  0.1551307   0.08294412 -0.04200606 -0.02076042  0.11418451
  0.01000608 -0.05665011  0.01837811 -0.06793702  0.18854088 -0.0460246
 -0.04809749  0.09594722  0.06906665 -0.09612249  0.01866793  0.09677333
 -0.04777814 -0.12430613  0.05158941  0.17658485 -0.01217551  0.08599865
  0.06375287 -0.06874124  0.10288247  0.10401633  0.12456243  0.05123353
  0.04230456 -0.18847144 -0.01286356 -0.00860836  0.05213937  0.0194812
 -0.05713818  0.03111648  0.03061873  0.15444461 -0.05364662  0.14037597
 -0.09737291  0.12525974 -0.09425711 -0.06941109 -0.01943404 -0.05171869
 -0.05186651 -0.02689765  0.02854074  0.16292888 -0.11111256 -0.00327865
 -0.08707116  0.05741824 -0.07533153  0.20964752 -0.06680375 -0.00040913
 -0.15002446 -0.07207067  0.18950625 -0.04250215 -0.00427003 -0.02635186
  0.08666047 -0.03415421 -0.08651786  0.22722301  0.14231515  0.02005954
  0.06230449 -0.01241482  0.01912708 -0.12243774 -0.09792004 -0.05604034
 -0.0770584  -0.02922284  0.02384508  0.09179695  0.06809658 -0.06388989
 -0.00318813 -0.06477801  0.00429289 -0.12305213 -0.05146154  0.05712702
  0.04728894 -0.16602743 -0.03917939 -0.02924241  0.13272001 -0.14150093
 -0.0662654  -0.02059566  0.01202881  0.06108184 -0.10946137  0.14325152
  0.03246467  0.02560789 -0.10321396  0.09573294  0.04949991 -0.07841539
  0.11076995 -0.1490664   0.13794281  0.02960391 -0.03041816  0.15052955
  0.05939969  0.0148642   0.01170834 -0.03126138  0.08989193  0.01381857
  0.05831332 -0.08401704 -0.07508624  0.01896266  0.10387421  0.02261627
  0.13539982  0.04699562]