[ 5.39768785e-02  1.63933054e-01  5.71431741e-02 -5.40395454e-03
 -1.04855560e-02  1.39193207e-01 -7.72264302e-02 -4.78886701e-02
  1.16490163e-01 -6.87265992e-02  1.75720349e-01 -4.51031663e-02
 -6.55040815e-02  4.23279591e-02  5.26961163e-02 -1.18602581e-01
  2.46543065e-02  7.51368776e-02 -4.66215797e-02 -9.77120548e-02
  4.43817675e-02  1.52814537e-01  5.76117076e-02  1.05811274e-02
  7.22655207e-02 -1.63042486e-01  1.06450081e-01  8.24953690e-02
  1.92440413e-02  1.62842348e-02  9.08569992e-02 -2.19063923e-01
  5.95978014e-02  6.46190625e-03  5.91159761e-02  6.32615089e-02
  1.90127129e-03  1.01715280e-03 -1.16365897e-02  1.34501353e-01
 -4.46809083e-02  8.90839770e-02 -1.47195533e-01  3.98853682e-02
 -1.17209524e-01 -5.02720512e-02 -7.29579180e-02 -3.10789514e-02
  1.84081979e-02  5.18859774e-02  3.61672267e-02  2.42928937e-01
 -9.84075367e-02  1.55196330e-02 -1.09488413e-01  2.12984476e-02
 -5.43162785e-03  1.75957495e-04 -9.65270996e-02  4.78487404e-04
 -1.33838266e-01 -8.95478129e-02  9.80600193e-02 -1.03029884e-01
  1.21003045e-02 -1.27377898e-01  9.91575196e-02  6.29806519e-02
 -5.38675971e-02  3.01188320e-01  1.61659524e-01  2.57538818e-02
  1.17942868e-02 -8.71522799e-02  1.03168264e-02 -2.85396315e-02
 -1.07416391e-01 -5.99058764e-03 -1.06120415e-01  1.00040836e-02
 -6.82423338e-02  8.23098943e-02  9.85678136e-02  3.79545316e-02
  2.35529076e-02  2.65407912e-03 -5.72020328e-03 -6.74580559e-02
 -4.92650345e-02  5.49709611e-02 -1.34903323e-02 -1.70771748e-01
 -4.69567068e-03  5.47746941e-03  6.12927303e-02 -2.14420572e-01
 -8.24326500e-02 -4.73642871e-02 -3.16732861e-02  3.18602026e-02
 -2.79759374e-02  1.29873797e-01 -1.43012148e-03 -2.16214359e-02
  1.68138277e-02  4.44976501e-02  7.42305517e-02 -8.29357207e-02
  5.34983315e-02 -4.67820317e-02  3.30854207e-02 -3.20289508e-02
  2.45982618e-03  1.52671114e-01  3.52425128e-02  2.89593963e-03
 -2.31083427e-02 -2.58336272e-02  8.42562541e-02  6.45822585e-02
  5.56451939e-02 -3.81084681e-02 -7.94398189e-02  5.31290248e-02
  1.95675150e-01 -1.58752892e-02  1.97261110e-01  1.07445426e-01]