[ 0.07645931  0.20787971  0.04371026  0.0517534  -0.02945785  0.10507689
  0.03164466 -0.1128145   0.03994864 -0.06452032  0.16070239 -0.07435118
 -0.05589298 -0.05324497  0.09100682 -0.08533531 -0.13319865 -0.0168482
 -0.06405827 -0.11391452 -0.00433149  0.10551049 -0.08046875 -0.15748802
  0.10993289 -0.0571957  -0.05766245  0.02369908  0.01328802  0.07040391
  0.01421273  0.04415286 -0.04111011  0.04477813  0.07960988  0.00834725
  0.04419196 -0.06973056  0.13699996  0.02786389  0.09376716 -0.09615212
 -0.02988904  0.03914735 -0.07884108  0.08422222  0.00696503 -0.02734151
 -0.09760494 -0.06121205 -0.01693899  0.24048884 -0.05629348  0.05378992
 -0.05380071 -0.0270754  -0.07298458 -0.0852825  -0.10880315  0.02187256
 -0.08332016 -0.09498256  0.06774351 -0.00815661 -0.03142283  0.0655193
  0.11379468  0.02479554  0.04738028  0.11324069  0.08063051  0.00939045
  0.02835482 -0.00281384  0.0610083  -0.07311395 -0.10490862 -0.10650533
 -0.12518077  0.11277152  0.05284347  0.05251631  0.04237526  0.0076518
 -0.00863226  0.09894212  0.0105774  -0.12278787 -0.0808402   0.09208497
  0.08603723 -0.13668105 -0.07621989 -0.0212193  -0.15227874 -0.17038159
 -0.03953308 -0.0790539   0.09331483 -0.02806365 -0.03583421  0.08900891
  0.08631913 -0.00514135 -0.01091527  0.0662256   0.07597452  0.22535306
  0.02464968  0.01306554  0.07334616 -0.0651244  -0.18393913  0.0109446
  0.04290006 -0.07854914 -0.05430898 -0.02377696  0.15357675 -0.034875
  0.12976912  0.0046496   0.03489972  0.13211963  0.22240669 -0.08145934
  0.23100585  0.08047945]