[ 0.09999401  0.23446351 -0.02198115 -0.02245444  0.02222195  0.04603012
  0.09610894 -0.1728936  -0.01650815  0.00408289  0.15420386 -0.01388525
 -0.03364957  0.00505964  0.00248444 -0.0098843  -0.07319528  0.03029709
 -0.04510122 -0.10803293  0.01459117  0.18278344 -0.13027377 -0.11103088
  0.03266472  0.01600242  0.00047004  0.08839799  0.14250411  0.22152457
 -0.15412512  0.05426103 -0.03620405  0.00747768  0.0743736  -0.05909448
  0.04837311 -0.06498122  0.17265235  0.06340356  0.00096347 -0.040856
  0.05662443  0.06599235 -0.05124124  0.14133626  0.03828125 -0.02059735
 -0.10696938 -0.09469111  0.06497562  0.26089537 -0.11283551  0.06142032
 -0.00645265 -0.0023101  -0.04934403  0.01488748 -0.14624743  0.10827886
 -0.02301035 -0.12011055  0.1461996   0.04373212 -0.02598399 -0.02216182
  0.01860012  0.00091702  0.02688377  0.08622166  0.07819928 -0.01886786
  0.02139966 -0.00402276  0.0373202  -0.01409297 -0.04059114 -0.04845595
 -0.11826897 -0.01513882  0.16206765  0.11067518  0.04842432  0.05439577
 -0.00620793  0.03729975 -0.01295685 -0.13938025 -0.05927653  0.14033315
  0.0410856  -0.14957029 -0.13972506  0.0266517  -0.08025993 -0.13055229
 -0.02406186 -0.06766695  0.16573668 -0.00906832  0.00837852  0.13703702
  0.09206166  0.04830705 -0.08636837  0.03294664  0.04360615  0.19351712
  0.01700763 -0.01867541  0.14239854 -0.08403842 -0.14809063  0.06503624
  0.00737306 -0.02363713 -0.0299769   0.00986604  0.0549296  -0.04514221
  0.08924292 -0.02014084  0.04925811  0.05362368  0.12255037  0.00344037
  0.13722695  0.00682554]