[ 0.02245863  0.2085017  -0.12782873 -0.11011432 -0.00947733  0.0506072
  0.01812327 -0.09495651 -0.0815401  -0.03701442  0.03584758 -0.05454087
 -0.02072171  0.08256312  0.01519137 -0.02450408 -0.05514232 -0.11622301
  0.07648503 -0.09602855 -0.079134    0.05438379 -0.07693177 -0.21155459
  0.02443961  0.05266257  0.0449244   0.07382848  0.07143758  0.08562581
 -0.0881863   0.03750182  0.02835903 -0.02606844  0.00730171  0.01976316
  0.10179821 -0.04691758  0.17026067  0.02321324  0.01496099 -0.08854657
  0.11068991 -0.01776084 -0.00984182  0.24617745  0.08874599 -0.04089034
 -0.2271345  -0.09981085 -0.16021074  0.13807583  0.02546659  0.07741155
 -0.04138135  0.03494362 -0.05209287  0.06194878 -0.16070864  0.0614615
 -0.04062634  0.03685974  0.16738613 -0.05259829  0.00511205  0.18299209
 -0.01142135  0.06651342  0.02245445 -0.04729206  0.02237673 -0.08226126
 -0.07075302 -0.01506059  0.17449468  0.0758191  -0.00155714 -0.10478842
 -0.0675652  -0.06054527  0.01548038  0.02679785 -0.01812331  0.04429249
 -0.0880824   0.14127293 -0.06590924 -0.1255196  -0.03022339  0.10607958
  0.11758561 -0.14908786 -0.06249443  0.04936767  0.0231966  -0.03452475
  0.01316792  0.02066329  0.10983748  0.0027928  -0.08724911  0.00979715
  0.02184931  0.02626296 -0.14808512  0.14968558 -0.00095479  0.19893649
 -0.12330155 -0.08103864  0.12450765 -0.10714596 -0.0615008  -0.01394885
  0.01703184 -0.03826266 -0.07781912 -0.0065819   0.17830729 -0.00954484
  0.09019195 -0.10598606  0.07558538  0.045089    0.076662    0.0054584
  0.05340137 -0.02550467]