[ 0.04911652  0.24074    -0.05678589 -0.08137485 -0.01533823  0.01659764
  0.01983111 -0.19541459  0.00381084 -0.02616565  0.10216091 -0.05830868
 -0.00797249  0.03739232  0.01702839  0.00485405 -0.11101816 -0.07674292
 -0.02591741 -0.08685274 -0.03778448  0.1528254  -0.08097215 -0.13048455
  0.03433644  0.0426585   0.06389077  0.09078695  0.1431029   0.18753619
 -0.09561697  0.03361231  0.02119324 -0.02070422  0.05582023 -0.03374235
  0.06979258  0.00028821  0.18822384  0.04322479 -0.01988947 -0.10669947
  0.05253151  0.03712885 -0.01101322  0.20119116  0.02825155  0.02687415
 -0.13731146 -0.09948892 -0.05221513  0.23213667  0.0186562   0.0424461
 -0.03701562 -0.00835236 -0.04459908  0.03691937 -0.16089135  0.0584119
 -0.06806397 -0.06746142  0.16593944  0.07186782 -0.05766731  0.09236427
 -0.00076401  0.04878661  0.00502699 -0.03254994  0.03434953 -0.09626446
 -0.0432969  -0.04031657  0.14836065  0.01318702 -0.03915967 -0.12913698
 -0.07285778  0.08262683  0.17110741  0.02912671  0.0213414   0.05837857
 -0.02570698  0.05552626 -0.05924917 -0.12492135 -0.06125363  0.14340335
  0.06133709 -0.14813659 -0.08505351  0.09678009 -0.09217508 -0.10038516
 -0.05127615 -0.02255798  0.18095586 -0.05713026  0.02714018  0.07261183
  0.04053318  0.04522328 -0.10906288  0.06210074  0.03261694  0.20712136
  0.02517472 -0.0538573   0.16887821 -0.05896602 -0.1387632   0.07477928
 -0.02191674  0.015795   -0.11016082  0.07313175  0.08462608 -0.00303304
  0.09324341 -0.07639892  0.02675896  0.0217041   0.08018833  0.0281418
  0.09131359 -0.00837576]