[ 5.50269298e-02  1.46377727e-01 -1.25039622e-01 -1.26167554e-02
 -1.90897584e-02  2.17050798e-02  1.08972341e-01 -1.26897335e-01
  6.50672689e-02 -1.02405734e-02  6.55500293e-02 -5.63442856e-02
 -1.11405030e-02  1.32986501e-01  9.32630524e-03 -1.09164946e-01
 -3.61476317e-02  8.96125287e-03  6.28869329e-03 -9.80659351e-02
 -3.11578885e-02  4.11122255e-02 -1.46462813e-01 -2.36269176e-01
  8.14768299e-03 -2.67737638e-02 -1.19362205e-01  5.74123450e-02
  1.18808262e-02  1.92408636e-01 -6.01825528e-02  1.34122610e-01
  2.14068685e-02 -7.31494427e-02  7.63217062e-02  4.24362607e-02
  2.85873492e-03 -2.00591907e-02  7.11227134e-02 -5.41204587e-02
 -3.70920710e-02  1.87591257e-04 -1.22636547e-02  4.39981036e-02
 -2.56985798e-03  1.77947983e-01 -3.45202684e-02 -2.14355327e-02
 -9.31247175e-02 -1.64824605e-01 -1.03799194e-01  2.05398262e-01
  2.88040154e-02  5.89450449e-03 -2.85232048e-02  4.46921140e-02
 -1.37410909e-01  1.74708832e-02 -1.19379282e-01  5.89035377e-02
 -2.50339098e-02 -2.96509974e-02  1.27229527e-01 -2.89131259e-03
 -2.93398718e-03  9.35404822e-02  4.35371511e-02  7.31834918e-02
  1.37410751e-02  1.63169354e-02  1.54172927e-01 -8.31923112e-02
  2.51535848e-02 -7.83811584e-02 -6.54465184e-02  5.40307537e-02
 -3.49379219e-02 -2.08145767e-01 -1.07085839e-01 -8.87032524e-02
  1.35281971e-02  6.40463307e-02 -1.00891061e-01 -1.52979447e-02
 -2.29209606e-02  3.90358046e-02 -4.39006127e-02 -1.64985567e-01
  2.38343608e-02  1.09080985e-01  5.25667220e-02 -1.45915717e-01
 -4.67326269e-02 -1.86857134e-02 -1.44034671e-03 -6.12762198e-02
  1.36615578e-02 -1.03081211e-01  1.05006441e-01  5.89430518e-02
  2.12750528e-02  1.15375221e-01  7.70428032e-02 -9.62028876e-02
 -1.82181820e-01  1.14271119e-01  2.35033669e-02  8.06983709e-02
 -1.25383483e-02  2.43261978e-02  1.22279845e-01 -1.58392355e-01
 -1.75544113e-01 -4.56040502e-02  3.75198647e-02 -4.04854603e-02
 -9.72132199e-03 -4.97341417e-02  1.73001528e-01 -7.50152394e-02
  6.56004921e-02 -7.61941895e-02  6.26229197e-02  8.14631283e-02
  1.75608978e-01 -3.83908525e-02  1.61472246e-01 -1.78911816e-02]