[-0.01954759  0.24547994 -0.09965776 -0.07252326  0.00412146  0.04403507
  0.06351874 -0.13177744  0.00912389  0.03079795  0.06057283 -0.04692405
  0.00473265 -0.04004427 -0.00624896 -0.00676968 -0.16533096 -0.02877753
 -0.01688929 -0.10903709 -0.00700064  0.07573081 -0.11431979 -0.19260024
  0.03248695  0.06148619 -0.02504539  0.00672952  0.15467638  0.18447414
 -0.0749385   0.13414562  0.01882319 -0.03065105  0.06819876 -0.06644113
  0.07650825 -0.02656347  0.17883919 -0.01424796  0.07927901 -0.16286562
  0.0991655   0.0964636  -0.05659037  0.13342351  0.08070435  0.0088612
 -0.146924   -0.16866943 -0.07007896  0.1883195   0.0138723   0.03877052
 -0.0149499   0.0394753  -0.01887801 -0.02016511 -0.12606263 -0.00818972
 -0.06999115 -0.0905218   0.15774778  0.07295024 -0.02700754  0.1148855
  0.0003115  -0.00827993  0.0559889  -0.06529117 -0.00943031 -0.06952035
 -0.03297966 -0.02327079  0.12501277  0.00132544 -0.07641522 -0.0928104
 -0.09247146  0.03102614  0.10724045  0.07620058  0.03605159  0.10401355
 -0.01128583  0.09020706 -0.00063763 -0.07455272  0.00121398  0.10256959
  0.05839599 -0.11505187 -0.13189112 -0.00161439 -0.11174843 -0.10785731
 -0.04482948  0.04285472  0.13728546 -0.04128424  0.0347483   0.04775502
  0.10316807  0.04996787 -0.10099117  0.05413796  0.02443904  0.26060185
  0.00823369 -0.01523124  0.12049431 -0.08403351 -0.19816205 -0.01815889
 -0.00479794 -0.03654407 -0.07725184 -0.00783699  0.1342427  -0.03326773
  0.14579302 -0.06430463  0.05359538  0.01505037  0.03574864  0.00286606
  0.06619831  0.04448958]