[ 0.01835055  0.20698841 -0.20082209 -0.09030231  0.00935868 -0.01350349
  0.00636627 -0.16218691 -0.01768314  0.0721864   0.0700129  -0.04103949
  0.04264923  0.09761781  0.02816568  0.00135757 -0.02863581 -0.10261337
  0.06408031 -0.03398077 -0.11333106  0.07113321 -0.05318674 -0.18888189
  0.00752765  0.04472436  0.08291898  0.08157868  0.10281103  0.19762065
 -0.12887749  0.09750801  0.09472282 -0.06034394  0.00652848  0.00107649
  0.11344185 -0.01260932  0.14485894 -0.00084143 -0.02865147 -0.13737518
  0.06307404  0.00797433 -0.05480209  0.2602596   0.03908287  0.05803608
 -0.11118592 -0.11764933 -0.06359532  0.20868269  0.03551894  0.02092988
 -0.02565077  0.01512953 -0.04785041 -0.02369443 -0.12832269  0.0873629
 -0.06882488 -0.06530613  0.13232802  0.01828579 -0.0269765   0.11947038
 -0.03245969  0.10827743  0.03175062 -0.10890482  0.01722565 -0.09822205
 -0.07747521 -0.08818715  0.15555808  0.09262952  0.01003305 -0.08948661
 -0.0629041   0.02328117  0.10837115 -0.02142241 -0.02547328  0.08809761
 -0.01464686  0.09467663 -0.07932744 -0.11190148  0.00400641  0.12350786
  0.00604982 -0.11945275 -0.06535035  0.10206211 -0.07326341 -0.10550267
 -0.02552304 -0.02104616  0.1767095  -0.08293199  0.05542068  0.05165525
  0.06841349  0.00447066 -0.1420356   0.07916957  0.00100047  0.18749371
 -0.02414608 -0.00605657  0.12477893 -0.09482804 -0.07676422  0.01905222
 -0.06141932 -0.02670253 -0.10563897  0.04294476  0.09030186  0.01100281
  0.07742666 -0.11567872  0.03532444  0.04674464  0.0688171   0.02687255
  0.03192098 -0.00717644]