[ 0.05163673  0.21686724 -0.08381739 -0.1213906   0.067693    0.04891983
 -0.01340597 -0.17763056  0.01237551 -0.08265453  0.08424047 -0.03493656
 -0.01188447  0.06228526  0.02401105 -0.02367317 -0.06263922 -0.09960065
 -0.02155538 -0.04727754 -0.03635452  0.17519897 -0.05772059 -0.15135095
  0.04816847  0.00615102  0.06899608  0.13441937  0.11680789  0.14022419
 -0.04408361 -0.03533429  0.03337194 -0.0241195   0.05592559  0.01650224
  0.10116136 -0.04787008  0.18855001  0.048766    0.02432401 -0.03689387
  0.08112548  0.01570378 -0.0524994   0.18954402  0.02693621  0.04392806
 -0.087812   -0.03926447 -0.12256612  0.19780287 -0.00890654  0.05778078
 -0.04726972 -0.03471923 -0.07555648  0.05123782 -0.21196808  0.06385076
 -0.09004551 -0.01384926  0.17402197  0.02733202 -0.07345839  0.0683599
  0.00134558  0.09150737  0.0116873  -0.02528166  0.08798268 -0.05687308
 -0.03651807 -0.0543692   0.16368976  0.06857183 -0.0504691  -0.10667103
 -0.06285001  0.05717715  0.14436826  0.07431128  0.06324633  0.12485415
 -0.01800389  0.08950588 -0.05592854 -0.06472486 -0.06125414  0.12033907
  0.09582049 -0.15906656 -0.06978304  0.1103275  -0.05612756 -0.16131876
 -0.06872049 -0.00620629  0.08822653 -0.06333119 -0.02430744  0.04332824
  0.03630246  0.02084679 -0.13802101  0.11747361  0.01838752  0.18993026
 -0.01025742 -0.0219214   0.16964203 -0.10346781 -0.11519399  0.14628117
 -0.05635983  0.00135573 -0.11934244  0.0819857   0.05812563  0.03174928
  0.08825801 -0.05471051  0.01812765  0.02980396  0.04601097  0.00256721
  0.07170539  0.00730653]