[-2.99832169e-02  1.20635659e-01  6.85281530e-02 -1.05188049e-01
 -3.74728106e-02  5.00554070e-02 -9.17240754e-02 -1.07140154e-01
 -1.04646191e-01 -6.21674992e-02  5.47209531e-02 -5.07424772e-03
  9.35911294e-03  1.21895820e-01  1.34346291e-01 -9.74511281e-02
 -3.02479714e-02 -1.84016496e-01  1.34817228e-01 -1.54144096e-03
 -7.16103166e-02  1.33694574e-01  8.21919457e-05  1.31634310e-01
  7.07123801e-02  1.13415822e-01  1.41621783e-01  5.45293540e-02
  1.04463153e-01  3.10440827e-02  6.13377281e-02 -2.27632329e-01
  2.56303940e-02 -1.72877740e-02 -1.33267920e-02  9.62082744e-02
  1.56406816e-02  6.55200332e-02  4.63053659e-02  1.61519647e-01
 -3.68974940e-03  2.67602149e-02 -3.94428559e-02  5.07734232e-02
 -6.68526068e-02  9.73086879e-02  1.07352309e-01 -1.35483788e-02
 -5.15277423e-02 -2.79093534e-02 -4.29134108e-02  5.68499342e-02
  3.54570225e-02 -7.08795665e-03  5.98539673e-02  5.77456392e-02
 -1.04676165e-01  2.65227288e-01 -5.98997176e-02 -1.74922179e-02
 -1.28751263e-01  1.52923083e-02  1.50907382e-01 -1.50821395e-02
  1.96575020e-02  6.06880784e-02  1.17774174e-01 -5.40443696e-03
 -2.72339955e-02  1.00870198e-02  3.25917006e-02  3.30461338e-02
 -3.35492641e-02  3.51064689e-02  2.46301949e-01 -1.44116227e-02
 -9.46559533e-02 -1.33619532e-02  7.67266452e-02  1.53099731e-01
  4.88511324e-02  5.25205443e-03  8.84180889e-02 -1.78843248e-03
 -1.56615470e-02 -1.21758483e-01  3.60455774e-02 -4.26297449e-02
 -5.79272099e-02  1.17839919e-02  2.54371427e-02 -5.26743792e-02
  1.21877514e-01  8.65168720e-02 -1.72265712e-02 -1.44919127e-01
  4.05946234e-03  2.47979932e-03  1.13466591e-01 -8.06541145e-02
 -1.54003441e-01  9.14016515e-02 -1.61747709e-02 -2.02427874e-03
 -2.27494419e-01  1.36164755e-01 -3.27600762e-02 -2.95799803e-02
  3.38398963e-02 -1.01156294e-01  2.19152495e-01  5.62240817e-02
 -4.74471077e-02  6.85810000e-02 -6.22767545e-02  7.50218257e-02
 -8.71605650e-02 -3.13879102e-02 -4.70834598e-02  6.41562790e-02
  4.69676293e-02 -7.70087838e-02 -1.07712060e-01 -2.99804583e-02
 -8.16779807e-02  1.36955291e-01  4.66597878e-04  4.45707776e-02]