[-3.47802155e-02  1.43783048e-01  1.62987225e-02 -1.97019055e-01
  8.46917033e-02  1.31827638e-01 -7.50385299e-02 -5.40309250e-02
 -1.49706483e-01 -9.21493098e-02 -7.52064437e-02  6.32308498e-02
  1.37923099e-02  2.38184468e-04  2.48976946e-02  1.49083044e-02
 -1.41267627e-01 -1.00338325e-01  1.22581059e-02  8.25509615e-03
  3.18388529e-02  1.80638447e-01  8.01797211e-02  1.21359585e-03
  6.69535063e-03  6.57434985e-02  1.27077118e-01  3.25320512e-02
  8.06332007e-02  9.08974409e-02 -4.65807170e-02 -1.61187172e-01
  2.17156820e-02  5.65296263e-02  3.47867981e-02 -1.55290300e-02
  3.78798284e-02  7.81026250e-03  3.03323437e-02  9.86707807e-02
 -1.77953299e-02 -2.24295091e-02  1.61748067e-01  9.65894833e-02
 -9.21445042e-02  6.70721456e-02  2.05221519e-01 -1.96379362e-04
 -1.51984841e-01  1.78561687e-01  1.87328290e-02 -5.58982864e-02
 -5.32490090e-02  7.50998706e-02  1.09519430e-01  9.58927814e-03
 -1.77208204e-02  1.91275433e-01 -1.00934073e-01 -7.85155743e-02
 -6.42903894e-02  4.31981124e-02  1.89799666e-01 -1.63006224e-02
  6.49499148e-02 -5.55635616e-02 -6.34582490e-02  6.85169362e-03
 -9.72102806e-02  7.66568631e-02 -5.80667844e-03  5.73785007e-02
 -4.42989767e-02  3.77224050e-02  1.32797852e-01  4.97079678e-02
 -3.14611010e-02 -5.25243133e-02  6.35406375e-02  4.67707627e-02
  1.38637781e-01  3.82903405e-02  1.05463572e-01  1.18310519e-01
 -7.65670463e-02 -1.06634468e-01 -8.24904907e-03  3.99174951e-02
  4.32637930e-02  1.39869437e-01  4.73374799e-02 -1.11659132e-01
 -8.11431184e-02  7.83229843e-02  8.10036063e-03 -2.18035956e-03
 -2.85373181e-02  1.87976763e-01  1.78486183e-02 -3.71174589e-02
 -8.24369416e-02  5.47064431e-02 -3.63067724e-02  4.90210243e-02
 -1.95931867e-01  7.75511712e-02 -1.51460633e-01  5.32398559e-02
 -6.06595017e-02 -8.72232914e-02  1.93791613e-01  6.01785369e-02
 -5.13897538e-02  1.20850407e-01 -6.30760491e-02  7.10493028e-02
  6.72398182e-03  4.79750484e-02 -4.10885476e-02  1.43517584e-01
  1.03351600e-01 -1.92663688e-02  6.28587082e-02 -1.04037203e-01
 -1.10587902e-01  6.18448742e-02  4.71528023e-02 -1.21448617e-02]