[ 3.48122641e-02  7.51739666e-02  1.20994024e-01 -4.99993525e-02
  2.92646699e-02  1.46264154e-02 -2.44507398e-02 -1.88341606e-02
 -1.40455589e-01 -1.31066665e-01 -3.95206129e-03  8.27904940e-02
 -1.54728275e-02 -4.23504412e-03 -2.83387788e-02 -4.61963452e-02
 -3.74825113e-02 -2.13954169e-02 -6.07812963e-02  1.12911008e-01
  1.07305661e-01  9.76026505e-02  2.15922184e-02  1.76932722e-01
  2.31393706e-02  7.22735822e-02  5.46507426e-02 -4.24594358e-02
  4.36460823e-02  5.90393879e-02 -8.73395726e-02 -1.63680524e-01
 -2.91808825e-02  7.60751590e-02  2.00364529e-03 -5.18158004e-02
 -4.52058353e-02  2.00678766e-01 -7.24221095e-02  5.90507723e-02
 -4.00452688e-02  1.08763508e-01  2.30841339e-02  1.16304509e-01
 -5.64064458e-02  5.85310757e-02  1.92915037e-01 -1.11617960e-01
 -1.60590634e-01  1.11119621e-01  7.60023072e-02 -5.58842570e-02
 -8.70819092e-02  5.71920201e-02  1.65182397e-01 -2.58262232e-02
 -6.38139024e-02  2.13121459e-01 -3.67491921e-05 -1.60591632e-01
  1.81545261e-02 -2.81061940e-02  1.25113964e-01  3.01830750e-02
  5.03976084e-02 -1.16101414e-01  2.57570539e-02 -1.87319703e-03
 -4.43368629e-02  8.36303458e-02  8.25662464e-02  4.11472321e-02
  5.89089841e-02  5.65445013e-02  6.08463213e-02 -3.17806453e-02
 -9.18237343e-02  3.09504736e-02  8.78297687e-02  5.98532185e-02
 -2.29118438e-03  1.26450986e-01  2.82057859e-02 -8.63120705e-02
 -2.78038923e-02 -1.70526028e-01  4.98577952e-02  3.46807539e-02
  2.97229886e-02  4.69111167e-02  9.89883672e-03 -1.11702390e-01
 -1.91175863e-02 -1.50497863e-02  2.19668471e-03 -4.39006463e-02
  5.64144813e-02  3.53244618e-02  3.57255712e-02 -6.99882358e-02
 -1.36508465e-01  1.00761540e-01 -2.14855559e-02  1.12834960e-01
 -2.42233798e-01  1.55386515e-02 -1.22137517e-01  3.17403600e-02
  2.50000190e-02 -1.59593657e-01  2.03564733e-01  1.61781207e-01
 -1.26617670e-01  1.08492307e-01 -1.82444265e-03  4.95557524e-02
 -1.11146286e-01 -1.45008400e-01 -9.23613459e-02  2.76872087e-02
 -4.35094424e-02  1.55317247e-01 -2.41625980e-02 -2.03634035e-02
  4.33418015e-03  4.98461127e-02  7.11698532e-02 -1.08260296e-01]