[ 0.07507808  0.01664535 -0.03512701 -0.11093426 -0.0248558   0.03655295
 -0.17911597  0.0704094  -0.0927656   0.01734962  0.04926766 -0.01793182
  0.09291051  0.10551691  0.05287764  0.03690851  0.14077324 -0.04163186
  0.01190987  0.09198392  0.04212413  0.11439487  0.05538676  0.17397131
 -0.00887788  0.09706496  0.19895107 -0.03996431 -0.03795212  0.02460681
 -0.01034857 -0.11108332  0.04343281  0.07532952 -0.08328646  0.08022569
 -0.00063505  0.14657861 -0.05144492  0.08490303 -0.16115572  0.06174882
 -0.05551584  0.1087316   0.0290308   0.0548459   0.10315886 -0.0029259
 -0.08922026  0.07182951  0.16070241 -0.01378736 -0.0581422   0.01425469
  0.07003773  0.00655058 -0.03883642  0.09765069  0.14849089 -0.17047372
 -0.01660715 -0.08757101  0.02624762 -0.01847718 -0.06528103 -0.15345852
  0.04502437  0.18480711  0.08196892  0.07584823  0.04620829 -0.01351605
 -0.04050829 -0.15138559  0.02179033 -0.04068311 -0.06665812  0.12274601
  0.03475251  0.097898    0.02064646  0.07237227 -0.00912343 -0.12302406
 -0.02958128 -0.09676412  0.03463484 -0.01075149  0.09318909  0.03424635
 -0.1073799  -0.07366933 -0.03512837  0.08264863  0.01476627  0.04314801
  0.03228907 -0.00966071 -0.01065216 -0.1379813  -0.04994705  0.09099136
 -0.04604598  0.07983558 -0.2064846  -0.0340002  -0.22297993 -0.14356507
  0.00162289 -0.13619484  0.10764541  0.16409896 -0.07109351  0.08578258
  0.00750219  0.02202166 -0.14566869 -0.22259122 -0.11089712 -0.00837925
  0.00527205  0.08571037  0.05579646  0.0402487   0.02258451 -0.0477878
  0.04353467 -0.05825243]