[-0.0151873   0.1224493  -0.11638278 -0.12536082  0.03219281  0.09713255
 -0.00522891 -0.03013096 -0.06691804  0.10677617  0.06740543  0.0445745
 -0.05651643 -0.04696145  0.0578341  -0.10374235 -0.0925624  -0.16826373
  0.16556704 -0.05408419 -0.16694503  0.07659049 -0.03053154 -0.1721328
  0.02205609  0.12009048  0.15471987  0.02652016  0.0170938  -0.03317853
 -0.03357418 -0.1596529   0.00212464 -0.05646921  0.00962353  0.03894014
  0.08100905 -0.06522501  0.17948148  0.13177726  0.0743473  -0.08208614
 -0.07001097 -0.00445612 -0.13072415  0.15180397  0.01266296  0.00088618
 -0.05673034 -0.03747115 -0.07850751  0.19804029 -0.085447    0.0407568
 -0.02365454 -0.00067262 -0.01719631  0.02955476 -0.23730133  0.14600872
 -0.0717776  -0.08013768  0.18772626 -0.06042666  0.07435564 -0.03942551
  0.03213534  0.13861008  0.10325967  0.04005996  0.06151253  0.10005502
 -0.06041688  0.01886211  0.15572909  0.08589185 -0.06798707  0.07440321
 -0.010379    0.02942971 -0.08489645 -0.0013226   0.13912469  0.18251048
 -0.07373627 -0.00575078  0.08778702  0.04647072  0.04671815 -0.03480908
  0.00650312 -0.05943275  0.05389975  0.12371857 -0.04641158 -0.23877759
  0.06819318 -0.11447042  0.05527177 -0.06113589 -0.08488366  0.03697302
 -0.06136344 -0.05842421 -0.02389563  0.08843176  0.04489955  0.09094745
 -0.09879319  0.04620017  0.10642063 -0.05850159  0.03044956  0.07037755
 -0.01662445 -0.02622719 -0.09459572  0.0061674   0.05816519  0.01816382
  0.0744681  -0.08680118  0.01122559  0.02415224  0.06434087  0.0497464
  0.02512779  0.07568426]