[ 1.50217386e-02  1.85575724e-01  2.17523184e-02 -1.12631388e-01
  8.56646989e-03  8.36627036e-02 -2.24448498e-02 -2.11788435e-02
 -4.36268374e-02  9.20705199e-02  9.76620838e-02 -5.12998924e-02
 -1.46496510e-02 -1.64836012e-02  2.23016143e-02 -1.69934314e-02
 -7.28729963e-02 -4.54482362e-02 -1.99972303e-03 -4.11269851e-02
 -1.19211916e-02  1.29430726e-01 -1.28673330e-01 -1.05377138e-01
  1.95373272e-04  7.97822780e-04  4.57538776e-02  1.10074118e-01
  6.49322048e-02  6.65223598e-02 -1.37541503e-01 -1.79426670e-01
 -2.92687137e-02 -5.12724295e-02  6.24911673e-02  2.70050019e-02
  3.86570282e-02 -1.13254070e-01  1.29871339e-01  7.40525201e-02
 -4.04795855e-02 -4.67352495e-02 -2.23973412e-02 -8.25550556e-02
  4.28226776e-02  2.00040355e-01 -1.05772046e-02  2.03282163e-02
 -1.37271181e-01 -4.94424812e-02 -1.42177129e-02  2.25233480e-01
 -8.80102292e-02  5.90747409e-02 -2.04636529e-02 -2.16387175e-02
 -1.32423155e-02 -1.10415898e-01 -1.74429283e-01  6.38532564e-02
  3.84576805e-02 -1.26794036e-02  5.61566874e-02  4.12370674e-02
 -4.81628589e-02 -2.21429877e-02  8.97543412e-03  1.73617259e-01
  7.30203465e-02 -5.32947294e-03  1.45093992e-01  6.21775538e-03
 -1.06338616e-02 -1.55882657e-01  1.19767457e-01  1.54303133e-01
 -7.98993334e-02  6.25507012e-02  2.22417228e-02  2.01524161e-02
  6.54604733e-02  5.01039624e-02  9.12909210e-02  1.71288997e-01
 -6.06679842e-02  1.21180616e-01  9.34420060e-03  5.43492148e-03
  2.48278491e-02  1.18686117e-01 -4.35647815e-02 -7.56842718e-02
 -1.26119787e-02  1.99383244e-01 -1.86749890e-01 -1.68005034e-01
  7.29107996e-03 -1.30458847e-01  5.34083545e-02 -5.43581434e-02
  1.01057395e-01  9.21343938e-02 -6.54979944e-02 -1.11035027e-01
 -2.85510253e-02  9.13293511e-02  4.05410491e-02  6.25824481e-02
 -8.91077146e-02  3.10418811e-02  1.12534963e-01 -1.06375813e-01
 -1.22097768e-02  5.94362356e-02 -2.49986369e-02  5.13316952e-02
 -2.26722583e-01  1.07377045e-01 -9.64518785e-02 -6.13045469e-02
 -2.33481154e-02 -9.45107192e-02  3.37462500e-02 -3.93524906e-03
  1.28442287e-01  1.22427247e-01  6.52073696e-02 -8.86413176e-03]