[-0.05795035  0.1523993   0.10214022 -0.1074559   0.01224839  0.09419577
  0.04575912  0.10112973 -0.05242256  0.03214272 -0.00390623 -0.02008578
 -0.10236995 -0.08653608  0.11348554 -0.1773794  -0.15839058 -0.14907537
  0.07676428 -0.13346685 -0.09413427  0.09123617 -0.04383005 -0.17337354
  0.05445947  0.01721419  0.04068972  0.03504425  0.03096115 -0.09860417
  0.0202564  -0.21961516 -0.0409117  -0.01898338  0.02368741 -0.01080553
  0.03735229 -0.05733223  0.06640013  0.14244054  0.14693089 -0.04325657
 -0.0773109   0.02206755 -0.12284356  0.14309359  0.00524885 -0.08084276
 -0.07506451 -0.03636388 -0.07103477  0.21511924 -0.11365623  0.04291417
 -0.01341116 -0.00405925  0.00303787 -0.01229071 -0.17223608  0.05652186
 -0.04179513 -0.05902435  0.0445142   0.00419367  0.06404751 -0.05856883
  0.07891505  0.07199286  0.10649611  0.13614562  0.10908684  0.13112195
  0.00311163  0.05855961  0.12665363  0.07214805 -0.14563105  0.07714883
  0.01251094  0.02451832 -0.14372848  0.02247619  0.17556237  0.2015153
 -0.01035456 -0.03525809  0.1341998   0.07586724  0.01081195 -0.03559934
  0.01370754 -0.04298764  0.04027285 -0.00540684 -0.08530601 -0.23383212
  0.09212086 -0.07897621  0.00508735 -0.00827491 -0.12892553  0.08799574
 -0.01023392 -0.04766743 -0.04287821  0.04400776  0.02095815  0.1197509
 -0.0290654  -0.00522092  0.11570255 -0.05726455 -0.09585027  0.03107351
  0.02408566 -0.0194065  -0.04460327 -0.0604436   0.07649656  0.0131014
  0.08683692  0.00776382 -0.04382044  0.04045714  0.10789813 -0.01213274
  0.10125703  0.10686836]