[-0.009066    0.1646039   0.032233   -0.03494699 -0.01162181  0.02040309
  0.0442576  -0.02999463 -0.07104308  0.01233717  0.05509499  0.00885705
 -0.08893693 -0.04055679  0.03939778 -0.11158418 -0.15130183 -0.15883268
  0.09267467 -0.08349111 -0.09199395  0.06070502 -0.00184977 -0.17588528
  0.05702974  0.05839062  0.07263046  0.00300238  0.02675632  0.00478243
 -0.08974907 -0.11145899  0.01041723 -0.03089841 -0.01086635 -0.04746087
  0.04473151  0.02061205  0.11101875  0.14501807  0.08090346 -0.07348277
 -0.08123744 -0.02645983 -0.13422742  0.23647079  0.03415131 -0.12872128
 -0.08756123 -0.05723406 -0.02207217  0.28627205 -0.06901585  0.07766819
  0.00450695 -0.03290636  0.09234348 -0.04224361 -0.16848226  0.11291088
 -0.0142495  -0.09830577  0.06209275  0.02004852  0.0674656  -0.05913505
  0.05648416  0.08968327  0.11615208  0.09668118  0.07796689  0.07763928
 -0.02373606  0.05461394  0.1838495   0.09434499 -0.1159286   0.03115653
 -0.0483599   0.08544201 -0.11160958 -0.00632129  0.13495758  0.16633642
 -0.03479491  0.01676759  0.08401478 -0.00341887 -0.05950359 -0.0501304
 -0.02630493 -0.05565842  0.03591035  0.0299307  -0.1268041  -0.24357104
  0.09003308 -0.06722501  0.14294764 -0.05332085 -0.09388259  0.09229755
  0.02010269  0.04014395 -0.01679712  0.0085325   0.04649783  0.22764739
 -0.02169115 -0.04020975  0.0931572  -0.04960208 -0.08464145  0.00584873
 -0.00977524  0.00991858 -0.09286715 -0.04140786  0.0799034   0.02772322
  0.05232014  0.02246412 -0.05659745  0.02962851  0.13412784  0.03845313
  0.09682576  0.10771521]