[ 0.02580611  0.04165926  0.1350702  -0.01630412  0.12116929  0.13760078
  0.00260909 -0.0130177  -0.13030066  0.04166271 -0.03804319 -0.01888398
 -0.04519516  0.08436837  0.23586595 -0.04584631  0.04921611 -0.04843717
  0.06915473 -0.04560288 -0.09735224  0.15306363 -0.09131838 -0.08291594
  0.07882991 -0.04476057 -0.09465732  0.10889702 -0.03095289 -0.04005563
 -0.04050499 -0.00507743 -0.07688067 -0.00723987  0.05493498  0.11018973
  0.07164716 -0.21287547  0.07666773 -0.01802986  0.13521291  0.01575943
  0.05216172 -0.22396125 -0.03516753  0.20552528  0.00332688 -0.00097627
 -0.08224985 -0.08337106  0.01202142  0.04188417  0.01969501  0.01406734
  0.02229808  0.01337815 -0.06019912 -0.04933774 -0.06964206  0.12166985
  0.01320118  0.1458123  -0.13372554 -0.10234205  0.05140292  0.17041594
  0.02513136  0.13470083 -0.00892185  0.03264857  0.12201101  0.09867845
  0.01963812 -0.09767598  0.09228315  0.18962315 -0.04524935 -0.02067728
  0.0482921  -0.06677169  0.06201341  0.08657142  0.07084183  0.0951086
  0.02587475  0.06301167  0.02744014  0.0356951  -0.12289773  0.14176226
  0.04737145  0.02904211  0.03243848  0.15801507 -0.17906135 -0.03294783
  0.05782874 -0.09852127  0.00505035 -0.00753393  0.02401676  0.04076663
 -0.01203001 -0.14609416 -0.09262916  0.13282229 -0.00250699 -0.04808977
 -0.11667369  0.08038361  0.07600445 -0.11105342  0.04480572 -0.04913852
  0.00303505 -0.06301229 -0.17025997  0.06868566 -0.12246743 -0.03222256
  0.05515492 -0.08353823  0.04509691 -0.01664889  0.13138822  0.11613535
  0.0619312  -0.04174761]