[ 0.04936825  0.13252687 -0.17599879 -0.09766303  0.01353338  0.18755916
 -0.11045168 -0.09184395 -0.0923273   0.05951706  0.09855746 -0.05864865
  0.08887063  0.12193415  0.04730896  0.05304648  0.0482383   0.00890892
  0.07452974  0.01821184  0.00169905  0.01098839  0.06552289  0.11415689
  0.0408361   0.00959529  0.14309424  0.01783714  0.08812444  0.08287023
  0.03080597 -0.0400874   0.02212988  0.02302443 -0.01491545  0.15876517
  0.02278051 -0.03192807  0.02686994 -0.01670407 -0.10780174 -0.06122269
  0.06875009  0.08723535 -0.04996111 -0.00807439  0.14173165  0.14948156
 -0.14089787  0.05359616 -0.01058319 -0.00182347 -0.00172246 -0.01305955
  0.0472783   0.08871178 -0.07094626  0.17459819  0.04083437 -0.13116784
 -0.15372571  0.05405285  0.25271627 -0.15270177 -0.01241581  0.15469845
 -0.03215336  0.05853855 -0.09203122  0.08700234 -0.05577136  0.02640924
 -0.09982813 -0.06265391  0.09757778 -0.06730281  0.05863588  0.02641635
  0.01793952 -0.036414    0.10484587  0.02200296 -0.05095759 -0.10714593
 -0.07498342  0.03294574 -0.10572573 -0.04752557  0.1057869   0.15091588
  0.10571584 -0.09939028 -0.05550561  0.06285616  0.10215877  0.01556747
 -0.07487512  0.15557821  0.04116306 -0.06432442  0.022673    0.0243903
 -0.00157429 -0.03539189 -0.17046149  0.18513405 -0.10958723 -0.08809057
 -0.00856851 -0.07567385  0.0897089   0.12221844  0.08519485  0.04463158
  0.04152204  0.00298162  0.00584567 -0.0115741   0.06597868  0.09201263
  0.10063187 -0.19135381  0.11043477  0.02113441 -0.14061759  0.08100391
  0.04358257  0.00086008]