[ 6.71949163e-02  9.64758843e-02 -1.89851835e-01 -4.70076427e-02
  1.09095993e-02  2.29335293e-01 -6.43927008e-02 -8.26416388e-02
  8.94179009e-03 -1.17207384e-02  1.61353096e-01 -2.45194566e-02
  4.76996116e-02  1.06514148e-01  4.57628490e-03  2.91236378e-02
  1.56493261e-02  7.45638041e-03  4.32005376e-02 -7.10434988e-02
  6.23024926e-02  1.04352860e-02  2.49322690e-02  1.01428509e-01
  1.00595705e-01 -4.68911454e-02  1.58852756e-01  2.23031715e-02
  8.04956183e-02  9.92173329e-02  9.50351134e-02 -6.53608441e-02
  1.01127184e-03  1.02652539e-03 -4.79656197e-02  1.20600924e-01
 -4.42266837e-02 -9.87305418e-02  6.45872205e-02  4.80088629e-02
 -5.17518632e-02 -2.52574421e-02  2.08932925e-02  1.04784913e-01
 -3.98850851e-02 -1.40043512e-01  5.13828471e-02  6.58170432e-02
 -5.55979870e-02 -1.51706440e-02 -1.83360819e-02  3.66202928e-02
  2.33570556e-03 -2.23432053e-02 -2.10134648e-02  1.18763365e-01
 -9.09938216e-02  2.30674386e-01 -2.45704856e-02 -6.86822906e-02
 -1.87720373e-01  1.13713769e-02  2.92144060e-01 -1.63143158e-01
 -2.81376466e-02  1.53678000e-01  2.69447599e-04  3.43782194e-02
 -9.42314565e-02  1.06760457e-01 -2.43394934e-02  5.42015359e-02
 -9.07253250e-02 -9.14197862e-02  7.96542913e-02 -5.92737272e-02
  6.02461323e-02 -4.65645380e-02 -9.36906487e-02  1.32583510e-02
  6.42433092e-02  6.94102282e-03  3.23517285e-02 -7.67333582e-02
 -9.28032696e-02  7.58067295e-02 -4.70954850e-02 -9.22816992e-02
  3.26310620e-02  6.93210214e-02  7.98677206e-02 -1.62503764e-01
 -8.83788317e-02  7.25836903e-02  1.29283383e-01 -1.74977891e-02
 -1.18256792e-01  7.42764696e-02  3.23970169e-02  2.26148386e-02
  3.08972131e-03 -7.86182936e-03 -1.93276838e-03 -2.72379722e-03
 -1.29995659e-01  1.90089330e-01 -5.00610992e-02 -7.52546191e-02
 -5.62295467e-02 -1.19046472e-01  6.41946420e-02  7.14107826e-02
  7.74360299e-02  6.11155257e-02  7.72075430e-02  3.11671104e-02
  3.49966739e-03  6.93165064e-02  1.33977190e-01  1.10140845e-01
  1.01971515e-01 -2.20540702e-01  4.93156351e-02 -1.09648127e-02
 -7.84313977e-02  1.05867408e-01  3.81407738e-02  6.74524754e-02]