[ 0.02789516  0.15006378 -0.19131359 -0.06352311 -0.05602696  0.09137999
  0.03699649 -0.03127868  0.0224475   0.03685527  0.1166531  -0.01298431
  0.07315899  0.17820057  0.02424477 -0.1010763   0.01742053 -0.12500308
  0.08180474 -0.02051403 -0.06295628 -0.02274471 -0.11067915  0.05049278
  0.01281739  0.02787403  0.10174444  0.05174168  0.08615166  0.13690506
 -0.00322338  0.01584141  0.0315857  -0.03384529 -0.10666116  0.126918
  0.03350622  0.02806006 -0.01174429  0.0638482  -0.0054103  -0.04331843
 -0.02119395  0.06384497 -0.03737225  0.05033165  0.06235514  0.0058021
 -0.07052656 -0.10559347 -0.09040625  0.13420595 -0.00876321  0.0063282
  0.09551485  0.13791394 -0.19175678  0.20960303 -0.0366914  -0.03661149
 -0.16636305 -0.04684651  0.23187599 -0.133515   -0.03731512  0.17001922
  0.10395666  0.0235307  -0.02099249  0.00498157  0.01848873 -0.00815772
 -0.05661498 -0.00237528  0.16257018  0.01741458  0.04360781 -0.00794922
 -0.04043606 -0.04763028 -0.01821129  0.02114443 -0.03217417 -0.08061385
 -0.0235056   0.02831942  0.00462367 -0.09270434  0.09973654  0.066801
  0.04698291 -0.18241222  0.0007311   0.00854085  0.07966316 -0.07675252
  0.01418944 -0.0646589   0.15884607 -0.00542052 -0.06640738  0.06174743
  0.04528309 -0.00845154 -0.29862073  0.20695744 -0.10286441 -0.02288147
 -0.07330305 -0.11282336  0.12999021  0.03003409 -0.06581961 -0.02516196
  0.03693974 -0.00434299  0.0154223  -0.11050026  0.15876417  0.03743234
  0.08936363 -0.1452121   0.03973721  0.07995328 -0.01884944  0.0895079
  0.03567652  0.02415307]