[ 0.08687121  0.1503761   0.02757768 -0.13122065  0.00295673  0.14097518
  0.05346249  0.13437517 -0.08939666  0.00460636  0.07145871 -0.07967883
  0.04547655  0.08645115  0.15705726 -0.09360726  0.10705163 -0.10717963
 -0.01496948 -0.01100904 -0.03440192  0.10316353  0.01441028  0.04694209
 -0.0116761  -0.03598471  0.10215212  0.06371957  0.14550883 -0.05897801
  0.01406448 -0.08675618 -0.01705472  0.09778447 -0.05417894  0.03375973
  0.07270477  0.15516821 -0.04884412  0.0705236   0.01324852  0.00215639
 -0.08681975 -0.00246517 -0.09570228  0.10901659  0.01598011  0.02892126
 -0.19727504  0.00342294 -0.05340513  0.13351274 -0.08207054 -0.00096816
  0.00987285  0.03665287 -0.10120524  0.17092149 -0.06150363 -0.05453727
 -0.16079268 -0.01886032  0.140112   -0.1841968   0.04052458  0.08300085
  0.07228772  0.08853251 -0.107436    0.12755933  0.02929559  0.00350557
 -0.06646422  0.03487916  0.1175369  -0.03913346  0.01980493  0.05051535
  0.05950908 -0.04249366 -0.08828447 -0.00772382  0.02885434 -0.09433527
  0.01689687 -0.09625856  0.0339267  -0.00830322  0.05746333  0.11595284
  0.12961963 -0.14924051 -0.02477467  0.0366604   0.10017597 -0.06693338
  0.09481631 -0.02152876 -0.00037859 -0.02007855 -0.08513498  0.10439217
 -0.0578101   0.08063398 -0.22434351  0.11843193 -0.07194592 -0.05691335
  0.07295018 -0.20423473  0.13814254  0.130916   -0.04867416  0.07745732
  0.12748986 -0.02611088 -0.06303027 -0.13067369  0.08583604  0.11122655
  0.04038898 -0.06459113  0.01654364  0.1256008   0.094955    0.00719441
  0.09666393 -0.08990268]