[ 7.46683031e-02 -6.25146851e-02 -1.15414716e-01 -1.32280188e-02
 -3.72979492e-02  1.31084979e-01 -1.61012579e-02  4.20277193e-02
  3.45189520e-03 -6.52963966e-02  1.77458569e-01  2.00012270e-02
  8.08522925e-02  1.64045647e-01 -4.75144796e-02 -6.31326661e-02
 -1.89358667e-02 -5.64967841e-02  3.45739871e-02  2.37438213e-02
  1.22502454e-01 -1.13476239e-01  1.86749175e-02  8.54366571e-02
  8.40383470e-02 -1.13429164e-03  1.35278001e-01  2.02399436e-02
  6.11391151e-03  4.05519307e-02  2.76131462e-02 -1.57206118e-01
  2.44092084e-02  3.90975969e-03 -1.10063836e-01  8.42097774e-02
 -1.11316405e-01  5.78283072e-02 -1.93838738e-02 -2.32188813e-02
 -2.26755403e-02  1.48292547e-02 -5.12934774e-02  9.17411745e-02
 -7.71788657e-02 -2.38440484e-01 -2.92514544e-02 -2.38503199e-02
  1.51747502e-02 -1.58634931e-02 -8.35364610e-02  3.21024563e-03
 -1.69009957e-02  6.23436384e-02  8.79017934e-02  7.40109608e-02
 -1.16299815e-01  2.23858908e-01 -3.62624899e-02 -1.38208121e-01
 -1.29232138e-01 -5.25750704e-02  2.70726830e-01 -6.91940486e-02
 -3.55442092e-02  2.03693256e-01  2.29079463e-02  7.26744086e-02
 -8.64158571e-03  4.25981134e-02  2.31532827e-02  4.03953865e-02
 -1.84262171e-02 -8.29902068e-02  9.35372859e-02 -4.32689339e-02
  6.06550127e-02 -8.84109214e-02 -1.56343244e-02  6.14266098e-02
 -7.05266520e-02 -8.11673924e-02  9.55347791e-02 -1.16585813e-01
 -8.58951807e-02  2.06938852e-02  5.79271130e-02  3.30511928e-02
  1.37691110e-01 -1.15933586e-02  7.19566196e-02 -1.87946662e-01
 -4.10891697e-03  4.73844670e-02  3.37479934e-02 -1.26631021e-01
 -8.21517408e-02  1.07507613e-02  4.57857475e-02  2.37704789e-05
 -2.37769517e-03  3.60518582e-02  3.44875418e-02 -5.86843491e-02
 -1.11325510e-01  2.01748177e-01 -2.46831309e-02 -5.91594577e-02
 -3.07567101e-02 -2.19853655e-01  4.28010598e-02  8.62479433e-02
  1.78922750e-02  6.50354177e-02  1.29097015e-01  7.47614354e-02
  1.83438975e-02  4.87176180e-02  1.09941587e-01  6.35782927e-02
 -4.43503121e-03 -1.81232467e-01  6.96411531e-04 -1.72289107e-02
 -3.22618149e-02  1.39199540e-01  1.01832710e-01  1.26734883e-01]