[-0.03285271  0.19526866 -0.02645196 -0.13684376  0.06309097 -0.01212994
  0.00482516 -0.09018621  0.09610502 -0.04805593  0.03248309 -0.03014189
 -0.05986464  0.09839685 -0.04733625  0.00810888 -0.01560034 -0.09689879
  0.01161517 -0.09639719  0.05420067  0.1554437  -0.11559199 -0.1094173
  0.03003565  0.02240801  0.06441029  0.13357426  0.13782686  0.14566353
 -0.06437765 -0.17512847  0.04484526 -0.08467243  0.06959263  0.02451546
  0.11748589 -0.00574454  0.11119996  0.09490323 -0.02795183  0.09827363
  0.0770509  -0.0124332   0.05586607  0.21241967  0.01806037 -0.06284796
 -0.00913461 -0.11271562 -0.10183074  0.1983446  -0.06327403  0.0661083
  0.04241067  0.02572939 -0.01770062  0.02875427 -0.20823723  0.05467943
  0.01823265 -0.07823089  0.10305218  0.03355311 -0.00246747 -0.09060378
  0.0033079   0.11597278  0.12434806  0.04528308  0.16666275  0.00340883
 -0.03161398 -0.13435535  0.13568194  0.17529897 -0.07182527  0.10371077
 -0.06011781 -0.08635453  0.05200478  0.18624362  0.11415198  0.22276489
 -0.00677182  0.05038196  0.00380533  0.03553394 -0.03503292  0.03396928
 -0.03154355 -0.13197    -0.02916682  0.07035048  0.00519868 -0.16296953
 -0.00574836 -0.04929147  0.07285695  0.01627592 -0.02842938  0.0422309
 -0.00959026 -0.02564527 -0.13864024  0.0544784   0.00181811  0.0432108
 -0.06380226 -0.02729765  0.10192676 -0.17769003 -0.09939615  0.1219877
 -0.01197229  0.0817965  -0.13062742  0.01339915 -0.09327867 -0.03032534
 -0.00421553  0.06198974  0.00542418 -0.00595963  0.02088793  0.08492711
  0.0072002   0.02524298]