[-0.03843915  0.10302927 -0.08539447 -0.18464817  0.12076638 -0.08110908
 -0.04783756 -0.12601714  0.07993808 -0.0238139   0.00624808 -0.00863632
  0.02136243  0.17792283  0.05931488  0.10156776  0.02646377 -0.09915294
  0.04818835 -0.03449665  0.00842492  0.22648954  0.01413568 -0.14985532
 -0.01422632  0.11508957  0.10663778  0.09030154  0.14414558  0.16385701
 -0.04588468  0.01313317  0.16253018 -0.02473535  0.05457586  0.05162593
  0.21530637  0.07780912  0.14945324  0.07425565 -0.03261165  0.07500965
  0.11884661 -0.02064137 -0.03005385  0.18469363  0.05284443  0.00218576
  0.07094178 -0.06047044 -0.11349225  0.09126909 -0.0391592   0.08824103
  0.04571278  0.02218147  0.04641948  0.0047248  -0.20737028  0.09866249
 -0.05572296 -0.13317825  0.07227662  0.02871674  0.01204517 -0.06081707
 -0.04644886  0.13871697  0.13832796 -0.01178625  0.05815546 -0.0235442
 -0.08257845 -0.0850701   0.13388944  0.10147046 -0.03197937  0.03945499
 -0.07641901 -0.09874754  0.15541358  0.17817315  0.06520656  0.20461665
  0.03117538 -0.00706999 -0.01314796  0.05704397 -0.02745206  0.04482266
  0.01329445 -0.06129825 -0.07684861  0.07898334  0.0500493  -0.08005832
 -0.08680002  0.08350158  0.08314122 -0.01186128 -0.04261728 -0.05487515
  0.02478069  0.02437915 -0.11008191  0.01109384 -0.05902484 -0.00238684
  0.03440494 -0.00556732  0.03220678 -0.12553892 -0.09937628  0.12132799
 -0.04164335  0.04573854 -0.00093785 -0.05007295 -0.11195734  0.03287837
  0.10329483  0.10395675  0.06230284  0.0336537  -0.09519631  0.00508147
 -0.00274844  0.05508687]