[-0.04226749  0.06357052 -0.11940713 -0.15840906  0.07891434 -0.08638889
  0.00941382 -0.12510841  0.11028514 -0.01294757  0.02679308  0.0278871
  0.01807288  0.22548014  0.02199547 -0.00207088  0.05212488 -0.01416945
  0.07580815 -0.05651734 -0.04451443  0.213258   -0.06578951 -0.14085519
 -0.04794516  0.1105004   0.08107337  0.13798745  0.12297188  0.18875051
 -0.05177699  0.00664537  0.17407608 -0.10439987  0.07018425  0.01990864
  0.17241277  0.06288409  0.13188581  0.05033487 -0.01457446  0.13681722
  0.10332154  0.01293749 -0.06477752  0.04272    -0.01415481 -0.03133291
  0.12943025 -0.12113599 -0.13666141  0.04055095  0.02175645  0.08517356
  0.00525591  0.06282073 -0.03204097  0.07545878 -0.20738944  0.08076603
 -0.10010044 -0.11136852  0.12364251  0.03390659 -0.01865826  0.04771006
 -0.00480254  0.03900516  0.07048862 -0.11388424  0.09954257 -0.09007494
  0.00536827 -0.05710953  0.08625709  0.08770542 -0.03515366 -0.11047051
 -0.06245036 -0.16555351  0.14154075  0.16903609  0.06403054  0.1606884
  0.08525372 -0.02851921 -0.01535116  0.01301308  0.02003919  0.02852635
 -0.00549148 -0.09776701 -0.02557746  0.0552425   0.10214521 -0.11404253
 -0.09470437  0.03585466  0.0572704   0.05458795 -0.04497577 -0.01487092
  0.08545629 -0.03329213 -0.15834866  0.06361372  0.02405657 -0.08883661
  0.0071179   0.0022532   0.08458013 -0.18360817 -0.06132743  0.12166627
 -0.08145473 -0.00105407  0.03429732 -0.00743191 -0.04703303 -0.0662654
  0.08850411 -0.0277939   0.0244511  -0.05032025 -0.06206021  0.02525202
 -0.02594931  0.05720886]