[ 0.01756005  0.10262552 -0.12993307 -0.12754886  0.01360435 -0.00784336
 -0.04089636 -0.15064971  0.01256767 -0.01112505  0.12040497  0.01932446
 -0.0077674   0.1415686   0.02744704  0.0066307  -0.03569436 -0.08310043
  0.11828802 -0.08353977 -0.05344945  0.21402198 -0.06940242 -0.14591114
  0.01739537  0.13479948  0.21194419  0.08399522  0.06246094  0.18469007
 -0.09713878 -0.08223193  0.13262135 -0.07040167  0.04535786  0.03711523
  0.10596712 -0.05323134  0.17287327  0.09933875 -0.03517669 -0.00510773
  0.06571596  0.0796336  -0.06411486  0.1473193   0.03013461 -0.05303352
 -0.01809889 -0.12318698 -0.04497248  0.11741693 -0.0026789   0.07910764
 -0.00862688  0.06158575 -0.05965745  0.06527197 -0.19552015  0.13891996
 -0.07860336 -0.1580947   0.17512436  0.04274814  0.01806725 -0.01268248
 -0.01508311  0.06830426  0.096087   -0.03369706  0.07009965 -0.07557496
 -0.04799757 -0.15348084  0.13115798  0.08527669 -0.05293525 -0.05443633
 -0.11894377 -0.00385388  0.1335099   0.05177027  0.07143339  0.13469516
 -0.05205844  0.03940703  0.00169537 -0.09311427 -0.05847311  0.07554798
 -0.0288765  -0.13420314 -0.08807316  0.12071364 -0.01609332 -0.09711505
 -0.06789286 -0.03925683  0.15880866 -0.00806674 -0.05197914  0.05287318
  0.05090668 -0.04748139 -0.10531968  0.05837406  0.02079539  0.05034112
 -0.09130393 -0.04439878  0.1127964  -0.16466348 -0.05109339  0.06873522
 -0.0474422   0.02151949 -0.04660329  0.0141487   0.0016786  -0.02395639
  0.10509935 -0.09991456  0.02345369 -0.01626937  0.07088862  0.05370251
  0.05879497  0.07835877]