[-0.01287516  0.11023598 -0.06480297 -0.18569198  0.08892086 -0.0325916
 -0.02307704 -0.12835705  0.08058017 -0.07864793  0.05828309 -0.00452304
  0.01992177  0.14303057  0.04286226  0.04003972 -0.03432097 -0.08203436
 -0.01568504 -0.06415331  0.01394002  0.21642826 -0.08057671 -0.1659912
 -0.00118848  0.11699307  0.0914234   0.11054682  0.107179    0.14406672
 -0.03772411 -0.01039991  0.12309937 -0.01854322  0.07202515  0.04777407
  0.17446566  0.01957969  0.17622581  0.03310318  0.03685357  0.03362833
  0.14208658  0.04007141 -0.02279091  0.13665496  0.02925086 -0.0076282
 -0.0246697  -0.11658654 -0.17415865  0.03648951 -0.01618728  0.09501734
  0.01607786  0.03391166 -0.09448443  0.05948478 -0.23950447  0.06483144
 -0.07794675 -0.10821263  0.13031094  0.06262601 -0.0195062   0.05629753
 -0.0343156   0.1213588   0.1060319  -0.07597387  0.08847237 -0.09530739
 -0.0373352  -0.13408677  0.1465966   0.09398481 -0.06894036 -0.0549957
 -0.08067761 -0.07128314  0.15553854  0.15498491  0.06540817  0.15327685
 -0.02940289  0.04999935  0.01877892  0.00379272 -0.0491184   0.09885529
  0.07030376 -0.15030535 -0.09676957  0.07865475 -0.01465857 -0.06963935
 -0.11339322  0.01282041  0.08108989 -0.0025948  -0.06176224 -0.03792928
  0.03355818 -0.01398051 -0.1290402   0.07510564 -0.03866817  0.07466679
 -0.04424378 -0.05640775  0.09195822 -0.154375   -0.14321984  0.11858597
 -0.02077105  0.00712982 -0.08541864 -0.01105857 -0.03403708 -0.02205511
  0.12739325  0.01533975  0.04841203  0.04020283 -0.00230956 -0.00267269
  0.02407566  0.03201414]