[ 1.56239286e-01 -4.42043766e-02 -1.00104406e-01  1.76445134e-02
  1.17192827e-01  5.05677238e-02 -1.04974639e-02  9.77205709e-02
  2.63297465e-02 -8.80103260e-02  1.05670936e-01  1.62607267e-01
  5.58012910e-02 -1.11637115e-01 -8.67831409e-02 -9.82854422e-03
  9.05028954e-02  4.53760363e-02 -1.46824464e-01  2.30278879e-01
  2.13586930e-02  1.44323975e-01  9.18966085e-02  1.01589136e-01
 -1.07379839e-01 -1.10342167e-01  8.82572904e-02  2.51892917e-02
 -5.20783439e-02  6.15752786e-02 -9.69609320e-02 -4.39659655e-02
  9.14523304e-02  1.33006796e-01 -1.02913447e-01 -4.91296314e-02
  1.63716897e-02 -1.09788409e-04 -1.42550215e-01  5.05865775e-02
 -1.33279664e-02  3.44026834e-02 -7.20785838e-03  6.88701868e-02
 -1.69827625e-01 -1.70241952e-01 -1.16127338e-02  2.10740212e-02
  7.29117692e-02  3.37937057e-01  1.14941671e-01 -2.50604972e-02
 -1.60568401e-01  6.52953163e-02  2.58336850e-02 -9.25877467e-02
 -6.35195374e-02 -5.96365109e-02 -4.48898748e-02  4.15591076e-02
 -1.16756767e-01 -8.01168159e-02  6.13832325e-02 -7.62197152e-02
 -8.89512151e-02 -2.41431251e-01 -6.50350749e-03 -2.63335183e-02
 -1.06050134e-01 -7.01517938e-03  3.44729237e-02 -2.98772827e-02
  5.06803356e-02  5.70419282e-02 -6.01627193e-02  2.98635685e-03
  8.38394091e-02 -2.68020690e-03 -3.88333462e-02  6.85993657e-02
  6.17924966e-02 -2.30309330e-02  5.60835451e-02  3.62028517e-02
  9.79058221e-02  4.42093424e-02 -1.04163960e-02  6.23476179e-03
  7.20786527e-02  9.14722532e-02 -9.28189233e-03 -1.35203034e-01
 -1.86592191e-01  9.67348889e-02  3.43386866e-02 -6.16079867e-02
 -7.05006942e-02 -5.22955209e-02 -1.36226833e-01 -6.92494586e-02
  2.08862666e-02  4.92026620e-02  3.38616781e-02  4.59688492e-02
 -5.44047356e-02 -1.80536765e-03 -2.57348269e-02 -7.97446817e-03
 -1.67857856e-03  1.34802526e-02  4.23256271e-02  6.78622425e-02
  5.46628460e-02  1.61679029e-01 -1.11229889e-01 -4.88785096e-02
  8.74774605e-02  9.66510177e-03 -2.30376832e-02  1.26966566e-01
 -3.53232138e-02  6.66616336e-02  2.89906859e-02  5.25547154e-02
  6.31333366e-02 -8.25933069e-02  1.09259233e-01 -2.28327513e-02]