[ 1.29100844e-01  2.59804558e-02 -2.28781067e-02 -2.69744601e-02
  5.91848791e-02  2.27724854e-02  3.39561962e-02  1.15325145e-01
  6.75842687e-02 -1.28320217e-01  7.28137642e-02  6.96993768e-02
  3.46610211e-02 -1.02611661e-01 -1.26963243e-01 -2.78872680e-02
  7.06175119e-02  1.20334603e-01 -2.33659565e-01  1.58669189e-01
  4.99941036e-02  1.36117816e-01  8.52294415e-02  1.42643884e-01
 -1.65132627e-01 -1.66255727e-01  3.08477934e-02  5.33508435e-02
  1.45834433e-02  1.57098863e-02 -8.84810388e-02 -1.04601972e-01
  5.14347292e-02  1.13042422e-01 -5.32653555e-02 -1.09979771e-01
  1.48162302e-02  7.82406554e-02 -1.60186812e-01  8.21876451e-02
 -6.31769598e-02  1.03488013e-01 -3.21288779e-02  5.53298183e-02
 -1.03649363e-01 -1.78976581e-01 -3.20345238e-02  1.06468666e-02
  1.26141319e-02  3.29343438e-01  2.60231402e-02 -4.81248163e-02
 -1.38304979e-01  7.71596432e-02 -6.09647259e-02 -6.38898462e-02
 -2.32320535e-03  5.99880656e-03 -1.71256773e-02 -2.86572929e-02
 -8.07470381e-02  1.96348280e-02  7.71756545e-02 -5.72702177e-02
 -1.39343515e-01 -1.87209859e-01  2.26242822e-02 -1.01197891e-01
 -1.39391944e-01 -2.45843036e-03  3.37399580e-02 -8.83001462e-02
  9.30318460e-02  1.34932861e-01 -6.39977157e-02 -5.86765409e-02
  4.32367474e-02 -4.13810350e-02  1.71585576e-04 -3.73715982e-02
  5.59126250e-02  2.86962558e-02 -1.16250599e-02 -2.09741145e-02
  1.06835380e-01  6.95986971e-02 -6.91271722e-02 -3.90296206e-02
  6.70755208e-02  8.48234296e-02  6.67619109e-02 -1.53402448e-01
 -1.16225176e-01 -2.79530585e-02  1.46431804e-01 -3.81427109e-02
 -9.48539972e-02  1.69708859e-02 -1.50788650e-01  1.52219431e-02
  9.77019500e-03  2.93491837e-02  3.38223167e-02  8.37951526e-02
 -4.00000401e-02 -1.54073453e-02  6.63380092e-03 -4.24527489e-02
  2.42210086e-02 -1.85406376e-02  8.65131840e-02  7.67538920e-02
  7.76048005e-02  1.69503406e-01 -1.16312355e-01 -7.96594471e-03
  9.07297507e-02  2.10053958e-02  3.48245515e-03  4.53071333e-02
 -6.64582551e-02  6.81652725e-02 -1.51600586e-02  4.81467322e-02
  1.82071503e-03 -1.02922738e-01  1.57268196e-02 -7.64679760e-02]