[ 0.11133722  0.01224602 -0.16887294 -0.02357232  0.03461604  0.04022123
 -0.04534027  0.05424848 -0.03449115 -0.04528314  0.04613781  0.14435853
  0.05684211 -0.12892768 -0.13186374  0.02123131  0.03724551 -0.0626006
 -0.09998462  0.2420654  -0.06898508  0.08587987  0.10439318  0.13187289
 -0.12849478  0.02929947  0.15724063  0.00312051 -0.01095465  0.01646475
 -0.10147413 -0.02135305  0.04018437  0.10739172 -0.16541865 -0.04552575
  0.00329556  0.09286878 -0.11638653  0.10990142 -0.04261128 -0.03661279
 -0.0081141   0.09616581 -0.1186346  -0.11451608  0.07614847  0.04518776
  0.01457072  0.33725473  0.12109557 -0.00413968 -0.1338629   0.06578163
  0.06925739 -0.10277086 -0.02248009  0.03155479  0.03413885 -0.03811507
 -0.11806032 -0.04702189  0.14078574 -0.04637592 -0.11929527 -0.20132287
  0.01461439 -0.03974223 -0.07511316 -0.02803825 -0.0602342  -0.01387512
  0.0316169   0.18832172  0.05174284 -0.05477735  0.06864312  0.03940208
 -0.00762583  0.09587046  0.09145394 -0.03509115  0.0419239  -0.02093631
  0.05538397 -0.00252207 -0.02446808  0.02314414  0.11729088  0.03469134
 -0.02391553 -0.09256846 -0.12115488  0.06653737  0.06889856 -0.02543278
  0.01067419  0.00138171 -0.05477773 -0.1183473  -0.0440771   0.04019248
  0.00316897  0.13611594 -0.12616782 -0.01092771 -0.09665901  0.04318367
 -0.01003726 -0.02640579  0.10333589  0.19996804  0.07128517  0.14401056
 -0.13068916 -0.04420413  0.05711058 -0.01849667  0.01254983  0.10664409
 -0.02245269  0.05091824  0.0847908  -0.00110426 -0.05702548 -0.06280641
  0.01299642 -0.04056565]