[ 0.12625073 -0.11515029 -0.10135503  0.05171601  0.1125218  -0.01996319
  0.01237995  0.08450016  0.10301197 -0.05855565  0.08648132  0.12746599
  0.06920788 -0.12327488 -0.14095929 -0.01742758  0.04942403  0.19194196
 -0.19468321  0.17088732  0.09949057  0.07739025  0.12412114  0.06211845
 -0.135561   -0.12204172  0.01794823 -0.09702564 -0.09898242  0.07037479
 -0.1074459   0.03264907  0.08869132  0.09127203 -0.02660196 -0.09543185
 -0.02305692  0.058482   -0.14873357 -0.01666044 -0.03683334  0.06140167
 -0.12569498  0.09658986 -0.17776151 -0.15950194 -0.08136669  0.02198323
  0.11003351  0.22363047  0.09504011 -0.03303092 -0.09876123  0.03756926
 -0.04657505 -0.0926625   0.06286593 -0.15009464 -0.01947523  0.02350116
 -0.01294509 -0.11180923  0.00510972  0.03390792 -0.0803491  -0.30964524
 -0.01937063  0.0318227   0.00925825  0.02082187  0.03114641 -0.06507859
  0.07123138 -0.04036048 -0.19578286 -0.00993311 -0.00645833 -0.01458274
 -0.07562459  0.03763068 -0.00621116  0.02290467 -0.03466959  0.00633001
  0.08606895  0.05571371  0.02568253  0.00610161  0.03549955  0.02142762
 -0.02187572 -0.06861774 -0.15390241 -0.006989   -0.01322304 -0.0631921
 -0.12164713 -0.04570811 -0.10430776 -0.04070479  0.13076182  0.01916771
  0.06031018  0.03144977  0.09574576 -0.14126885 -0.00113422  0.00049957
  0.03828828  0.06968401 -0.02206299  0.03485906  0.01249462  0.08246203
 -0.08204181  0.00077778  0.04050975 -0.05205968 -0.02561081  0.05052939
 -0.05482858  0.12354828 -0.0372564   0.07103694  0.06372516 -0.12225417
  0.04538839  0.00206445]