[ 1.56986982e-01  1.20772578e-01 -4.19766940e-02 -1.94263237e-03
  1.17875680e-01  1.28541425e-01  6.39906973e-02  3.86324637e-02
 -4.11547907e-02 -5.23234978e-02  8.98429304e-02  3.99107188e-02
  9.38549340e-02 -9.86620486e-02  5.54845110e-03  8.28746986e-03
 -3.34602408e-03  7.01140910e-02 -1.98396742e-01  1.25517800e-01
  1.01897888e-01  1.28296643e-01  8.71386081e-02 -2.25531571e-02
 -5.37617020e-02 -1.93990722e-01 -9.11290273e-02 -1.22790672e-02
 -4.29088250e-03  1.46110296e-01 -9.34501588e-02  4.43238346e-03
 -1.77288353e-02  1.37736619e-01  1.07073747e-02 -7.09196702e-02
  6.41468093e-02  9.72605497e-03 -2.49515884e-02  3.31483334e-02
 -4.21769954e-02  2.54628863e-02  6.37834519e-02  4.24206816e-02
 -1.76962554e-01 -1.18150540e-01  6.05766550e-02  2.58157961e-02
 -9.67070088e-03  2.98594236e-01  1.26265377e-01 -1.62097737e-02
 -2.07214832e-01  1.18473321e-01  1.30209392e-02 -1.05184548e-01
 -1.70461256e-02 -6.05852641e-02 -3.24226730e-02 -3.06874216e-02
 -7.62477070e-02 -5.64132966e-02  5.60496412e-02 -1.32704273e-01
 -4.37813886e-02 -1.64598078e-01  1.58309378e-02 -1.06249871e-02
 -1.01931341e-01  1.47131886e-02  7.50775710e-02  7.76497200e-02
  6.83639795e-02  5.44842295e-02 -8.57676193e-02 -1.63794644e-02
  2.49445196e-02 -6.37302771e-02 -1.52425040e-02  6.04034960e-02
  1.31540433e-01 -1.74500165e-04  2.98895277e-02  6.52703047e-02
  5.84735535e-02  8.09039101e-02 -4.40778397e-02 -4.23411429e-02
  8.38167518e-02  1.21754684e-01  3.18006985e-02 -1.98799595e-01
 -1.86556518e-01 -3.21048079e-04 -6.32424280e-02 -1.20579876e-01
 -8.48112553e-02  4.90234047e-02 -1.21479131e-01  1.34621365e-02
  1.87004916e-02  8.58732462e-02  6.76992536e-02  9.24068689e-02
 -7.14590028e-02  1.46134933e-02 -5.04213050e-02  1.18845396e-01
  3.41940299e-02  4.75749522e-02  2.93515343e-02  2.76528094e-02
 -5.96307181e-02  1.59467891e-01 -8.09167549e-02 -1.03687290e-02
  7.84065649e-02  5.71626760e-02 -5.48518449e-02  7.44227692e-02
 -3.90496315e-03  7.25489929e-02  9.02173817e-02  1.13403670e-01
  8.60266909e-02 -1.30913451e-01  1.18524969e-01 -1.69550087e-02]