[ 0.12685855 -0.01671335 -0.05988472  0.01312501  0.09545474  0.00831233
 -0.00593539  0.07235574  0.06746043 -0.12106313  0.06303281  0.10204609
  0.05199585 -0.14084205 -0.13138799 -0.01139926  0.03994128  0.08970359
 -0.1906378   0.2004893   0.07946609  0.12860899  0.08552256  0.04538211
 -0.09875281 -0.09045059  0.0069722   0.00471362 -0.00546875  0.06438872
 -0.04798416 -0.01377545  0.0560578   0.08728963 -0.01876259 -0.11168569
  0.02054048  0.08512532 -0.05679603  0.00604628 -0.03665023  0.06590137
 -0.01158963  0.09055699 -0.13932486 -0.22787115 -0.02539406  0.01910267
  0.11916144  0.30222708  0.06138984  0.00191021 -0.11671885  0.08743557
 -0.01658051 -0.14091437  0.01419863 -0.08813421 -0.04398955 -0.07170031
 -0.08132583 -0.0913232   0.06167183  0.00326551 -0.1470594  -0.23450719
  0.03391452 -0.06575702 -0.05440985 -0.06049582  0.03459712 -0.03861738
  0.08902866  0.09267156 -0.10494608 -0.07798892  0.01845166 -0.05866229
 -0.01627992  0.10856863  0.09116361  0.03108122  0.05869221  0.0500569
  0.15981191  0.00941529 -0.02973233  0.05304729  0.11856093  0.01853181
  0.00721278 -0.09820992 -0.15110879  0.03745091  0.02407085 -0.11689541
 -0.08258463  0.0299853  -0.1773078  -0.05664262  0.02413292  0.04157821
  0.05228205  0.10191004 -0.01026921 -0.04108432  0.02666424  0.02952495
  0.10332544  0.04815988  0.03229108  0.05720885 -0.04212494  0.20116456
 -0.1116586  -0.03217257  0.09063932  0.0090681  -0.02363598  0.04045905
 -0.04807154  0.12626429  0.04093229  0.01016951  0.02371795 -0.14621137
  0.09336437  0.00292377]