[ 5.65036722e-02 -2.96947993e-02 -7.22373575e-02 -6.62830248e-02
  1.28230050e-01 -2.61170436e-02 -6.12876564e-02  2.88636424e-03
 -7.97084626e-03 -1.17868990e-01  1.37702832e-02  1.42406657e-01
  7.96011388e-02 -4.26921621e-02 -1.17431320e-01  4.35460098e-02
 -1.57430694e-02  5.79096228e-02 -1.91078365e-01  1.95445135e-01
  3.19209471e-02  1.52974024e-01  1.48770109e-01  1.05475768e-01
 -9.02253762e-02 -3.69304302e-03  1.40661970e-01  3.08361016e-02
  2.79257947e-04  7.19911084e-02 -9.44309086e-02 -4.99290298e-04
  7.27145374e-02  1.01817846e-01 -8.27302486e-02 -8.79986733e-02
 -1.90554652e-02  9.37219337e-02 -1.10620670e-01  6.96734935e-02
 -5.07660815e-03  3.56886610e-02  4.92135175e-02  1.54086664e-01
 -1.76634356e-01 -1.29581705e-01  5.51729836e-02  4.75510247e-02
  6.80598915e-02  2.84407675e-01  1.01423778e-01 -9.54390615e-02
 -1.08820342e-01  6.60283715e-02  3.82626057e-02 -1.01730071e-01
  8.41841847e-03  3.70627493e-02  2.24885792e-02 -6.48249164e-02
 -8.70409161e-02 -5.99009097e-02  7.35350400e-02  1.03676930e-01
 -1.26005098e-01 -1.91968977e-01 -4.27304283e-02 -6.02365425e-03
 -3.90611999e-02 -2.08309162e-02 -1.46735497e-02 -3.42580080e-02
  9.69239101e-02  6.16466850e-02  6.99052168e-03 -4.06474583e-02
 -9.96440183e-03 -5.53529449e-02 -3.15002687e-02  7.63429180e-02
  1.74231410e-01  4.30058539e-02  5.92292435e-02  2.17694473e-02
  4.01770845e-02 -1.87123474e-02  6.52998919e-04  6.05689660e-02
  5.03132194e-02  5.62895462e-02 -8.30280688e-03 -7.90937990e-02
 -1.64988846e-01  7.28512043e-03  3.74857639e-03 -1.79494508e-02
 -1.27390876e-01  9.37856883e-02 -5.48381135e-02 -1.19871832e-01
  6.03054592e-04  3.10288998e-03  7.98749924e-02  1.41918033e-01
 -7.30932653e-02 -7.13541359e-02 -1.32456779e-01  6.58333153e-02
  5.20514920e-02 -4.49695364e-02  1.16663851e-01  1.57161877e-01
 -2.45280340e-02  2.04887018e-01 -1.73962340e-01 -1.22371204e-02
  2.71513481e-02  1.86422169e-02 -4.94260974e-02  9.45957527e-02
  7.51586724e-03  1.13539599e-01  6.03909884e-03 -3.84908244e-02
 -9.37856361e-02 -7.99203813e-02 -2.29865834e-02 -1.79037154e-02]