[ 0.04050995  0.0382726  -0.11894207 -0.0747356   0.15348323  0.04794433
  0.03693663  0.0115219   0.08839019 -0.01024184  0.06102254  0.16926134
  0.07325211 -0.10088207 -0.11609884  0.02607737  0.00032399  0.08514937
 -0.27635157  0.13801537  0.00916104  0.07479664  0.13513377  0.14700381
 -0.13129248 -0.07010715  0.07036092 -0.01667512  0.02835157  0.03092146
 -0.05014487  0.04077711  0.02995279  0.10492905 -0.12489949 -0.07313035
 -0.04354185  0.13117492 -0.1431841   0.14343591  0.03016796  0.04091189
 -0.08937214  0.07736835 -0.17497773 -0.12139208 -0.01003477  0.0722886
  0.03254966  0.22383864  0.07519876 -0.03684516 -0.17656699 -0.02036322
 -0.01958631 -0.02861832 -0.01095548  0.11620451 -0.04661444  0.02329678
 -0.14366935 -0.04720799  0.13930976 -0.02942582 -0.05465786 -0.19960545
 -0.04490161  0.07136863 -0.10923214  0.06855776  0.02802066  0.03938137
  0.05667673  0.10878997  0.00219794  0.01707429 -0.01986179  0.00798882
 -0.06339992 -0.03419079  0.03341969  0.06706507  0.02946639  0.02723214
 -0.0290668   0.01506439  0.06623476  0.02573823  0.02607221  0.00650431
 -0.01521918 -0.14350961 -0.09215461 -0.01823501  0.09375455 -0.04568054
 -0.11261661 -0.03126427 -0.05180488 -0.03219411  0.02108584 -0.05789771
 -0.01227639  0.16294621 -0.05082329 -0.05454007 -0.14631069  0.02080329
  0.02796165 -0.04146339  0.09420234  0.19974166  0.05636895  0.1767191
 -0.09431534  0.01081991 -0.06399845  0.02828853  0.01130022  0.15714177
  0.01192957  0.08702067 -0.05800146  0.05450359 -0.07593498 -0.01233322
 -0.13862137 -0.06476638]