[ 0.1177228  -0.01943652 -0.11031781  0.01239727  0.10788877  0.02663951
  0.05345992  0.06571095  0.05271477 -0.09715998  0.09321997  0.17361836
 -0.00284407 -0.18436474 -0.16925614 -0.05389708 -0.00329346  0.08364568
 -0.1488256   0.19563015  0.03007017  0.10981394  0.02033483  0.16800022
 -0.08622301 -0.03995165  0.10920627  0.00215428  0.02958407  0.05048696
 -0.12362061 -0.07080661  0.02441281  0.11257289 -0.06951052 -0.12160169
  0.00230303  0.00833527 -0.11815375  0.02277054  0.07282251  0.0128193
  0.01956308  0.16314036 -0.18328568 -0.20727201  0.03286189  0.02443628
  0.05685549  0.25898641  0.04879146 -0.04222996 -0.14466769  0.05897397
  0.06768878 -0.06295564 -0.06866346  0.03005019 -0.05715908 -0.03047868
 -0.08468899 -0.08232688  0.17409097  0.01890462 -0.12596101 -0.18316554
  0.00768574 -0.12979341 -0.04185496 -0.022729   -0.03707311 -0.0215143
  0.09511217  0.1455722  -0.01574564 -0.07782608  0.03990439  0.04878058
 -0.02927614  0.00477429  0.06610004  0.09226587  0.06284451 -0.00824627
  0.11042577  0.02897964  0.02124784  0.05953523  0.09300285  0.05383304
  0.08031181 -0.1204327  -0.1767633  -0.01726339  0.05456383 -0.1049011
 -0.07300536 -0.03617967 -0.04875251 -0.09125338 -0.01197074  0.01241474
  0.1006174   0.06344493 -0.07797915 -0.00924317 -0.00235656  0.05788927
 -0.02489308  0.00811766  0.149253    0.11806665  0.03470863  0.14302146
 -0.10724419 -0.05955659  0.07206766 -0.02653778  0.01613808  0.03742563
 -0.0117258   0.09076384  0.01084154  0.02313584 -0.05996342 -0.05051495
  0.02414209 -0.03994935]