[ 0.07465779 -0.09181053  0.01139118 -0.01624205  0.07011747 -0.00100931
  0.01721418  0.04791852  0.0033325  -0.30867708 -0.02990314  0.09143205
 -0.01829222 -0.13691954 -0.12409915 -0.03638318 -0.16128367 -0.13598816
 -0.13626148  0.11822379  0.14326012  0.05339994 -0.08179542  0.00384673
  0.05624763  0.01909991  0.01047369 -0.00798922 -0.04770396  0.03305317
  0.00644632 -0.09326871 -0.0848719   0.06842995 -0.01649136 -0.0692991
 -0.06604503 -0.04397162  0.0140137  -0.05474757  0.12418487 -0.00986484
  0.1201675   0.16577868  0.02025705 -0.09675507  0.04550477 -0.04290899
  0.01170393  0.11515959 -0.12100714 -0.12172575 -0.00039523  0.06654067
  0.09505072 -0.10708371 -0.1811758   0.09136785 -0.11073717 -0.10414732
  0.03406952 -0.01739751  0.11165732  0.14859143 -0.1225467  -0.05788491
  0.02137036 -0.05981153  0.04845987 -0.18050778  0.00828117 -0.00517563
  0.06000344  0.00364986  0.01145557 -0.01224712 -0.01250623 -0.10493165
  0.00670725  0.24864689  0.10540579 -0.01128427  0.08037622  0.00800395
 -0.02466256  0.02525779  0.06723867  0.08374073 -0.00187304 -0.01276944
  0.11027955 -0.09008335 -0.14389366  0.03160048 -0.12153721 -0.00802247
 -0.02450327 -0.05091474 -0.03507994 -0.07092691 -0.10563981 -0.03974301
  0.01177969  0.05070461 -0.13384728  0.0389959  -0.05720576  0.23689906
 -0.08452663 -0.03689051  0.1408615  -0.00397754 -0.21489123  0.09837666
 -0.04154883  0.0418194  -0.04370273  0.07130034 -0.00756248  0.01731562
 -0.05085294  0.13019821  0.0280981  -0.00937656 -0.02170722 -0.07305624
  0.03189751 -0.03521593]