[ 0.08586265 -0.08079692 -0.01797896 -0.03563083  0.1428984   0.03590873
  0.04251936  0.07458107  0.11566839 -0.29330453 -0.02033547  0.11337669
 -0.0552663  -0.18219638 -0.13098091  0.00941332 -0.1160637  -0.01452779
 -0.17897968  0.06044022  0.20773073  0.13011909 -0.07975604  0.05518024
  0.02493483 -0.04961462  0.03782687 -0.06543244 -0.02038877  0.08106507
  0.00149825 -0.07932939 -0.02193266  0.09103113  0.04632792 -0.08941805
  0.00453573 -0.07186043 -0.0136907  -0.07318259  0.12768973  0.04232325
  0.12709865  0.17770669  0.00803786 -0.09672321  0.04175114 -0.05628389
 -0.01233691  0.08808322 -0.11556475 -0.14695415  0.00960691  0.03818761
  0.08181721 -0.03543087 -0.1478297   0.06633241 -0.16565304 -0.09138589
  0.01838714 -0.06483208  0.12972058  0.08288917 -0.08636229 -0.12737232
 -0.03842543 -0.0411773   0.03025233 -0.10549624  0.02151195 -0.0409072
  0.00874573 -0.1017511  -0.05323651  0.0315666  -0.02177443 -0.03093888
 -0.04948557  0.11567492  0.08464053  0.12654135  0.04667006  0.03355139
  0.01464987  0.05295254  0.06026085  0.07215588 -0.03644076  0.06216697
  0.12979995 -0.13211089 -0.25216413  0.01625308 -0.03075954  0.05319507
 -0.07472927 -0.04916321 -0.05717092 -0.02544289 -0.0358551  -0.09507897
  0.00423393  0.01955599 -0.12999682 -0.01120942 -0.05889686  0.1140475
 -0.12717204 -0.02013712  0.12803493 -0.03815271 -0.1688551   0.06734092
  0.0102526   0.04486995 -0.07719194 -0.00687848 -0.02165849  0.02626517
  0.01805647  0.17381737  0.03470362  0.01712394  0.00523227 -0.0684861
  0.04638599 -0.07782844]