[ 0.08741438 -0.09424469  0.00890722 -0.02404108  0.01049164  0.00074727
  0.01882107  0.05495197  0.06655386 -0.2923544  -0.04361979  0.09197936
 -0.03922012 -0.1914859  -0.13506363 -0.06266844 -0.18928969 -0.17636122
 -0.17365932  0.10572271  0.08087996  0.1005289  -0.04835051  0.02743381
 -0.03774134  0.03279541  0.06805986 -0.05439958 -0.07616503  0.00712514
 -0.02443014 -0.11311982 -0.05428195  0.08068534 -0.01604312 -0.08688314
 -0.06646021  0.03960373 -0.08953272 -0.01090263  0.06817722 -0.04289802
 -0.02192475  0.15232606  0.03849018 -0.01637089 -0.00895214 -0.01478113
 -0.01823879  0.14798681 -0.0855585  -0.07504632  0.04754388  0.02706944
  0.08779734 -0.10719606 -0.15823556  0.07115478 -0.11484619 -0.07899748
  0.02959447 -0.03827893  0.12134723  0.15478972 -0.0939897  -0.13867159
  0.03372372 -0.02404773  0.03424966 -0.11694709 -0.02342072 -0.07775794
  0.0428523   0.00113841 -0.00211552 -0.00536495 -0.03569806 -0.11089498
  0.00619418  0.27023348  0.10566368 -0.04885893  0.01490732 -0.04320523
 -0.01311874 -0.05309355  0.06924245  0.05539853 -0.0324219   0.04347489
  0.09286746 -0.08405048 -0.12381654  0.05653451 -0.12670133  0.04685659
  0.02838343 -0.14187917  0.0456441  -0.07269073 -0.02699676 -0.01037356
 -0.0602563  -0.00091215 -0.12628473 -0.05515974 -0.06637032  0.16117835
 -0.10047135 -0.02213234  0.20406795  0.06760319 -0.16019276  0.04199511
 -0.03136402  0.08817374 -0.10747692  0.0629923  -0.00735323  0.02546829
 -0.05237654  0.12520325  0.02237925  0.00247792  0.05974164 -0.05372232
  0.04856936 -0.09536184]