[ 0.11330626 -0.10999268  0.02874933  0.04996829  0.08176384 -0.01296284
  0.09425627  0.11446766  0.04247356 -0.26701468 -0.05609605  0.12985989
 -0.02818506 -0.15764973 -0.09982859 -0.07651126 -0.08337279 -0.14202811
 -0.20210409  0.22609909  0.05953699 -0.00709713  0.00798536  0.04073582
 -0.08322312 -0.12465139 -0.07721565 -0.03871506 -0.11778883 -0.03136677
 -0.0563092  -0.07693127 -0.04319245  0.09872296 -0.06943379 -0.03453849
 -0.06266488  0.06116506 -0.22286288 -0.03274624  0.07880562  0.03404199
 -0.02658192  0.01220416 -0.01399982  0.02546818 -0.02708135 -0.04117545
 -0.00666723  0.24500103 -0.09681295 -0.1084406  -0.0466537   0.02648662
  0.10854766 -0.11720856 -0.17596765  0.03232644 -0.12488201  0.03519935
  0.02505693  0.04682648  0.03829091  0.00144879  0.0059282  -0.16323118
 -0.0049142  -0.02987533 -0.08911243 -0.09353858  0.05689738 -0.02216976
  0.06855443  0.07292464 -0.04003204  0.08958498  0.06412844 -0.05896962
  0.04139902  0.13059916 -0.01503931 -0.09673212 -0.05242952 -0.02281649
 -0.00438114  0.01179641  0.02592451  0.0627987  -0.03732805  0.06972367
  0.09272855 -0.12165452 -0.08999031  0.03804772 -0.05766392  0.03213481
  0.05233412 -0.18627895 -0.03093744  0.00234064 -0.03967456 -0.02222203
 -0.08646885 -0.01415126 -0.1140777   0.0163453  -0.04583782  0.12920567
 -0.07386297  0.00470084  0.08875147  0.05837623 -0.07063621  0.0503641
 -0.03706827  0.05807488 -0.03010847  0.06928217 -0.02537001  0.1180049
 -0.15050611  0.15173604 -0.0241503   0.09812311  0.10451193 -0.02889669
  0.0505902  -0.15758285]