[ 0.01008758 -0.08736958  0.0243368  -0.02321253  0.0537906  -0.08530325
 -0.0077091   0.04942933  0.05044647 -0.21363883 -0.06068092  0.07171644
  0.02026652 -0.00754371 -0.12107259 -0.01120741 -0.00605111 -0.08868051
 -0.17983276  0.14879632  0.14531811 -0.10445035 -0.03804953  0.13760996
  0.0483674   0.00632343  0.03435504 -0.02136482 -0.0483888  -0.00765005
  0.02797488 -0.03524687 -0.0165164   0.08275516 -0.11180492 -0.03596848
 -0.09286623  0.15407597 -0.12380341 -0.08576055  0.03539118  0.04627281
  0.06244735  0.06995945  0.12767757 -0.03847358  0.03497653 -0.04504576
 -0.05159302  0.01440338 -0.0985364  -0.19398959  0.04338931 -0.03826384
  0.11072478 -0.01935841 -0.20837502  0.17127359 -0.02168349 -0.1857489
  0.06845891  0.0105689   0.05444593  0.10135434 -0.05213089  0.03558778
 -0.0419677   0.05842822 -0.02846132 -0.12974268  0.00463756 -0.05472364
  0.01030447 -0.07049076  0.01477725  0.03358642  0.03901009 -0.02345549
  0.03572559  0.0907859  -0.05962137  0.02961559 -0.04319562 -0.12663901
 -0.06644882 -0.05593925  0.05816888  0.10581001  0.0416401  -0.01706813
  0.03320848 -0.10137355 -0.02641458  0.02171106 -0.00127671  0.11695642
 -0.00683278 -0.08581124  0.00926634 -0.05407358 -0.0867898  -0.11570077
 -0.07860042  0.10482246 -0.18355455  0.01433396 -0.17052288  0.06245205
 -0.06568054 -0.17326042  0.08972239  0.14115395 -0.16612013  0.08530309
  0.04092507  0.04196934 -0.19845872 -0.01382181 -0.02181874  0.03960989
 -0.12037857  0.20218924 -0.05540752  0.03680355 -0.01861529 -0.00751689
 -0.07660659 -0.19389349]