[-0.07677702 -0.06264134  0.06206577 -0.13138932  0.04202297  0.01996994
 -0.04560196  0.04879096  0.02152816 -0.23981152 -0.18227756  0.07201072
 -0.02638176 -0.06307229 -0.03546732 -0.10325492 -0.22345786 -0.2044834
 -0.06671308  0.06695111  0.06230915  0.00873476 -0.02753253 -0.00983621
  0.02205167  0.02364874  0.02630357  0.00582366 -0.11654822 -0.0331552
  0.07046548 -0.20918231 -0.03666692  0.05677678  0.02587198  0.00760069
 -0.01837908  0.00485326 -0.08205419 -0.03050362  0.08587007 -0.01968767
  0.12231007  0.09683143  0.06375299 -0.01869549  0.06591795  0.00782627
 -0.00781492  0.15947075 -0.15584657 -0.22039077  0.05135651  0.03969248
  0.16841075 -0.02580966 -0.19690093  0.15003748 -0.12952884 -0.15744023
  0.0552962   0.0745927   0.08114745  0.09677121  0.00947922 -0.0247609
 -0.01046495  0.00951596 -0.01546405 -0.09353182  0.00558964  0.00809839
  0.0128979  -0.01866432  0.05045178  0.07389765 -0.02032222 -0.10598515
  0.12059783  0.14222097  0.02921306 -0.02432771  0.04674107  0.05999333
 -0.08902841 -0.11046284  0.05906071  0.15607806  0.0800344   0.0516284
  0.07278796 -0.08652211  0.03137014  0.02096376 -0.09870688  0.05981095
 -0.00919135 -0.01201978 -0.01970625 -0.02115868 -0.08687623 -0.05355112
 -0.10471734 -0.06314269 -0.1475307   0.05290993 -0.15736598  0.0572097
 -0.17278405 -0.00830044  0.15301184  0.02381342 -0.14785323  0.0739392
 -0.06074052  0.09273215 -0.0358459   0.08817691 -0.04410518  0.06699246
 -0.00047774  0.09463429  0.01709876 -0.04673506 -0.06111974 -0.01742953
 -0.00801009 -0.07233266]