[ 0.01213145 -0.21169122  0.02965956  0.03903974  0.06719215 -0.15087128
 -0.00333178  0.07848635 -0.00322824 -0.15795769 -0.02489161  0.09850977
  0.07769974  0.01681739 -0.06577438 -0.0308235  -0.07454109 -0.08447143
 -0.11367162  0.28748411  0.09529885 -0.14963949  0.10818238  0.06238434
 -0.02744166 -0.05449323  0.02185281 -0.04080898 -0.14402205 -0.00769576
 -0.10468148 -0.06470123  0.09813376  0.09869893 -0.08509286  0.02180088
 -0.05820586  0.1244933  -0.24747878 -0.15654176  0.0296412  -0.04972375
  0.03947718  0.03992722 -0.06467845  0.01020336  0.00906629  0.01174175
  0.02482149  0.17884474 -0.09000368 -0.20705286 -0.00895609  0.04876728
  0.20330787 -0.08462894 -0.13773745 -0.03498028 -0.04390129 -0.03157927
  0.06585643 -0.02186663 -0.03705452  0.1283242   0.0467777  -0.04247825
 -0.11980817  0.04418743 -0.01370328 -0.10141877 -0.02805043 -0.05823546
  0.02634802 -0.06815489  0.02381634  0.08261031  0.10933953  0.00953453
  0.07985302  0.08868358 -0.04587539 -0.16099681 -0.08056661 -0.05507802
 -0.0639931   0.01980623  0.01599208  0.14634795  0.04647274  0.07042904
  0.06281731 -0.06322223 -0.03466213  0.01241675 -0.15353407  0.05203305
 -0.07514667 -0.04554702  0.07253933 -0.10313353  0.03685497 -0.05114894
 -0.00949295 -0.07554988  0.01062946  0.01351397 -0.09297691  0.11929084
 -0.00641481 -0.09191127 -0.04237464  0.10155339 -0.05524395  0.0177051
 -0.02965835  0.06752171  0.01079061  0.04195692 -0.06566732  0.14874615
 -0.13670714  0.12916918 -0.06986955  0.09884758 -0.00897986  0.02072496
  0.04609696 -0.06934065]