[ 0.05978065 -0.1498625   0.02759919  0.05801702  0.03624365 -0.1021456
  0.03793429  0.04733811  0.04595376 -0.20897186 -0.04364583  0.17108437
 -0.00954985 -0.12975544 -0.16364101 -0.04500036 -0.098983   -0.10397664
 -0.14338312  0.25006622  0.0684423  -0.01095973  0.0383734   0.1726975
 -0.08085924  0.01325604  0.07294894 -0.04582594 -0.06248393  0.04108481
 -0.12751421 -0.0511645   0.04220756  0.1256274  -0.08756907 -0.10409971
 -0.05560677  0.14846186 -0.20482934 -0.06673788  0.01098702 -0.03509214
 -0.0012128   0.05151495 -0.01141477 -0.06694476  0.02275621 -0.0237471
  0.02881293  0.2259836  -0.01415631 -0.12724388  0.03406415  0.03547033
  0.2020631  -0.08178628 -0.11136602  0.05489859 -0.08455449 -0.0565302
  0.037954   -0.02981196  0.07554378  0.11171521 -0.03122929 -0.09822302
 -0.0385677  -0.09333478 -0.08093468 -0.10942532 -0.09608031 -0.09395865
  0.02293974  0.11157208  0.01348039  0.00576587  0.11824267 -0.05097769
  0.06679229  0.14552355  0.03776834 -0.08062233 -0.02422713 -0.09061415
  0.05682664 -0.1004127   0.00868393  0.10800809  0.04674314  0.08192836
  0.07570688 -0.07120532 -0.06297841  0.07679909 -0.0621369   0.06851748
 -0.00766467 -0.09542736  0.09694472 -0.07236796  0.03017605 -0.02218443
 -0.05705779  0.02424933 -0.08427354 -0.03971047 -0.04030081  0.0603907
 -0.02792783 -0.06529503  0.11358847  0.17016505 -0.04515165  0.04711454
 -0.0412367   0.07119164  0.00882921  0.04864139 -0.03452467  0.10526054
 -0.10857555  0.1547194  -0.02792537 -0.01582074 -0.01205287  0.04894584
  0.04953079 -0.14628184]