[ 0.03342264 -0.12602845  0.04814959 -0.01044349  0.10362525 -0.14083114
  0.01802454  0.0773342  -0.00955041 -0.09923499 -0.01132838  0.10790666
  0.09318113 -0.00150297 -0.0784895   0.0467783  -0.02994497 -0.02349336
 -0.2270706   0.29139546  0.09389313 -0.08027692  0.13158818  0.04649665
 -0.08690161 -0.02645168  0.00228315  0.00416207 -0.05154986 -0.01210135
 -0.12584066  0.02303971  0.08594839  0.13892512 -0.10054456 -0.03801322
 -0.04268015  0.24143071 -0.20825894 -0.1034022  -0.01970274 -0.00445809
  0.03652132  0.01232003 -0.06522864 -0.02047298  0.0055611   0.02342569
 -0.01875442  0.21610717 -0.02905255 -0.1647346  -0.11828837  0.05574032
  0.15489745 -0.10849421 -0.10292289 -0.0087888  -0.06017503 -0.03627478
  0.02822129 -0.05642255 -0.00307153  0.10354286  0.04057399 -0.06266754
 -0.1460121   0.07455034 -0.07677269 -0.05120837 -0.00198486 -0.04579027
  0.05170806  0.03388455 -0.00642728  0.03193094  0.11273844 -0.0002966
  0.06331194 -0.00048566  0.0070334  -0.09671402 -0.0621355  -0.0558782
 -0.04300236 -0.04629227  0.00859719  0.15575452  0.10465498  0.09659791
  0.0528102  -0.09709157 -0.08328328  0.02706998 -0.05343797  0.06915834
 -0.07116593 -0.01981063  0.01647914 -0.07226942  0.0184061  -0.05507117
 -0.04228564  0.03292516 -0.00609647 -0.01148188 -0.11938564  0.08436888
  0.10442107 -0.14137073 -0.026278    0.18430923 -0.06246016  0.12467281
  0.00674344  0.02052771 -0.00048536  0.03591426 -0.06227937  0.14541498
 -0.11270785  0.18856058 -0.0177657   0.10627194  0.00787608 -0.02038998
  0.04801134 -0.1292982 ]