[ 0.05280323  0.15612637 -0.02409562 -0.19086923  0.04975832  0.18229365
 -0.04884384 -0.05990376  0.01957755  0.04531007  0.08817072 -0.03421249
 -0.01922438 -0.00338608  0.11217748 -0.05210981 -0.03279247 -0.05598668
 -0.00185086 -0.0760475  -0.06853838  0.21495479  0.02443682 -0.00794928
 -0.01518982 -0.03079397  0.17514791  0.09999689  0.11233879  0.00196476
  0.04803148 -0.17449994 -0.01178187  0.02655514  0.07187992  0.08693164
  0.04487007 -0.06436882  0.08977187  0.11961105 -0.05171009 -0.05494071
 -0.10342921  0.02100705 -0.06344879  0.10365902 -0.05423519  0.1583896
 -0.09280064  0.08526139 -0.05173407  0.19718292 -0.08191551 -0.03987117
 -0.08786729  0.00363714 -0.0727037   0.11117104 -0.22356093  0.0934855
 -0.1357787  -0.00152873  0.21977043 -0.08514044  0.01428084 -0.05886233
 -0.00208942  0.13877134 -0.08822219  0.18258159  0.05186734  0.03200926
 -0.10383356 -0.03396076  0.05076668 -0.01374564 -0.00395071  0.01148068
  0.01980929  0.00704756  0.08562571  0.00618411  0.0487135   0.06177356
 -0.04327225 -0.08400213 -0.02589821 -0.01583944  0.02308804  0.17126711
  0.10726728 -0.10348824 -0.02748942  0.18723896  0.04570177 -0.09144015
 -0.04744945 -0.06850631  0.01949403 -0.02805977  0.04763602  0.04935295
 -0.14728229 -0.07462395 -0.04310662  0.09193001 -0.00796469 -0.08661041
  0.02808467  0.00568792  0.15516624  0.05213918  0.05759888  0.15657619
  0.03262534  0.0347937  -0.05095199  0.08109643  0.04550587  0.13354237
  0.09785821 -0.14224231  0.03151484  0.05318139  0.03610585  0.03845919
  0.07329844 -0.03732058]