[ 1.69696622e-02 -1.28592193e-01  2.26203538e-02 -5.16743958e-02
  5.76617680e-02 -4.03931737e-02  6.15471788e-02  1.00148037e-01
 -5.67511022e-02 -1.99955434e-01 -5.41961156e-02  3.96717638e-02
  7.58927464e-02 -3.75893451e-02 -4.15721238e-02 -8.38564783e-02
 -1.83479533e-01 -2.88173854e-02 -1.54149920e-01  1.05870076e-01
  7.29677752e-02 -1.86824007e-03  1.01138487e-01  7.48082921e-02
 -5.48451133e-02 -1.36505559e-01  3.27870548e-02 -4.70710769e-02
 -7.52239749e-02 -1.40980163e-04 -9.70538482e-02 -1.37096822e-01
 -6.21735770e-03  6.77869916e-02 -5.51538989e-02 -7.02405125e-02
 -1.06483459e-01 -3.99293303e-02 -2.30282590e-01  1.73754878e-02
  1.00848176e-01 -5.56117222e-02  1.32537335e-02  1.71670213e-01
 -1.51632592e-01  2.21450664e-02  5.70646813e-03  2.69798543e-02
 -1.38413012e-02  1.73598439e-01 -6.28998131e-02 -2.01001078e-01
 -7.63606373e-03  3.49931940e-02  3.04651335e-02 -4.66795228e-02
 -2.95560993e-02  5.70165068e-02  2.33552027e-02  1.12111056e-02
  3.45837250e-02  8.81588757e-02 -1.81722268e-02  1.92198113e-01
 -5.95271364e-02 -1.01891503e-01 -5.39574027e-02 -5.70794716e-02
  1.40652154e-02 -8.64702389e-02 -3.90536860e-02 -4.74935956e-02
  8.79718885e-02 -3.92542183e-02  4.90842275e-02  6.76052868e-02
 -3.39208469e-02 -7.62015358e-02  3.17910016e-02  1.20164528e-01
  6.43995479e-02 -1.49412662e-01 -3.65350693e-02  1.51819224e-03
 -9.53670144e-02  1.24449126e-01  5.42041436e-02 -3.71622620e-03
 -1.15223795e-01  4.85710055e-02  1.07830413e-01 -5.62454537e-02
 -8.72237459e-02 -1.19531326e-01 -1.67416021e-01  2.41004564e-02
 -1.21161208e-01  2.95218080e-02  6.91888258e-02 -4.61708605e-02
  3.81383933e-02 -4.33427235e-03  1.03238501e-01 -1.82867702e-03
 -2.10328922e-02 -7.37653971e-02 -1.23893812e-01  2.38670856e-01
 -7.82059655e-02 -5.58142737e-02  1.12244643e-01  4.97149900e-02
 -4.87493798e-02 -2.72764359e-02 -1.64333224e-01  1.30083516e-01
  1.78901237e-02  1.07782163e-01 -1.95239186e-02  1.22241512e-01
 -6.20244779e-02  2.07301971e-04 -1.52343169e-01  3.70059013e-02
 -1.04297929e-01 -2.35644151e-02 -1.19235627e-01 -5.55792404e-03]