[-0.02726536 -0.14096208  0.03813005 -0.09839091  0.10281853 -0.07987348
 -0.00074021  0.11472476  0.09182492 -0.16856296 -0.03385479  0.06973115
  0.08346104 -0.01473489 -0.11283164 -0.0263897  -0.13472247  0.00052615
 -0.28048545  0.1656068   0.12152497 -0.06267942  0.13761157  0.08672924
 -0.08787512 -0.11771831  0.03958835  0.00197191 -0.06050361 -0.06234301
 -0.01785736 -0.12443298  0.04607498  0.08342122 -0.09059308 -0.0295209
 -0.12665202  0.12905446 -0.24416988 -0.00906921  0.03668737  0.01139707
 -0.06224931  0.09220017 -0.05759883 -0.07850627 -0.08664182  0.06958334
  0.03014635  0.18521777 -0.13669704 -0.17807254 -0.0613376  -0.00557888
  0.02028283 -0.04612936 -0.08237443  0.07814562 -0.08192331 -0.04516194
  0.00859701  0.0379533   0.04339377  0.18454105 -0.04316541 -0.09006869
 -0.10634004  0.08541104 -0.03540342 -0.02665645  0.01895951 -0.0533183
  0.06153452 -0.04670524  0.00057531  0.05654642  0.01017447 -0.05730408
  0.03770158  0.04079344 -0.01638835 -0.09219936 -0.02933683  0.00113809
 -0.10853621  0.03487604  0.0649004   0.13337944  0.01512955  0.03096674
  0.0857823  -0.10065423 -0.03142658 -0.02969899 -0.04075284  0.03171034
 -0.16679862 -0.01870518 -0.01086895 -0.02322353  0.06299281 -0.09940842
 -0.04338968 -0.0068448   0.03496448 -0.02984822 -0.13708559  0.06722659
  0.02541218 -0.12171722  0.03692529  0.13112392 -0.04437605  0.11448446
 -0.04698765  0.12184545 -0.0453117   0.11866447 -0.00636551  0.15973723
 -0.09702656  0.09304164 -0.15303719  0.05447983 -0.08983332  0.00425512
 -0.10463277 -0.05381224]