[-1.65999942e-02 -2.92484853e-02  3.09219863e-02 -1.36632428e-01
  9.35190246e-02 -2.27950625e-02  5.47545180e-02  8.85050371e-02
  1.33436276e-02 -1.14713565e-01  2.79219518e-03  2.41134372e-02
  1.38120264e-01 -1.92210800e-03 -2.50573531e-02  1.47795267e-02
 -1.67481676e-01 -2.98460145e-02 -3.04736108e-01  1.25062868e-01
  9.40229148e-02 -2.16714721e-02  1.15286753e-01  5.37179708e-02
 -7.19340444e-02 -1.09541669e-01  3.52570438e-03  2.42389217e-02
  2.19327472e-02 -1.94707830e-02 -2.81941853e-02 -5.24165779e-02
 -1.03077141e-03  1.23001002e-01 -1.03209019e-01 -3.48720290e-02
 -7.98173696e-02  1.06818743e-01 -1.65726051e-01  5.87333925e-02
  7.27618560e-02 -4.80671003e-02  2.40631308e-02  1.07300937e-01
 -9.75523368e-02 -6.76030517e-02 -2.35402863e-02  9.02582556e-02
 -1.79638248e-02  1.72001883e-01 -9.51894000e-02 -1.82551920e-01
 -1.37037024e-01  2.80417055e-02  1.03738671e-02 -3.37530226e-02
 -9.06500891e-02  1.14983782e-01 -3.89733277e-02 -2.26815194e-02
 -6.70787841e-02  3.08791716e-02  4.79286350e-02  1.39813527e-01
 -6.31815270e-02 -1.71971601e-02 -8.64922032e-02  5.43828793e-02
 -5.30278534e-02 -5.62439449e-02 -1.98785588e-03 -2.11831345e-03
  7.21411183e-02  1.55927306e-02  8.92847404e-02  1.86813213e-02
  3.27498862e-03 -6.71667457e-02  1.89117864e-02  4.36911397e-02
  9.56348106e-02 -1.17304571e-01  1.21585587e-02  2.41837110e-02
 -1.39535099e-01  9.64223370e-02  6.90555796e-02  6.38876259e-02
  7.51841726e-05  6.02922663e-02  1.06870800e-01 -1.51548281e-01
 -8.10952559e-02 -6.59409687e-02 -9.43214893e-02  2.57708672e-02
 -1.86171129e-01  3.69076729e-02  1.59795005e-02 -1.31142195e-02
  1.08662276e-02 -7.83505738e-02  1.65341124e-02  8.35915729e-02
 -1.61255542e-02  2.47923366e-04 -1.83148533e-01  1.82103068e-01
  4.27594967e-02 -1.47497848e-01  5.20020314e-02  1.51861459e-01
 -8.43886808e-02  1.23071127e-01 -8.03183466e-02  1.00638226e-01
 -1.87768415e-02  1.53069362e-01 -1.36753740e-02  1.71347708e-01
 -2.24342030e-02  4.29546386e-02 -1.03176162e-01  9.91489068e-02
 -1.29056081e-01 -2.19305474e-02 -1.33988917e-01 -2.69367341e-02]