[ 0.01341493 -0.11739577  0.12130016  0.01650681  0.06340995 -0.05088979
  0.05870206  0.14289506  0.07242961 -0.13403821  0.05385858  0.08882218
  0.0848058  -0.06520065 -0.05775685 -0.08855838 -0.09405086  0.10640732
 -0.25932497  0.14861898  0.16640173 -0.04459594  0.12845208  0.17265618
 -0.05519225 -0.18896897 -0.02830043 -0.06804355 -0.06074127 -0.00961983
 -0.04285149 -0.14445435  0.07593398  0.12441819 -0.05292065 -0.07625438
 -0.1170378   0.11150769 -0.25388566 -0.01054756  0.04897005  0.01156573
 -0.09285387  0.11655487 -0.16055746 -0.16233489 -0.06707373 -0.0159416
  0.03662916  0.18970686 -0.0139421  -0.15029515 -0.09761813  0.0171005
  0.02772764 -0.02300379 -0.04085745  0.01870538 -0.03933421 -0.02039533
 -0.01951931 -0.03439273 -0.01836848  0.12457015 -0.01926777 -0.15478775
 -0.05862917 -0.02664853 -0.08047861  0.03463081  0.03614554 -0.03834419
  0.07144304 -0.03851559 -0.03938783  0.01769005 -0.01705355 -0.02144266
  0.03241136  0.06873828 -0.08536745 -0.09445922  0.0111202  -0.00906987
 -0.03911413  0.05208733  0.09434063  0.05380263 -0.02027368  0.03136715
  0.05214582 -0.13713305 -0.04122    -0.07641346 -0.09505505 -0.04909183
 -0.17890918 -0.02392562 -0.02519408 -0.00720156  0.06742234  0.00166839
  0.03143574  0.0089392   0.09107817 -0.058082   -0.05253309  0.07319083
  0.07221537 -0.11737119 -0.02232685  0.09453683 -0.05054728  0.06145133
 -0.03617065  0.10354944  0.03479403  0.04010149 -0.01406692  0.17467472
 -0.07211699  0.07784674 -0.21563025  0.08663945 -0.00726349  0.00082021
  0.01313251  0.01502117]