[-0.08468689  0.12481901  0.15305199 -0.11481115 -0.00567692  0.10222855
 -0.03452023 -0.11075111 -0.01675202 -0.08172645  0.01780515 -0.02501623
 -0.07754063 -0.05673578  0.05548457 -0.08590391 -0.28247637 -0.00052665
 -0.01042082 -0.13053915  0.02988732  0.20103891 -0.08736254 -0.10827944
  0.01399871  0.06846019 -0.01943859  0.00785143  0.0296531   0.03638612
 -0.00793641 -0.22751364 -0.03640478 -0.04484098  0.20651381  0.02974429
  0.00990825 -0.10514811  0.09511219  0.06055148  0.07031664 -0.00663366
  0.03756782  0.11605795 -0.06866517  0.07045399  0.08329401 -0.01563175
 -0.09980979 -0.03158233 -0.08532128  0.02130314 -0.00940259  0.07657347
  0.0312805   0.02221704 -0.0345218   0.0292726  -0.14870001 -0.02849502
 -0.02029138  0.01806812  0.1231167   0.14191164  0.04143558 -0.02490905
  0.05153776 -0.01922227  0.07665633  0.07711402  0.12308024  0.00418183
  0.0843052  -0.05871246  0.09580471  0.0235843  -0.24424003 -0.07550961
  0.01455556  0.03573313  0.14061061  0.11568916  0.0957322   0.14612797
 -0.08538587  0.00979943  0.06769112  0.00805671 -0.07304254  0.11095212
  0.08227763 -0.05812557 -0.00305846 -0.02820862 -0.1744781  -0.12952583
 -0.07246852  0.04006715  0.04602671  0.0086978  -0.01003847  0.09798329
  0.03568237 -0.17343163 -0.01224804  0.05429947  0.04688865  0.0804093
 -0.06788459  0.06573819  0.17139682 -0.12642628 -0.1040474   0.00207299
 -0.04286575  0.07630394 -0.06488562  0.04731535 -0.04599233 -0.08520597
  0.11922452 -0.07949874  0.00520114 -0.07435895  0.01371981  0.07333163
  0.10714842  0.11375429]