[-0.0699171   0.03218146 -0.03044176 -0.09015504  0.06659211  0.06251103
 -0.07159663 -0.08320227 -0.04045928  0.0197268   0.061202    0.02223272
 -0.07690468  0.04280524  0.07065532 -0.02315704 -0.14590912 -0.00210249
  0.15136391 -0.11024481 -0.03652824  0.15650006 -0.01363626 -0.22146136
  0.06445091  0.09932665  0.11801299  0.01061094 -0.03785129  0.04058875
 -0.04425805 -0.17285588  0.07464897 -0.09869605  0.11750966  0.07777609
  0.02489129 -0.18396187  0.11720123  0.06829087  0.07078747  0.00155087
  0.04842984  0.11026371 -0.15591606  0.11529376  0.0519082  -0.06912747
 -0.00431861 -0.09279341 -0.02795218  0.05410048 -0.05835997  0.06135239
  0.00611794  0.04447427  0.01367722 -0.04995585 -0.14685725  0.12677838
 -0.02885608 -0.1022686   0.08731207  0.08124129  0.1126738  -0.07940213
 -0.03670816  0.08752386  0.16836031  0.10627408  0.13087934  0.07320404
  0.02840811 -0.16768686  0.06986348  0.10850992 -0.16836642  0.017121
 -0.10684361 -0.04275779  0.04472608  0.07916962  0.12108552  0.21801014
 -0.10890527  0.06344982  0.08176297  0.02448344 -0.06946494  0.01773637
 -0.03616979 -0.01099717 -0.07740753  0.01401313 -0.09384833 -0.13715672
 -0.06076016  0.01858526  0.0421317  -0.00707869 -0.05051845  0.05170589
  0.07842442 -0.19608071  0.02676488  0.04015144  0.03717943  0.05045332
 -0.1033478   0.05976834  0.04199592 -0.18982109 -0.00430072 -0.0103744
 -0.03205306  0.00119552 -0.01852237  0.0010133  -0.02225099 -0.04347892
  0.12637857 -0.0801889   0.01518296 -0.04574378  0.06381222  0.05416083
  0.10703774  0.19503917]