[-1.86340977e-02  6.63697273e-02 -2.28132047e-02 -1.49974942e-01
  5.56120239e-02  6.37564361e-02 -1.17968149e-01 -1.63322330e-01
 -5.62418178e-02 -3.89810801e-02  7.04635084e-02  1.49355307e-02
 -4.15911190e-02  6.78433552e-02  4.39097546e-02  5.10424711e-02
 -1.77209467e-01 -5.16474210e-02  9.33290720e-02 -6.56228811e-02
 -1.45550366e-04  2.44309798e-01  2.86106914e-02 -1.43805340e-01
  6.75057666e-03  1.51022270e-01  1.72288105e-01  8.37775972e-03
  2.17382498e-02  9.95131806e-02 -8.88320431e-02 -1.45449787e-01
  6.35514930e-02 -4.13462073e-02  1.05632924e-01  9.49957296e-02
  3.31460200e-02 -9.20049027e-02  1.44645661e-01  1.20127171e-01
 -4.08624113e-02 -1.93933826e-02  2.69313138e-02  8.11754242e-02
 -8.53979662e-02  1.85287282e-01  9.52287689e-02 -7.22935703e-03
 -6.78353012e-02 -2.22340878e-03 -2.27748267e-02  9.16489512e-02
 -4.32032645e-02  8.86776075e-02  3.58672813e-02  8.87036044e-03
  5.19209169e-02  3.09413671e-02 -1.76362932e-01  1.20744362e-01
 -2.46689804e-02 -5.97240925e-02  1.71244189e-01  1.02762692e-01
  6.50329962e-02 -1.13904446e-01 -5.05877137e-02  1.19970381e-01
  1.34954244e-01  1.37385219e-01  7.22833350e-02  2.61314418e-02
 -2.82245129e-02 -1.14440419e-01  1.08648114e-01  5.96620627e-02
 -1.37622610e-01 -1.00710681e-02 -8.27964172e-02  2.36392729e-02
  1.85926333e-01  8.27227905e-02  7.34120458e-02  1.51077896e-01
 -1.40848726e-01  2.24390347e-02  2.46313903e-02 -1.10489046e-02
 -9.54746455e-02  1.01658292e-01  3.33347321e-02 -3.47816981e-02
 -9.08020139e-02  1.04881197e-01 -8.77304375e-02 -6.70460537e-02
 -8.50513801e-02  5.66419251e-02  1.31049663e-01 -3.44803482e-02
 -6.24170341e-03  4.96433750e-02 -3.05402768e-03 -1.25216305e-01
 -5.35560027e-03  3.84646803e-02 -2.98971292e-02  4.60958630e-02
 -6.78025484e-02  1.32976752e-02  1.09451033e-01 -9.49165970e-02
 -1.98767707e-02  3.46194953e-02 -3.30451354e-02  8.73466805e-02
 -3.04613207e-02  2.07700543e-02 -5.76433912e-02  2.39411574e-02
  1.35488674e-01 -6.39191270e-02  6.56801388e-02 -5.26800379e-02
 -1.50918625e-02  8.79536271e-02  1.02635697e-01  1.29711345e-01]