[-0.01342805  0.06924903  0.07188265 -0.13537866  0.01562526  0.07274809
 -0.03992023  0.02083868  0.12527472 -0.09361323  0.0304819  -0.14158621
 -0.00474392  0.03880537  0.14383526 -0.01334559 -0.01955042 -0.09677885
 -0.07541719 -0.1287525   0.06217132  0.11509886  0.02262465 -0.13622873
  0.00965518 -0.01531498 -0.0791544  -0.06417786  0.03979627 -0.08230799
  0.22727975 -0.06920518 -0.01468662 -0.02285608  0.08323462  0.12686685
  0.02703355  0.12009984  0.0922998   0.11364385  0.00290183  0.1041905
 -0.20239697 -0.02115698  0.06885662  0.14758694 -0.09536455 -0.00967313
 -0.05447674 -0.11999001 -0.23161912  0.11162144  0.00970751 -0.04196808
 -0.17568459 -0.00775049  0.00034845  0.04855761 -0.15222229  0.02966604
 -0.08040415  0.00190621  0.02877478 -0.04756534  0.0214807  -0.07147808
  0.10522455  0.24580377  0.11355218  0.0973096   0.17044552  0.02441088
 -0.06326654 -0.12470549  0.01452791  0.0056     -0.1930504  -0.01732618
 -0.0540005   0.06550752 -0.07250495  0.08335922 -0.01130201  0.0437991
 -0.06687677  0.00794104  0.08486756 -0.02803131 -0.12552926 -0.07829362
  0.08108804 -0.04853676  0.03957847  0.03071773  0.03328027 -0.05576816
 -0.01822954 -0.06785962 -0.08406142  0.07754461 -0.06914023 -0.05164698
 -0.12647708 -0.0116853  -0.02883886  0.01996898 -0.00978555 -0.03645167
  0.09344771 -0.02299837  0.00632773 -0.05358621 -0.15107708  0.03091728
  0.10328417  0.10107534 -0.1980305  -0.08685961  0.00187107  0.02913465
  0.03004729  0.07366035 -0.04491048  0.15498336  0.08436409 -0.07088801
  0.0012394   0.02621467]