[-0.02157957  0.05015538  0.02795223 -0.02015286 -0.0268094  -0.00203965
 -0.05260213 -0.13352308  0.09060529 -0.16871099  0.08915258 -0.04104837
 -0.05876512  0.10046247  0.0455543  -0.05667307 -0.05267487 -0.0438816
  0.08196403 -0.07899544  0.0377945   0.17111948  0.04936073 -0.01575876
  0.04381171  0.03142578  0.04919984 -0.05656685  0.07468692  0.07181778
  0.12795012 -0.19261679  0.07207977 -0.14865498  0.10283625  0.06756025
 -0.02825743  0.11461127  0.05104361  0.17127848 -0.04913936  0.19539313
 -0.17685428  0.10730499 -0.08060975  0.05509541  0.01459288 -0.12303364
  0.08807968 -0.0911015  -0.12447562  0.11208437  0.07100952  0.00226954
 -0.08525949  0.02258591  0.04916739  0.16247237 -0.09194375  0.03820087
 -0.12181119 -0.06908519  0.15468834  0.01730384  0.04273318 -0.12362373
  0.14984803 -0.0160169   0.0751721   0.07290079  0.16166621  0.03165789
  0.03321454 -0.04195198  0.05866839 -0.03453953 -0.21282727 -0.08301871
 -0.09803447  0.1067274   0.02519213  0.09251083  0.01972458  0.0312799
  0.0230204  -0.05563138  0.01965551 -0.08501984 -0.17493629 -0.13940123
  0.00232137 -0.01921939  0.03798074 -0.04079274  0.08992433 -0.17412321
 -0.0355828   0.03006005  0.04753881  0.06164133 -0.13972019  0.04974017
  0.04095425 -0.04717666 -0.12345846  0.04323428  0.10572164 -0.06677365
  0.12638317 -0.01994614  0.10422796 -0.08631644 -0.07522045  0.02638553
 -0.03663716  0.13676001 -0.05287684 -0.04978973 -0.02604751 -0.01421923
 -0.00314958  0.0005634  -0.12903938 -0.0229292  -0.00215615  0.05742511
  0.02576462  0.14797884]