[-0.02299775  0.14014068  0.14994337 -0.07314751 -0.09074709  0.01417896
 -0.13112265  0.02167326  0.08697244 -0.11161665  0.04587821 -0.16862755
 -0.02698953  0.04682216  0.10111996 -0.076677    0.04752593 -0.10343929
 -0.01159147 -0.07616481  0.05946933  0.06236392  0.0134891   0.02892362
  0.06233323 -0.02924598 -0.01779093 -0.01260684  0.06957664 -0.08281125
  0.2135898  -0.1708619   0.0054185  -0.01138114  0.02592279  0.08895472
  0.03665084  0.16177903  0.07858405  0.13377449 -0.06265464  0.09901028
 -0.2032852  -0.0705712   0.12897752  0.10025823 -0.03873857 -0.05206073
 -0.04683107 -0.08808289 -0.15786211  0.19140235  0.06367514 -0.02655205
 -0.15503745 -0.00544649  0.0370831   0.03156729 -0.05128066 -0.09507947
 -0.03429348  0.0291378  -0.02553533 -0.03055107 -0.0791129  -0.05032639
  0.1928384   0.13383089  0.08143432  0.07046189  0.10907605 -0.03184276
 -0.07343902 -0.06548548  0.10187654 -0.05782297 -0.16785404  0.03208944
  0.01795476  0.14756182 -0.14023307  0.10158931  0.02337618 -0.00117894
  0.04140202 -0.00551076  0.0180988  -0.03321231 -0.08105204 -0.10404903
  0.02061314 -0.04360095  0.15290292  0.0612373   0.03482565 -0.13412035
 -0.00144565 -0.04282308 -0.0710814  -0.00547643 -0.10219729  0.01522139
 -0.12307774  0.07629286 -0.04055557  0.03318308  0.04177007 -0.06711192
  0.11140911 -0.07833524  0.03462491 -0.01757059 -0.13989957  0.07398523
  0.03631888  0.0839797  -0.21125397 -0.13586587 -0.00526249 -0.01718809
 -0.03428471  0.10232036 -0.12363531  0.08464926  0.06705521 -0.03730405
  0.01873992  0.01887372]