[-0.03245723  0.12912136  0.01407038 -0.11527564  0.02028929  0.18124278
 -0.12721831 -0.03071878  0.10414695 -0.0906577   0.05460623 -0.08280153
 -0.05147299 -0.02128568  0.04098037  0.02677261 -0.05178868 -0.06692805
 -0.02815313 -0.16974072  0.1137882   0.1025879   0.02281629 -0.05149749
  0.09180395 -0.0187589   0.05686899 -0.06552991  0.05854524 -0.03064119
  0.23950709 -0.11664766 -0.01910919 -0.01214686  0.03657616  0.12439801
 -0.02591933 -0.02781778  0.12881766  0.15796992 -0.00924391  0.02796739
 -0.13613197  0.01096195  0.09816067  0.07295576 -0.02151474 -0.02986857
 -0.09093627 -0.11078613 -0.12070615  0.15928338  0.01697068 -0.06264821
 -0.1652046   0.06651399  0.03552646  0.09177833 -0.14596157  0.00652827
 -0.0818859  -0.00068688  0.11915868 -0.088941    0.03102134 -0.10813869
  0.06282417  0.18633297  0.06191148  0.20819633  0.09503212  0.06301878
 -0.13505565 -0.16206546  0.05024494  0.01199992 -0.13883404  0.04912714
 -0.12327692  0.09153228 -0.0890225   0.11347727  0.07335538  0.08911712
 -0.12223537  0.05098547  0.06881008 -0.03552719 -0.12968898 -0.05603287
  0.02726152 -0.08266484 -0.01982896  0.11148049  0.07203993 -0.02945103
 -0.0544605  -0.02721427 -0.05714724  0.06165657 -0.04646771 -0.05575396
 -0.17384622  0.04298655  0.00894955  0.04408278 -0.02538161 -0.03690883
 -0.01687143 -0.06240324 -0.00791194 -0.02966283 -0.08491212  0.05334121
  0.12350226  0.10134169 -0.21159145 -0.04206461  0.06097309  0.09529285
  0.0816879   0.01270297 -0.03632322  0.04116898  0.05106074  0.02483023
  0.00894829  0.05635975]