[-1.82394572e-02  9.39576402e-02 -2.53017098e-02 -5.19123077e-02
 -5.74558005e-02  5.99472970e-02 -2.01707631e-01 -1.19000882e-01
  6.95197508e-02 -1.40278816e-01  6.53783828e-02 -8.97939280e-02
 -4.74864093e-04  1.04352660e-01  1.14698887e-01 -4.00120057e-02
  5.70487864e-02 -1.67336792e-01  8.31071809e-02 -3.57604064e-02
 -4.27559577e-02  1.09092444e-01  3.95213105e-02  1.47262132e-02
  6.17617480e-02  1.24037480e-02  5.44235036e-02 -3.62974294e-02
 -1.17966523e-02 -1.05229020e-02  2.30677664e-01 -9.00547057e-02
  5.10388501e-02 -4.21057679e-02 -1.15740793e-02  2.15647280e-01
  4.11050916e-02  1.99347958e-02  8.73280689e-02  1.84680521e-01
 -5.26677594e-02  6.76880553e-02 -1.76028326e-01 -5.24012223e-02
  8.78451988e-02  1.57062352e-01  2.40662117e-02 -1.26410667e-02
 -1.13769723e-02 -7.38277137e-02 -1.64662316e-01  9.72749144e-02
  1.27211779e-01 -5.79833500e-02 -1.56434461e-01  4.91483919e-02
 -5.31297512e-02  1.05614386e-01 -6.62702620e-02  4.75318618e-02
 -1.09741516e-01  7.55033493e-02  5.35229705e-02 -1.15791284e-01
 -2.57947370e-02 -4.57024015e-02  1.86985567e-01  1.26574904e-01
  5.13561219e-02  3.49033959e-02  8.20491686e-02 -2.70134117e-02
 -1.04727142e-01 -9.70565975e-02  1.28585011e-01  1.13476138e-03
 -1.31454498e-01 -3.66313495e-02 -7.57600740e-02  1.70140162e-01
 -4.08539958e-02  5.14965467e-02 -4.46586907e-02 -2.03485098e-02
 -4.64174263e-02  6.77127093e-02 -9.82229505e-03 -1.50463223e-01
 -1.89632475e-01 -8.69246870e-02  2.34943293e-02 -4.57934327e-02
  1.29187644e-01  1.14505678e-01  6.51567876e-02 -4.93166521e-02
 -4.10867706e-02 -6.93858266e-02  4.94790869e-03  1.62102282e-03
 -1.37551740e-01 -3.83585766e-02 -1.23049185e-01  1.46500301e-02
 -1.00898325e-01  1.03714101e-01 -2.04313692e-05 -6.81916103e-02
 -3.09282411e-02  9.29761771e-03  4.44555916e-02 -6.55595362e-02
 -5.02067432e-02  9.25695244e-03 -5.04787005e-02  7.36757517e-02
 -1.90595344e-01 -7.83575103e-02  2.52444837e-02  4.62328009e-02
  1.96673907e-02  5.12148603e-04 -9.48754102e-02  8.93828943e-02
  2.62785833e-02  1.05326232e-02 -4.55738306e-02  2.86081024e-02]