[ 0.01876221 -0.10206589 -0.00191638 -0.15116218  0.12122794  0.08967122
  0.05271678  0.16931471  0.12278315 -0.14590439 -0.07930385  0.03725182
  0.01366196 -0.17071655  0.03315933  0.002913   -0.13560523 -0.03148962
 -0.1571686  -0.02699051  0.09120162  0.19159691 -0.06748544  0.06518608
 -0.086217   -0.0995623   0.04671831 -0.06993382 -0.03256892  0.00757122
  0.04540541 -0.10381223 -0.0278431   0.09377271  0.0644723  -0.02156255
  0.08112556 -0.19078001 -0.08043425  0.01541061  0.16121005 -0.03700077
  0.07414617  0.13088299  0.00692674 -0.04103164 -0.01904622  0.07003862
  0.00612759  0.09458882 -0.1038535  -0.23804457  0.01564713  0.00262245
  0.01730211  0.02881068 -0.11565508  0.01265788 -0.12435015  0.01404431
 -0.01019313  0.00904697 -0.00117809  0.0451052  -0.0650287  -0.14679757
 -0.03652136 -0.01517122  0.0452602  -0.12346493 -0.03192084 -0.05004918
 -0.03348963 -0.1606553  -0.02929285  0.09117971 -0.03053056  0.05442334
  0.00511753  0.03329072  0.15008776  0.0490079   0.00673152  0.11006016
 -0.00115372  0.10104378  0.08483038  0.03614616 -0.08910282  0.13175926
  0.11832029 -0.06867639 -0.20961051 -0.00540223 -0.09448808  0.14589694
 -0.10758822 -0.06978577 -0.05276305  0.03367411  0.06300803 -0.12264423
 -0.03461282 -0.07622211 -0.05102663 -0.07257102 -0.12573068 -0.00110526
 -0.21352355  0.08583871  0.08594529 -0.06666274 -0.05406644 -0.03652913
 -0.07840762  0.0867854  -0.04235247  0.03597154 -0.11484955  0.04356483
  0.08431935  0.04495502  0.02250833  0.06199192 -0.06373876 -0.06865612
 -0.10067641 -0.06289209]