[ 0.03637777  0.01394524  0.0066151  -0.05838502 -0.00429675  0.10921128
  0.09377965  0.13321468  0.06122435 -0.12040385  0.03808313  0.01109153
  0.09389272 -0.09152564 -0.03507082 -0.07684775 -0.07926098 -0.03735031
 -0.17050211  0.04675699  0.1372554  -0.07290129 -0.06001726  0.20105991
 -0.02484302 -0.20792334  0.00401877 -0.06263544 -0.02785974  0.04730442
  0.03409463 -0.18085906 -0.01519984  0.12609582 -0.049521   -0.01565392
 -0.00952043 -0.06883057 -0.14826442  0.01130523  0.06179751 -0.10610007
  0.04222922  0.07184904  0.03294424 -0.09205748  0.01072837  0.02707102
 -0.10573935  0.09025643 -0.08716846 -0.21115951 -0.00893376 -0.00713858
  0.03235961  0.1061399  -0.20161015  0.13657129 -0.06597053 -0.04952997
 -0.03381308  0.05956733  0.07904626 -0.09451461 -0.01501651 -0.01013769
 -0.01488045 -0.07588489 -0.15262923 -0.11034912 -0.04597198 -0.05656243
 -0.07156529 -0.12022251  0.05627352  0.09565871  0.08211921  0.04049515
  0.05752655  0.07909007 -0.05916178 -0.12879843 -0.02319433  0.0013206
 -0.10449606  0.16222294  0.04603869 -0.06069879 -0.02370032  0.10476045
  0.08117454 -0.23198129 -0.02702288  0.00541497 -0.07525069  0.06590324
 -0.11920249 -0.07854592  0.01796897  0.06605333  0.04219009 -0.03806401
 -0.0840334   0.02586487 -0.05720322  0.06160019 -0.09868401  0.07257503
 -0.20451446 -0.09184935  0.01741713  0.00472471 -0.02305295 -0.02044206
 -0.03829301  0.13148692 -0.06710228  0.11646616 -0.01205593  0.15234277
 -0.04581214 -0.06003149 -0.12065414  0.11554877 -0.02356247  0.0552673
 -0.10853661 -0.10176002]