[ 0.11110954 -0.05624109  0.01006549 -0.02435084  0.05552784  0.11069486
  0.12585022  0.18327902  0.08478627 -0.0940068  -0.0173024  -0.04428701
  0.07380347 -0.16844352  0.10535197 -0.0049344  -0.00623301  0.05425707
 -0.14656864 -0.01436187  0.10985263  0.1407811   0.01832111  0.14772071
 -0.10099236 -0.25998628 -0.07269865 -0.17216557 -0.03413044  0.05691173
  0.04805063 -0.03922191 -0.01525205  0.12965824  0.05406909 -0.06618677
  0.11990291 -0.11766608 -0.10469314  0.04610658  0.06803921 -0.03301174
 -0.00331111  0.04290987 -0.0395024  -0.07506258 -0.02790014  0.0346543
  0.00899238  0.12952162  0.00485197 -0.22577994  0.03014693  0.02095212
 -0.07567001  0.04042146  0.02434939 -0.04822962  0.00359312  0.04722727
 -0.03111036  0.03384553 -0.10604846 -0.13409409 -0.04627027 -0.16799693
  0.03584081 -0.10845535 -0.049831   -0.12779774 -0.06691834 -0.04933968
 -0.05846057 -0.09800828 -0.08261387  0.02926122  0.01436166  0.04473284
  0.00398917  0.06501141  0.07051522 -0.0477578  -0.07904845  0.0303464
  0.07338837  0.17937207  0.01168897 -0.12865904 -0.15112416  0.08951745
  0.09518313 -0.08775774 -0.14995445 -0.06151757 -0.07752876  0.11563298
 -0.11001007 -0.02445758 -0.06633298  0.11751126  0.09979556 -0.04771222
 -0.0003743   0.03069554  0.00853788 -0.13028786 -0.03659751 -0.009321
 -0.12302399  0.098681   -0.02868577 -0.06309715  0.0115135  -0.10554647
 -0.10100456  0.11307586  0.02828327  0.01752511 -0.13393913  0.07129054
  0.02860877  0.018458   -0.05008641  0.14460051 -0.00857939 -0.10647363
 -0.10983156 -0.06112727]