[ 7.88163766e-02 -5.20205237e-02  1.95526350e-02 -1.13832273e-01
  4.27560955e-02  7.66869634e-02  3.17110829e-02  1.80359513e-01
  8.09979662e-02 -9.27573070e-02  2.56599933e-02 -2.69003287e-02
  1.05852328e-01 -1.39839843e-01  3.94790284e-02  5.79189807e-02
 -6.96250200e-02 -6.63836524e-02 -2.26568878e-01  1.07390501e-01
  1.23971365e-01  4.38368097e-02  4.52519879e-02  1.43966153e-01
 -1.11173742e-01 -1.60521448e-01  2.51632165e-02 -6.47836477e-02
  2.35593785e-02 -2.19652727e-02  4.43674922e-02 -1.06860593e-01
  1.12086581e-02  1.71616748e-01 -2.72872616e-02  1.64531078e-03
  3.03486660e-02  1.37535390e-04 -1.33608416e-01  8.05463735e-03
 -7.23377429e-03 -1.12780847e-01 -1.10320384e-02  4.03607376e-02
  6.34175837e-02 -8.04926753e-02 -5.41796423e-02  1.34847447e-01
 -6.49125725e-02  2.05417037e-01 -9.75299329e-02 -2.01143131e-01
 -5.00483327e-02 -1.64938103e-02 -7.29407044e-03  3.93473217e-03
 -1.26763687e-01  3.87009792e-02 -1.05622008e-01  5.21150709e-04
 -5.50029688e-02  2.33215336e-02  4.94481325e-02 -4.22136970e-02
 -4.35197726e-02 -7.38396645e-02 -6.85711801e-02 -3.21273110e-03
 -1.14675134e-01 -1.09302685e-01 -9.72527489e-02 -7.29114264e-02
 -9.91792157e-02 -6.87673464e-02  2.70835380e-03 -1.08294329e-02
  1.21956937e-01  4.72757630e-02  6.86033219e-02  1.03494033e-01
  9.74811763e-02 -1.56197667e-01 -6.69083223e-02 -1.03579368e-02
 -4.07614075e-02  9.91626531e-02 -6.89550117e-03  8.53247038e-05
  1.02365939e-02  1.65792510e-01  1.51388779e-01 -1.43567383e-01
 -1.42818093e-01  9.28894579e-02 -3.84270549e-02  1.61031455e-01
 -1.41769215e-01 -5.56103736e-02 -4.84463461e-02  3.91417891e-02
  1.02791339e-01 -1.02884293e-01 -1.47620246e-01 -2.22667400e-02
  6.57922449e-03  5.75358234e-03 -8.83866921e-02 -1.13103054e-02
 -3.54792140e-02 -5.53125963e-02 -9.15321615e-03  9.85736549e-02
  6.11955579e-03  3.05043068e-02  3.94672900e-03  1.28598183e-01
 -3.13871307e-03  1.24654345e-01 -6.48975074e-02  1.75111622e-01
 -2.44327467e-02  4.08496102e-03 -1.05399415e-02  1.60573691e-01
 -5.07788844e-02 -2.79888175e-02 -4.37741838e-02 -1.20647311e-01]