[ 6.07167482e-02  2.39162277e-02  6.56297728e-02 -6.83053732e-02
  1.78430509e-02  1.09350301e-01  4.87127565e-02  2.04203218e-01
  1.60076588e-01 -2.12328285e-01 -3.12544741e-02  2.48422604e-02
 -7.18964031e-03 -1.84094489e-01 -4.64018136e-02 -7.28875995e-02
 -1.09641820e-01 -9.66353863e-02 -2.50400096e-01  6.76668137e-02
  1.47105396e-01  5.18302061e-02 -1.82587449e-02  5.65050319e-02
 -7.72175193e-02 -1.86290771e-01 -5.16770966e-02 -5.57276569e-02
 -6.06085919e-02 -3.19866911e-02  5.81160970e-02 -1.84066892e-01
  1.85677893e-02  1.41642153e-01 -6.01830753e-03 -3.27550620e-02
  1.56489890e-02  5.61916642e-02 -2.00001597e-01  4.25590063e-03
  2.89695822e-02 -4.45754593e-03 -1.63757578e-02  6.05058335e-02
  5.24147637e-02 -6.62026033e-02 -2.59232093e-02 -3.15848589e-02
 -8.93923491e-02  2.29632467e-01 -1.17000997e-01 -9.96727049e-02
 -5.20492978e-02  2.69748829e-02  5.54853119e-02  2.14312429e-04
 -1.62512735e-01  3.04495133e-02 -1.35232538e-01 -1.02282047e-01
 -4.53949869e-02  4.85642115e-03  6.70240074e-02 -7.23688006e-02
 -9.95741412e-03 -1.40338987e-01  7.75637617e-03 -2.70544481e-03
 -1.17760621e-01  2.37778947e-03  6.53394908e-02 -6.92907497e-02
 -2.63009612e-02 -3.90847251e-02 -2.69332137e-02  6.08113259e-02
  8.00385885e-03 -3.24603170e-02  3.98163497e-02  7.60994628e-02
 -5.90989888e-02 -3.83542106e-02 -1.18193571e-02  3.32814269e-02
 -5.29521890e-03  4.14042808e-02  2.87294835e-02  2.70914659e-02
  4.65722941e-02  1.45730183e-01  9.32570621e-02 -2.31687590e-01
 -1.22093767e-01  2.14888379e-02  1.42110244e-03  6.56881332e-02
 -3.11781727e-02 -1.06142767e-01 -1.10563546e-01  7.60899112e-02
  2.17097974e-03 -1.90744549e-02 -1.20561272e-01 -3.92486788e-02
 -1.14554256e-01  2.19812226e-02 -8.12745169e-02 -6.38221251e-03
 -9.84548703e-02 -5.93434349e-02  7.41567165e-02  2.59320643e-02
 -9.78827924e-02  3.90813574e-02  4.70157862e-02  9.30922106e-02
 -2.59801280e-02  1.33570116e-02  2.34403089e-02  1.30645409e-01
 -1.81099307e-02  1.06441967e-01  6.82975771e-03  1.20518081e-01
  1.35497376e-01 -6.88375831e-02  1.22056916e-01 -1.02931805e-01]