[ 1.67400673e-01 -1.03744209e-01  3.50767635e-02  4.16120291e-02
  1.13208435e-01  1.66873857e-01  1.20223850e-01  9.57759246e-02
  5.93174659e-02 -1.06617741e-01  3.72025110e-02  3.02364957e-02
  8.64080563e-02 -1.82320196e-02  7.46219978e-02 -3.25089227e-03
  1.12477586e-01  9.76275057e-02 -1.55585378e-01 -2.27988362e-02
  2.19717354e-01  1.23351393e-02 -4.21077991e-03  2.33527735e-01
  6.22970350e-02 -2.12326482e-01 -8.86916369e-02 -1.54020324e-01
 -7.60946721e-02  9.03794169e-02  1.02274783e-01  4.18808535e-02
 -3.39887999e-02  1.85625792e-01  4.70508495e-03 -2.06369292e-02
  3.12710702e-02 -3.37425321e-02 -3.48522961e-02 -8.02218616e-02
  6.72744140e-02  2.99969651e-02  3.22770290e-02 -2.96619739e-02
  2.05790042e-03 -1.51176006e-01 -3.70622873e-02 -1.68905333e-02
 -3.18103433e-02  5.64263854e-03  4.94438447e-02 -2.07667932e-01
  6.04658313e-02 -8.27320758e-03  4.25228998e-02  9.12025422e-02
 -6.22648969e-02  1.36747703e-01 -1.82351638e-02 -6.63501322e-02
 -3.02550644e-02  1.87186617e-02 -3.22829895e-02 -2.21179336e-01
  7.67513830e-03  2.35193968e-02 -2.97139809e-02  5.13597652e-02
 -1.44246370e-01  1.27915497e-04 -4.26075654e-03  2.57272031e-02
 -1.21191904e-01 -1.83157057e-01 -9.99216288e-02  6.24102689e-02
  8.07830319e-02 -1.14009799e-02  1.00810744e-03  5.20597696e-02
 -7.70362020e-02  2.28622332e-02  4.26545320e-03 -9.20640454e-02
 -1.78066678e-02  6.28141984e-02  7.99392611e-02 -6.66484609e-02
 -9.09609795e-02  6.91338778e-02  8.40324089e-02 -1.84807435e-01
 -7.95287415e-02  2.86775604e-02 -4.22281176e-02  1.25381649e-01
 -1.00041799e-01 -5.30907102e-02 -4.33097929e-02  9.56021473e-02
  9.82495248e-02 -3.50875258e-02 -5.12765385e-02  1.08204871e-01
 -4.71077785e-02 -2.33963598e-02 -1.08961880e-01 -9.16512907e-02
 -1.13223739e-01 -8.27601478e-02 -5.28706200e-02  1.79008916e-02
 -5.00178821e-02 -3.23618501e-02  1.10002704e-01  9.15926173e-02
 -9.08568427e-02 -1.26577606e-02 -8.12532529e-02  1.42552182e-01
  4.76315171e-02  3.57592665e-02 -5.15786707e-02  1.10063620e-01
  4.14234549e-02  3.55133368e-03 -1.29487459e-02 -9.76717621e-02]