[ 9.51541811e-02 -1.06749050e-01  1.92541594e-03 -1.40509546e-01
  8.91216844e-02  1.16061486e-01  6.52913898e-02  2.07227826e-01
  1.50181636e-01 -1.46487549e-01 -3.97239113e-03  1.49811041e-02
  1.97088607e-02 -1.66901320e-01  2.55028829e-02 -6.20001170e-04
 -7.57684186e-02 -1.27056232e-02 -2.09912032e-01 -1.14500308e-02
  1.05186388e-01  2.03645408e-01 -5.99062145e-02  9.43409801e-02
 -1.32457092e-01 -1.28211603e-01  4.79137450e-02 -5.99757321e-02
 -3.52562815e-02 -2.94374879e-02  3.08318157e-02 -1.33077353e-01
 -3.14272903e-02  1.32063836e-01  4.42039110e-02 -1.11536700e-02
  6.65664598e-02 -1.30807772e-01 -1.04265444e-01  3.10965590e-02
  9.59704146e-02 -5.07587660e-03 -1.23325754e-02  9.42381024e-02
  3.22534107e-02 -7.16447309e-02 -8.52240026e-02  8.24960917e-02
 -2.24227384e-02  1.35646850e-01 -1.08074643e-01 -2.00884551e-01
 -2.82907654e-02  6.73487736e-03 -2.23274641e-02  2.18160972e-02
 -1.31099299e-01  2.37827990e-02 -1.38212562e-01  2.76201274e-02
 -3.10942568e-02  8.05551093e-03  4.04473618e-02 -1.25333304e-02
 -8.09513330e-02 -1.47942200e-01 -1.55418953e-02  1.89843681e-02
  1.16067128e-02 -7.82440379e-02 -9.20944940e-03 -8.24120492e-02
 -2.88962591e-02 -1.40735626e-01 -7.03122318e-02  4.26129550e-02
 -8.61998356e-04  4.23828475e-02  1.57422313e-04  1.18853040e-02
  1.24391891e-01  2.71986816e-02 -2.52368040e-02  2.97588930e-02
  7.86613324e-04  1.03104062e-01  7.35072270e-02 -1.00406878e-05
 -6.31188229e-02  1.62412509e-01  1.58521101e-01 -1.21458381e-01
 -2.04545274e-01  3.05733122e-02 -3.31664607e-02  1.49726927e-01
 -1.01347387e-01 -1.37415186e-01 -8.10102895e-02  6.69229105e-02
  8.48458707e-02 -9.77138132e-02 -8.06334689e-02 -9.15160179e-02
 -3.75834331e-02 -5.56826107e-02 -9.39320251e-02 -7.58548975e-02
 -1.83537781e-01  4.45515327e-02  9.24320817e-02 -2.22531334e-02
 -5.65322675e-03 -6.32119086e-03 -1.66402180e-02  9.07524079e-02
 -4.59442511e-02  3.21062505e-02 -9.24327001e-02  3.35739218e-02
  4.87313941e-02  2.49088351e-02  3.48861404e-02  1.20410442e-01
  6.56552333e-03 -8.07737559e-02 -5.04740141e-02 -1.00039221e-01]