[ 0.05725275  0.01074538  0.08284414 -0.09238923  0.06447406  0.06126038
  0.17665838  0.2193855   0.09823344 -0.20587367 -0.08150151 -0.00405276
 -0.00915231 -0.17295447  0.0078732  -0.09540147 -0.06993507 -0.02273152
 -0.2196375  -0.02162419  0.11641078  0.0988242  -0.0862776   0.13037728
 -0.05443656 -0.22075887 -0.05855781 -0.03888581  0.03372074 -0.00715123
  0.03855365 -0.14004256 -0.05090395  0.11526635  0.03109598 -0.13345326
  0.0480432  -0.04546742 -0.15942639  0.00162839  0.13977474  0.02081666
  0.06656826  0.10470312  0.02349206 -0.03579137 -0.01850271 -0.02104892
 -0.09250825  0.10136461 -0.1449037  -0.19445339  0.01127898 -0.01427472
 -0.01791909  0.03788703 -0.15125208  0.11062919 -0.08996098 -0.05990094
 -0.01231027  0.06764368  0.00690072 -0.0289019  -0.07171631 -0.05584622
  0.00904867 -0.13358067 -0.10452921 -0.12622137 -0.00164313 -0.07228164
 -0.0028374  -0.01923252 -0.01704306  0.05779861  0.00162911 -0.01166588
  0.05977309  0.00318077 -0.00163549  0.0166516  -0.03391812  0.01156383
  0.05538283  0.07167443  0.03059258 -0.03109721 -0.06761845  0.10779814
  0.16953588 -0.15072037 -0.14296317 -0.09344596  0.01674206  0.09937695
 -0.03932574 -0.06511394 -0.06742857  0.08334066 -0.02881997 -0.0684242
 -0.00594833  0.0386118  -0.16917105 -0.03323581 -0.07539161  0.0599593
 -0.12366698 -0.03841257  0.15073848 -0.02073292 -0.09809491 -0.02335962
 -0.03611564  0.06893326 -0.04049562  0.01899734 -0.01640405  0.06457688
 -0.0060952   0.09125338 -0.07736505  0.11358207 -0.00863086 -0.09156483
 -0.08158035 -0.16677374]