[ 0.06974911  0.01485051 -0.00829309 -0.0618078   0.01506918  0.04141398
  0.05725238  0.06166406  0.04376935 -0.19115821  0.03933353  0.02846113
  0.08774588 -0.02945654 -0.06586357 -0.05002924 -0.07493776 -0.11793315
 -0.22794272  0.1148208   0.11933286 -0.03017771 -0.05955741  0.17574641
 -0.00499672 -0.08006867  0.02976462 -0.00616482  0.01494085  0.04595162
  0.00710049 -0.06717589 -0.03586327  0.13620295 -0.11055884 -0.01850416
 -0.04228593  0.07916342 -0.13171336 -0.00386791  0.06688684 -0.05867178
  0.04598183  0.10389262  0.04102733 -0.04381663  0.03588393  0.03027767
 -0.10461991  0.08220538 -0.10867127 -0.13747208 -0.00725931  0.00990894
  0.09365008  0.01887116 -0.2347593   0.19479293 -0.03895317 -0.13716391
 -0.06553832  0.0320789   0.12650637  0.02538924 -0.10817973  0.06673972
  0.01696276  0.0020102  -0.08418599 -0.12805977 -0.02266265 -0.07459928
 -0.01073159 -0.02931713  0.11528029  0.01990958  0.03854908 -0.04962825
  0.03606037  0.13681673  0.03791956 -0.05024163 -0.02000941 -0.10279517
 -0.07539411  0.07630047  0.04902784 -0.00964395 -0.00243265  0.09092633
  0.12425562 -0.21851988 -0.06635163  0.01481536 -0.07445859  0.06246108
 -0.07268143 -0.07249167  0.06267416 -0.04017589 -0.01986722 -0.04152885
 -0.0249469   0.1010977  -0.20550536  0.06780175 -0.16899338  0.14163829
 -0.09104159 -0.17119144  0.14366546  0.1353621  -0.14424628  0.05980988
 -0.0060054   0.08744508 -0.12907477  0.04044727  0.0238935   0.1099244
 -0.03663443  0.03775321 -0.04881221  0.10244095 -0.04151078  0.01292247
 -0.05627167 -0.12608039]