[-8.63683894e-02  9.66875404e-02  2.52583642e-02  4.77253944e-02
 -3.77603434e-02  3.87788862e-02 -4.73425388e-02 -6.75312728e-02
  1.29848152e-01 -5.33196107e-02  8.26197118e-02 -3.39442752e-02
  4.50764177e-03  1.12517036e-01  5.58715835e-02 -4.12309244e-02
  3.95057760e-02  3.12296092e-03  1.72089133e-03 -1.10231312e-02
  2.98440661e-02 -1.13142140e-01  2.27264799e-02  5.84211983e-02
  9.36970040e-02 -8.38173479e-02 -2.95931622e-02 -1.01320501e-02
  3.49048823e-02  2.23711282e-02  1.72115937e-01  2.90375110e-02
  1.78410694e-01  4.16513358e-05  7.11601786e-03  1.24633610e-01
  3.63133363e-02  1.08990416e-01 -5.08519895e-02 -7.68733993e-02
  1.74178388e-02 -1.80217680e-02 -2.06110664e-02 -7.50052482e-02
  3.06932372e-03 -2.16174498e-02  2.61000581e-02 -6.40361607e-02
 -1.01085342e-01 -1.37603804e-01 -1.97185963e-01  2.37529725e-03
  1.54261783e-01 -4.59599867e-02 -8.36206228e-03  1.59160227e-01
 -1.14648886e-01  7.41743296e-02 -1.05919525e-01 -6.93149269e-02
 -1.79508135e-01  1.84821282e-02  8.47922713e-02 -1.71746716e-01
  9.93509665e-02  2.77139753e-01  2.10372321e-02  6.62566675e-03
 -1.80208936e-01  1.89378913e-02  2.99823135e-02 -9.88151282e-02
 -1.14255212e-01 -1.07448205e-01  1.42652035e-01  5.22382744e-02
  1.47617552e-02 -9.99591947e-02 -3.38888280e-02 -6.28943667e-02
 -1.85653642e-01  1.72447562e-02 -6.77123293e-02 -6.04345389e-02
 -2.60280091e-02  6.48970902e-02 -5.75124025e-02 -4.73773405e-02
 -3.07324938e-02  6.64924234e-02  6.88033774e-02 -1.40200004e-01
  7.06164241e-02  4.46607843e-02  1.00517675e-01 -9.84289451e-04
 -1.00920714e-01  2.28621271e-02  4.33389097e-02  4.75042909e-02
 -1.99243333e-02 -9.21398178e-02 -6.25656694e-02 -5.15871570e-02
 -5.73759302e-02  2.05742612e-01  7.91644379e-02 -1.08360186e-01
  3.50784175e-02 -1.46859795e-01 -8.05978626e-02  1.65299443e-03
 -5.50287077e-03 -5.01636676e-02  1.12748258e-01 -9.42634977e-03
 -1.12099513e-01 -3.70143428e-02  1.69577211e-01  1.22665778e-01
  5.46150170e-02 -9.08881798e-02 -1.02084555e-01  5.69726340e-02
  6.86969832e-02  1.48251891e-01  1.04271226e-01  4.39100247e-03]