[-0.07094783  0.07887616 -0.04485885  0.07259848 -0.0101693  -0.04784328
 -0.05834923 -0.08094767  0.00572974  0.03245687  0.03602456 -0.03800363
  0.03997939  0.1463872   0.05778611 -0.00070774  0.10440567  0.03717295
  0.09239564  0.1010979  -0.01101905 -0.14705148  0.0480327  -0.05037075
  0.03978009 -0.04138191 -0.11322827 -0.0446922   0.00394158  0.07320052
  0.023126    0.15560625  0.22205937 -0.03356445  0.02725684  0.11774392
  0.08839507  0.10979006 -0.03520317 -0.17236376 -0.04513508 -0.03762292
  0.02557208 -0.15073141 -0.02204394  0.15149714  0.09596226 -0.04278454
 -0.14060864 -0.1264722  -0.17926873  0.02737349  0.17257731 -0.00863748
  0.02711087  0.08889812 -0.01052315 -0.10221738 -0.05808181 -0.02967524
 -0.07610877  0.05780182 -0.01241773 -0.14564583  0.0995933   0.26444843
 -0.03263381  0.05125016 -0.11033189 -0.07069634  0.01880581 -0.12691253
 -0.11904728 -0.11157912  0.11735467  0.11203468  0.02766563 -0.07838136
  0.01661929 -0.09519546 -0.17157109  0.02125573 -0.16204266 -0.03472849
  0.026945    0.11845086 -0.13245831 -0.03962978  0.00833439  0.08136291
  0.04798487 -0.02387678  0.0598399   0.06274783  0.04008213 -0.00401666
 -0.0424757   0.09316129  0.04320623 -0.03148346  0.05052    -0.05913169
  0.00454524 -0.09894001 -0.0649297   0.19426626  0.09064294 -0.04792169
  0.05704146 -0.04375486 -0.1024273  -0.0635212   0.00212416 -0.14163411
  0.04482317 -0.05087731 -0.09964432 -0.10701998  0.10423165  0.06730916
  0.01221885 -0.06166994 -0.03210639  0.06036107  0.04889761  0.12372578
  0.13258651 -0.02061854]