[-0.10212511  0.15177441  0.04170607  0.02352466 -0.04132017  0.00189069
 -0.12213564 -0.07796179 -0.01145337  0.04007518  0.02497973 -0.03895419
  0.02589634  0.0695997   0.13501301 -0.04535699  0.08293911 -0.04649798
  0.08118564  0.06774735 -0.10768507 -0.08175196  0.0890248   0.04773748
  0.05782817 -0.04807973 -0.02047728  0.00346345  0.03607669 -0.02484022
  0.10839994  0.07392152  0.19724865  0.03015411 -0.02906048  0.10330031
  0.13284263  0.08996388  0.01178356 -0.02236877  0.01866543 -0.1081201
 -0.02224688 -0.21014082 -0.03601077  0.11376718  0.08104903 -0.00675469
 -0.12754177 -0.05837681 -0.13410865  0.06695054  0.17729874 -0.02526692
 -0.05336611  0.08975321  0.01665374 -0.06500132 -0.07703079 -0.01468464
 -0.14611733  0.09787124 -0.04525008 -0.18081492  0.0469619   0.26451793
  0.03700097  0.02587005 -0.16847    -0.05906576 -0.05438459 -0.11481559
 -0.16145591 -0.01510766  0.2550956   0.07837601  0.01063534 -0.05802421
  0.05630412  0.01627553 -0.17173138 -0.01666535 -0.0532456   0.00935879
  0.04234637  0.10022808 -0.1043471  -0.04264562 -0.04891416  0.06866119
  0.03526228 -0.03405302  0.16293849  0.12440654  0.00617939 -0.04950947
 -0.06431885  0.0678642   0.040229   -0.07279357 -0.00468463 -0.08612648
 -0.0732084   0.0257677  -0.0006121   0.16570926  0.08029734 -0.03422823
  0.03880477 -0.05713959 -0.07038742  0.01899626  0.04674594 -0.05537735
 -0.03233701 -0.05430762 -0.15207045 -0.04872819  0.11021756  0.13617574
  0.06469708 -0.08612632 -0.11445753  0.04133191  0.02515054  0.12101278
  0.03677789 -0.02339006]