[-2.78044418e-02  9.36861485e-02 -4.94754612e-02  2.01482717e-02
 -7.11896569e-02 -4.01103646e-02 -1.31765693e-01 -5.73418960e-02
 -1.89025782e-03  5.17406873e-02  7.84398913e-02 -3.20558026e-02
  4.63940501e-02  1.19254634e-01  1.49361566e-01 -6.97484016e-02
  1.73717707e-01 -8.44835490e-02  1.77629277e-01  1.06381178e-01
 -1.46110848e-01 -1.81397479e-02  1.22620411e-01  6.49497211e-02
  1.79561060e-02 -5.10139437e-03  1.12931862e-01 -1.10449679e-02
  2.79313698e-02  6.15578843e-03  6.40912503e-02  2.00682580e-02
  2.52248406e-01  1.23878317e-02 -3.32522281e-02  1.09453253e-01
  1.88158646e-01  1.55814007e-01 -3.55492812e-03 -5.64260362e-03
 -5.35619892e-02 -7.72341043e-02 -8.15772712e-02 -1.47257388e-01
 -1.02152176e-01  1.38707712e-01  6.33961260e-02  2.45161529e-04
 -4.92206998e-02 -2.27070060e-02 -8.74488652e-02  1.16182819e-01
  1.50007993e-01 -1.30204554e-03 -2.89868694e-02  5.89164160e-02
  2.59382557e-02 -7.10178390e-02 -6.15035444e-02  1.73351392e-02
 -1.62131697e-01 -1.68382432e-02 -9.88211483e-03 -1.96733162e-01
  6.28703907e-02  1.31934106e-01  6.99450225e-02  3.99624370e-02
 -1.03370778e-01 -4.84863184e-02 -5.65480366e-02 -1.41780406e-01
 -1.78751394e-01 -3.77511904e-02  2.24212050e-01  2.79757772e-02
  3.90502810e-02  1.00653190e-02  4.71767597e-02  4.83864062e-02
 -1.66291296e-01 -5.42308949e-02 -6.79132864e-02 -2.36419514e-02
  1.04073867e-01  3.20678577e-02 -1.14446230e-01 -6.15214370e-02
 -2.66859252e-02  4.89365980e-02  5.61101222e-03 -4.04608361e-02
  1.49235055e-01  1.27792165e-01  3.84712815e-02 -1.06859140e-01
 -1.47150820e-02  4.30389605e-02  7.51176476e-02 -1.04591571e-01
 -2.38688551e-02 -1.20284408e-02 -4.40223627e-02  1.62170269e-02
 -3.67478542e-02  1.08281806e-01  9.51653048e-02 -8.21651965e-02
  6.55112416e-02 -4.74006981e-02 -6.06322587e-02  1.05341943e-02
  7.83615187e-02 -3.12344786e-02 -4.92005199e-02 -5.00944480e-02
 -8.23768452e-02 -1.36657327e-01  7.68860355e-02  1.29481912e-01
  3.89897451e-02 -7.76694268e-02 -9.68518406e-02  8.15021470e-02
  6.48905337e-02  6.64349943e-02  6.97839782e-02  6.08402491e-03]