[-0.05254754  0.10098368 -0.01714977  0.10934586  0.00924538  0.04647086
 -0.11982623 -0.13719016  0.02811301 -0.03434587  0.05462451  0.01941884
 -0.02584237  0.05257687  0.08173976 -0.03532904  0.09473397 -0.01536012
  0.08672164  0.0503469  -0.07316139 -0.1001439   0.06949724  0.00221341
  0.12962933 -0.05997434 -0.00485895 -0.04046474 -0.07987007 -0.00045561
  0.13737893  0.10425704  0.18040572  0.03316331  0.01326145  0.131846
  0.10278235  0.01019223  0.02009385 -0.10316074  0.06093165 -0.09383689
  0.03189154 -0.15416943 -0.05694024  0.10135531  0.08300425 -0.04477964
 -0.13044998 -0.07301715 -0.11330188  0.02382661  0.17566364 -0.03349484
 -0.01224595  0.09114639 -0.06304517 -0.05040051 -0.09306823  0.00799345
 -0.13962516  0.0516635   0.00507645 -0.23784815  0.13860588  0.23168857
 -0.00377928  0.03798138 -0.16860329  0.03076793 -0.0094267  -0.06872547
 -0.14804979 -0.10361122  0.15876792  0.09364195  0.03400717 -0.05658069
 -0.04317902  0.00225675 -0.21148424  0.00348448 -0.06295803 -0.01820597
 -0.03481774  0.10609768 -0.09067797 -0.05909239 -0.08815     0.07884523
  0.04619293 -0.08200587  0.08683396  0.09641438  0.02547446 -0.00831709
 -0.05200188  0.02623227  0.03866588 -0.05591832 -0.02673809 -0.0841822
 -0.06759007 -0.02322415  0.01986111  0.17080379  0.09019212 -0.00962588
 -0.04464516 -0.03887315 -0.10763142 -0.02951421  0.05234886 -0.06600891
  0.04208949 -0.10104184 -0.15253469 -0.05135724  0.15919386  0.14283994
  0.08492853 -0.04941955 -0.06615171  0.06425638  0.130637    0.10187748
  0.12513101 -0.02243891]