[-0.08794926  0.11017267  0.03089508  0.07743198 -0.02953498  0.03327216
 -0.03434544  0.01743975  0.04331278  0.03439525  0.02298289 -0.03262169
 -0.06741266 -0.02614513  0.11756556 -0.11375048 -0.00460028 -0.04213478
  0.06641559  0.01674039 -0.13027272 -0.15805288  0.03989507 -0.0602534
  0.08930413 -0.08441447 -0.03026944 -0.03103397 -0.08598642 -0.12676968
  0.1016954   0.0317059   0.15071601  0.03419882  0.00367844  0.08963253
  0.11584274  0.02108561 -0.04223798 -0.1037486   0.13706388 -0.14403571
 -0.0066891  -0.14289416 -0.08412705  0.1035748   0.03928441 -0.05288782
 -0.14482769 -0.049334   -0.16615127  0.04017197  0.10531364 -0.01126675
  0.00563347  0.07599348 -0.06057649 -0.12732835 -0.09378958 -0.01893325
 -0.119255    0.03232905 -0.0350979  -0.18837619  0.11606929  0.26489747
  0.01202527  0.02661073 -0.10095098  0.01971219 -0.01852563 -0.04811025
 -0.09692334 -0.02107374  0.18510266  0.06798402  0.01699928 -0.00067452
  0.00875833 -0.06144665 -0.2850166  -0.02578462 -0.05717541  0.0020214
 -0.00283857  0.12126747 -0.05365792  0.01235242  0.00568655  0.07559527
  0.07797255 -0.0675007   0.09952766 -0.0072139  -0.00711922 -0.05244503
 -0.00686469 -0.01670925  0.02651166 -0.04412854 -0.04620666 -0.09087234
 -0.0369389  -0.08581097  0.04823763  0.15964441  0.09221837  0.02476962
 -0.04555419 -0.0283652  -0.08811682  0.00157909  0.05549213 -0.106415
  0.06660879 -0.14511231 -0.09256739 -0.08882476  0.21335426  0.08469539
  0.09079523 -0.04284266 -0.04721032  0.12137891  0.16105576  0.04043567
  0.14302838 -0.00201855]