[-1.49559777e-03  1.46927908e-01  7.58274272e-02 -3.98759395e-02
  2.94109788e-02  3.55278067e-02  1.24554383e-02 -2.98559130e-03
 -2.66566426e-02  2.64538843e-02  3.89095210e-02 -5.52029386e-02
  5.88688701e-02  1.53295293e-01  1.16316460e-01 -4.42758016e-03
  1.28063112e-01  4.95368987e-02 -2.16646381e-02  1.09878518e-02
  7.01538995e-02 -4.47378866e-02  3.69332545e-02  3.41279395e-02
  5.50739020e-02 -9.64482278e-02 -8.66930783e-02  4.13409658e-02
  1.12223931e-01  8.67998749e-02  1.65525209e-02  8.52232724e-02
  1.63500592e-01  6.49806634e-02  6.79785386e-03  3.77268717e-02
  8.44313055e-02  1.56119198e-01 -1.09571556e-04 -1.06528200e-01
 -3.87983993e-02 -9.18844249e-03  5.73998168e-02 -1.65654793e-01
 -2.71844734e-02  9.30049196e-02  5.00731207e-02 -4.38028052e-02
 -2.00383529e-01 -8.59694108e-02 -9.67914388e-02  8.22219253e-02
  7.53236711e-02  1.51301147e-02  3.07683945e-02  1.00197628e-01
 -1.80758230e-04  2.49958504e-02 -1.10831238e-01 -7.41465539e-02
 -1.08131848e-01  3.83733809e-02  1.15076657e-02 -1.68043822e-01
  7.20274225e-02  2.69381464e-01 -6.31392524e-02  9.04289335e-02
 -2.07691267e-01  2.52371430e-02  4.83718999e-02 -8.62226337e-02
 -1.49060875e-01 -8.38538259e-02  1.31563962e-01  1.11220822e-01
  5.52639812e-02 -8.32924247e-02  5.80692142e-02 -1.17305472e-01
 -1.52634397e-01  3.98431309e-02 -3.20091769e-02 -2.21491084e-02
  3.01314797e-02  3.22439149e-02 -7.03572184e-02 -1.34349326e-02
  4.34651934e-02  1.59117147e-01  6.47532195e-02 -1.33081272e-01
  2.28199232e-02  1.02389663e-01  5.96559532e-02 -8.34514201e-03
 -4.98098694e-02  9.96812284e-02  1.86677631e-02  4.85719368e-03
  5.43825217e-02 -3.21878237e-03 -4.04183641e-02  4.03975695e-02
 -1.18760593e-01  1.74263269e-01  5.77786891e-03 -7.50063509e-02
  1.10608555e-01 -2.03198224e-01 -3.63255739e-02  1.88345574e-02
 -5.60721532e-02 -1.89659987e-02  1.40887722e-01 -4.64988453e-03
 -1.03238069e-01 -6.35509565e-02  8.62539187e-02  1.56676129e-01
  5.38349263e-02 -5.93824610e-02 -3.90162617e-02  5.28353862e-02
  6.40954077e-02  1.29227161e-01  1.56595141e-01 -7.09313899e-02]