[-0.09853458  0.05630055  0.03662331  0.01263341 -0.03569442  0.04414793
 -0.08893444 -0.01799777  0.04479457 -0.01226309  0.0410048  -0.09828437
  0.02639306  0.11684922  0.17844692 -0.01661097  0.02263963 -0.07652578
  0.04193784  0.02090238 -0.08631629 -0.10307634  0.12462265  0.00642866
  0.09493937 -0.04584404 -0.01257452 -0.00714372  0.02962497 -0.11740363
  0.19936682  0.03123051  0.1534497   0.0005144  -0.03586522  0.14353128
  0.06643902  0.13170657 -0.03858159 -0.0505826   0.05558784 -0.05215402
 -0.03877433 -0.11278777 -0.06133623 -0.01389932  0.01944175  0.00401924
 -0.05979518 -0.07050056 -0.21760888 -0.05402512  0.16757661 -0.04542437
 -0.05666913  0.0834786  -0.05388078  0.03650573 -0.01974536 -0.08597291
 -0.21820278  0.07624306  0.01921815 -0.15143599  0.05305409  0.37960267
  0.03703377  0.04747587 -0.12202375 -0.04275331 -0.04226109 -0.03776513
 -0.07853086 -0.01706135  0.21856995 -0.02280022 -0.00915843 -0.11687897
  0.02076896  0.0025894  -0.10597465 -0.0558171  -0.06133748 -0.08315712
  0.01473837  0.06091591 -0.06951789  0.01429524 -0.02730682  0.02938148
  0.10723528 -0.02815342  0.10055937  0.03873767  0.05525346 -0.00802455
 -0.09146597  0.08921762  0.014468   -0.00764481 -0.06714887 -0.14844121
 -0.02522532 -0.06526011 -0.04967277  0.1933035   0.05335847 -0.08723177
  0.10410857 -0.11194294 -0.05027765  0.09760768  0.05866663 -0.04754309
  0.05993642 -0.05453661 -0.10291371  0.00891063  0.13496798  0.10132416
  0.06409346 -0.10355495 -0.06688971  0.0736021  -0.00232838  0.07880766
  0.04832848  0.03599355]