[ 8.39092117e-03  9.85914096e-02  4.62360680e-02 -4.10630554e-02
  5.46579212e-02  5.67485802e-02  3.08980253e-02 -9.76405063e-05
 -1.29890725e-01  1.55585483e-01  5.74306510e-02 -5.60018010e-02
  9.77241099e-02  1.69094011e-01  2.00333968e-01  2.54766047e-02
  1.29984960e-01  7.58600608e-02  6.04716092e-02  1.93252154e-02
  2.78027728e-02 -2.51710764e-03 -5.25803380e-02  9.02377826e-04
  3.74912247e-02 -8.17483850e-03 -1.16534263e-01  2.55740024e-02
  1.23556770e-01  1.23106271e-01 -5.40418178e-02  1.64780617e-01
  9.11690742e-02  5.08670658e-02  2.76491512e-02  1.04443118e-01
  6.93839639e-02  1.80860516e-02  2.53393184e-02 -1.34703591e-01
 -2.69040447e-02 -5.74875176e-02  7.23057836e-02 -1.23404726e-01
 -2.45406367e-02  1.35209858e-01  7.76033998e-02  2.46430486e-02
 -2.10927248e-01 -1.78637266e-01 -3.02685518e-02  3.99552435e-02
  2.73927916e-02 -2.69035678e-02  6.02281950e-02  1.22545429e-01
 -8.92469212e-02  1.34278517e-02 -6.09360486e-02  6.44510007e-03
 -6.61233589e-02  1.89387091e-02 -5.99534065e-03 -1.30787000e-01
  1.01964898e-01  2.71337956e-01 -6.59641549e-02  7.94600248e-02
 -1.33396015e-01 -1.33121656e-02  1.71733089e-02 -2.98528951e-02
 -1.03676416e-01 -1.27038747e-01  5.85933775e-02  8.98410082e-02
  6.59527481e-02 -1.86960176e-02  6.81143999e-02 -1.52609706e-01
 -2.17098016e-02  4.84302491e-02 -8.59907717e-02 -4.60800827e-02
  1.13317491e-02  1.09246606e-02 -4.29069847e-02 -3.20079103e-02
  5.13196588e-02  2.12045863e-01  7.45438635e-02 -4.19293642e-02
 -3.81655991e-02  1.36438325e-01 -2.57389452e-02  5.01595028e-02
 -2.08704732e-02  3.25494222e-02  5.99449426e-02 -4.56506340e-03
  8.39108750e-02  2.74070110e-02 -7.33838836e-03 -8.25599879e-02
 -1.48596272e-01  1.93601191e-01 -1.92094520e-02 -9.34407040e-02
  8.75749215e-02 -1.04763307e-01 -1.07892239e-02 -1.08123645e-02
 -6.05687089e-02 -9.51218978e-02  1.31707892e-01 -4.84390557e-02
 -7.27155283e-02 -8.82068500e-02  2.44168122e-03  6.12705909e-02
  7.18561485e-02 -1.27510101e-01  4.55759056e-02  8.24820548e-02
  5.37014455e-02  1.43910989e-01  1.33098155e-01 -1.02053471e-01]