[ 0.07225501  0.21909572  0.01664601  0.03597001 -0.06512889  0.11608554
  0.03372284 -0.16251321  0.02130911 -0.01247516  0.15042967 -0.0540255
 -0.04377974  0.0113056   0.03139494 -0.09790516 -0.05228478  0.0165479
 -0.01853586 -0.17114531 -0.00182558  0.12034924 -0.17631423 -0.05119889
  0.09294894 -0.06516694 -0.00851568  0.07287134  0.01023098  0.16920282
 -0.03920151 -0.0308766  -0.07913592 -0.00759082  0.06814125  0.01067513
 -0.01993228 -0.15670992  0.11269267  0.08801761 -0.00747249 -0.05543259
 -0.04355543  0.03563782  0.04563899  0.12860772 -0.01097041 -0.02450927
 -0.11418205 -0.14066778  0.09214831  0.24129221 -0.03459339 -0.00939733
 -0.06962316  0.04341901 -0.12461603  0.00670258 -0.07501221  0.07737538
  0.00956678 -0.05232455  0.06638605 -0.0089758  -0.02759992 -0.02499343
  0.10969528  0.0366987   0.00527705  0.12001206  0.1222989  -0.01662375
  0.0055235  -0.12044188  0.00382731  0.03176491 -0.08047695 -0.06488657
 -0.12293363  0.07480349  0.05062072  0.05739207  0.02954915  0.00583307
 -0.06153766  0.06151634  0.00995642 -0.21509309 -0.11160778  0.09768499
 -0.04342919 -0.15133162 -0.01685594  0.04193112 -0.13438261 -0.10137988
 -0.00292459 -0.19027741  0.13776466  0.00911048  0.02544368  0.17210023
  0.02219409 -0.01127824 -0.06717126  0.04406676  0.02992699  0.11932944
 -0.11079892  0.02043592  0.12467956 -0.13116552 -0.13629574 -0.00411475
 -0.00091459 -0.00259503 -0.13198134  0.0273425   0.0688323  -0.05856548
  0.05772526 -0.07184666 -0.0191734   0.05188727  0.23278326  0.02240855
  0.11413889  0.00234414]