[ 0.03092036  0.19324645  0.03454025  0.03898762 -0.04760478  0.13245632
 -0.01505468 -0.17465055  0.01902496 -0.06102365  0.12399513 -0.01436983
 -0.05085927 -0.01369596  0.00708405 -0.05930299 -0.08494321 -0.00990799
 -0.00434974 -0.16582608  0.03291187  0.12292874 -0.16469873 -0.00481521
  0.12535748 -0.03045071  0.0288126   0.0321514   0.00586395  0.17044359
  0.00999239 -0.06591058 -0.05552022 -0.01956878  0.0674454   0.02673974
 -0.02459152 -0.18681891  0.11512701  0.08818317  0.03389991 -0.06822281
  0.00813603  0.06349964  0.03961042  0.1083367   0.03964022 -0.06342921
 -0.11292302 -0.16087231  0.08517475  0.1734032   0.02308269 -0.01179608
 -0.03367605  0.07305364 -0.11275832  0.04354234 -0.06363933  0.05024265
 -0.01919673 -0.04830959  0.07236786 -0.00040962 -0.00166889 -0.03544597
  0.09510472  0.00286883 -0.00248392  0.09639346  0.10564627 -0.01079211
 -0.01511746 -0.17645723  0.0651408   0.07777289 -0.11144929 -0.03476219
 -0.13441215  0.13372423  0.05718985  0.06531338  0.08690052  0.05938175
 -0.08991048  0.08577662  0.03880546 -0.18719377 -0.1701805   0.07982723
 -0.06672285 -0.14607668 -0.0320267   0.06185488 -0.15899874 -0.07623305
 -0.02215248 -0.13735431  0.13658735 -0.0041994   0.00742916  0.14170612
  0.01274907  0.00271843 -0.06354479  0.04164404  0.02595254  0.13134643
 -0.1473856  -0.00394919  0.10282541 -0.14350544 -0.13183871 -0.01593842
 -0.00955839  0.03560517 -0.17896508  0.04233485  0.03244026 -0.01912268
  0.07617702 -0.0807929  -0.04658259 -0.01585697  0.18703103  0.09097724
  0.08554103  0.0405519 ]