[ 0.14210947  0.07622147 -0.0800389   0.02509215  0.06509256  0.14660098
  0.04647947 -0.22794759 -0.02017986 -0.0632842   0.12964031  0.04318831
 -0.03986451  0.09147627 -0.00285222 -0.04284661  0.00165861  0.08821074
  0.04515054 -0.13103336  0.03347106  0.17229262 -0.12998369 -0.0201679
  0.09564471 -0.01875773  0.02988453  0.02382308 -0.02051064  0.23849437
 -0.07154514  0.01858741 -0.06516765 -0.03175117  0.10610154  0.02782809
 -0.03051262 -0.21029198  0.1686063   0.01987852 -0.01494769  0.02940076
  0.02743246  0.0377212  -0.03285231  0.10028531  0.00203792 -0.02989605
 -0.07179148 -0.12151594  0.07697245  0.12495225  0.03836548  0.00712283
 -0.0216317   0.05156941 -0.0788102   0.12910165 -0.12015287  0.13218309
  0.00692647 -0.01077219  0.15988214 -0.05717057  0.00673756 -0.01380739
  0.01344782  0.05880949 -0.02319497  0.10974479  0.13038062  0.02180004
 -0.01317582 -0.17213888 -0.05812312  0.07685893 -0.04359388 -0.12909143
 -0.14048921  0.00525807  0.11773527  0.12865609  0.02872248 -0.00648036
 -0.08122659  0.04258353  0.00124176 -0.18383478 -0.13882212  0.1090766
  0.0177817  -0.13083483 -0.08414755  0.09417587 -0.0561969  -0.03315521
 -0.04074202 -0.11387523  0.13721283  0.02629341  0.05502386  0.12297566
  0.03845761 -0.0323006  -0.10305034  0.06810191  0.0206717   0.02950252
 -0.15826452  0.03831461  0.14931828 -0.15037157 -0.03613854  0.00064137
  0.00934517  0.03306181 -0.10772316  0.05587065  0.00852367 -0.02135324
  0.07895729 -0.12027003  0.03084538 -0.03188151  0.12155996  0.08934492
  0.08550548 -0.00455769]