[ 3.64843979e-02  1.89602166e-01 -7.80661255e-02 -3.13019119e-02
 -8.04769546e-02  8.00956786e-02 -9.05084424e-03 -1.91050529e-01
  1.83376539e-02 -3.21808942e-02  1.27726957e-01 -3.63385938e-02
 -1.55569389e-02  3.98241058e-02 -1.37543222e-02 -6.95199072e-02
 -8.62021744e-02 -3.32584642e-02  2.65778620e-02 -1.18968435e-01
 -3.53581682e-02  1.13716818e-01 -1.56765521e-01 -5.28705865e-02
  2.63495017e-02  1.87160354e-02  5.99687696e-02  3.32704410e-02
  3.83638777e-02  1.89072371e-01 -5.64268529e-02 -2.24433169e-02
 -5.43787796e-03 -6.15848303e-02  4.92716245e-02  4.20221314e-02
 -6.03339495e-03 -1.17115788e-01  1.18854031e-01  8.94626081e-02
 -3.43823023e-02 -8.75133798e-02 -3.86271253e-02  7.17852935e-02
  4.07804847e-02  1.83375329e-01  3.38927358e-02 -1.80125535e-02
 -1.58137038e-01 -1.64584205e-01 -1.18582817e-02  1.85278729e-01
  5.18287383e-02 -8.59640818e-03 -6.32900372e-02  7.19746798e-02
 -1.17055207e-01  7.46543631e-02 -1.07474178e-01  8.96766782e-02
 -2.66285203e-02 -1.21558895e-02  1.60342693e-01  2.66123936e-02
 -2.76023541e-02  6.38122857e-03  7.74591565e-02  2.31053233e-02
  1.03557967e-02  1.44607853e-02  8.05930346e-02 -1.07265361e-01
 -3.58819179e-02 -1.37238279e-01  8.17264840e-02  6.04296103e-02
 -8.68247449e-02 -8.92066956e-02 -1.15067594e-01  7.27635697e-02
  8.11405852e-02  3.76233645e-02 -2.96684187e-02  1.15243383e-02
 -9.10690278e-02  1.09656461e-01 -1.68251097e-02 -2.24329963e-01
 -1.31078556e-01  1.05806395e-01 -1.23572332e-04 -1.58915967e-01
 -2.72212196e-02  8.65521431e-02 -9.37231258e-02 -5.04414178e-02
 -3.10694482e-02 -1.36094466e-01  1.81767628e-01  1.02627347e-03
  2.21337341e-02  1.14802063e-01 -4.92311141e-04 -2.35656984e-02
 -1.10589541e-01  8.09634253e-02  2.12819129e-02  1.24247484e-01
 -1.38944566e-01 -1.39353126e-02  1.48277268e-01 -1.28294304e-01
 -9.85014513e-02 -3.55596133e-02 -4.33118902e-02  3.94107215e-02
 -1.57473832e-01  1.65200569e-02  9.58807617e-02 -4.12796699e-02
  6.35020882e-02 -1.44876555e-01 -2.59145051e-02  9.54926293e-03
  1.48112014e-01  7.37774298e-02  4.12029065e-02 -6.57906057e-03]