[ 0.06660133  0.17052849 -0.12124364 -0.04549353 -0.03292651  0.11387434
 -0.02739683 -0.17728293  0.04015087 -0.0022337   0.14854835 -0.04880572
 -0.03063529  0.04612024  0.00194951  0.00492775 -0.04260529  0.025486
  0.02655268 -0.18709639  0.0077872   0.15887372 -0.11930594 -0.11357325
  0.05973378  0.00550006  0.09104608  0.0366534   0.02783788  0.19107433
 -0.03448283  0.02231757 -0.01051816 -0.04135855  0.06229473  0.03826081
 -0.00234677 -0.16879031  0.18075885  0.10583081 -0.06030202 -0.05777709
 -0.02176254  0.06295782  0.05916574  0.13268191 -0.00656837 -0.00818689
 -0.10782997 -0.15912147  0.04553662  0.20846614  0.00879972 -0.00704193
 -0.1225426   0.06835293 -0.05533285  0.03080033 -0.1233269   0.12461807
 -0.01792098 -0.06491917  0.14986885 -0.00429604 -0.02289116 -0.03655229
  0.03143216  0.08699541  0.04109503  0.09985095  0.08415743 -0.04973396
 -0.06210405 -0.17575055 -0.00053889  0.03343981 -0.06425186 -0.0832097
 -0.19230174  0.02828163  0.10037448  0.07194216  0.00333587  0.02713575
 -0.11598953  0.11009268 -0.01691979 -0.22229263 -0.11760148  0.08470114
 -0.03080071 -0.13777687 -0.10057379  0.09283017 -0.03033402 -0.01194204
 -0.05292502 -0.11051931  0.12901296  0.0336878   0.04248702  0.08501313
 -0.00427733 -0.00701665 -0.0401641   0.03936864  0.00560918  0.07531004
 -0.12864885 -0.00576197  0.0881218  -0.14135589 -0.07443285 -0.00938509
  0.01952652  0.02064919 -0.11356731  0.03547804  0.10342965 -0.03228321
  0.10730109 -0.11856252  0.04200145  0.01520332  0.16251478  0.02329842
  0.06709698  0.0226999 ]