[ 0.04844263  0.17962858  0.00608368 -0.00592156 -0.10930471  0.08313288
 -0.09417392 -0.07728733  0.11090867 -0.06221264  0.18192708 -0.11359954
 -0.07074974  0.00123705  0.02897958 -0.11342665 -0.0655873  -0.020345
  0.04146458 -0.07341161 -0.01014153  0.16224504 -0.06337433 -0.04524083
  0.01579602 -0.06151748  0.11051302  0.02515324  0.01975379  0.06764958
  0.00467222 -0.219207    0.03654572 -0.06343318  0.0919169   0.10135066
  0.04331326 -0.0712181   0.02654933  0.12566869 -0.08505803 -0.01587117
 -0.16920063  0.07413235 -0.00528157  0.12330739 -0.00966697 -0.01606473
 -0.04099995 -0.0189252  -0.02778642  0.28249133 -0.03005631  0.04066328
 -0.08287187  0.00070939 -0.03959111 -0.09984311 -0.09619552  0.0210696
 -0.04225398 -0.08965006  0.10817359 -0.00348808 -0.04400954 -0.1553508
  0.17964071  0.02598202  0.10680399  0.16286123  0.1310121  -0.05737803
  0.00566184 -0.1235454   0.04231832 -0.02642273 -0.14402738  0.056464
 -0.09919676  0.07724826  0.02973142  0.08268864 -0.01030482  0.02863084
  0.02802216  0.09635053 -0.0420986  -0.12214913 -0.07410352  0.07319731
  0.00707779 -0.11888386 -0.01724285  0.04029864 -0.06187845 -0.19366768
 -0.02424326 -0.13318169  0.0914766  -0.01297579  0.00984477  0.14454588
 -0.00079036 -0.12979929 -0.01971664  0.0563419   0.10473407 -0.00210975
 -0.0442763   0.0490845   0.08245587 -0.11574747 -0.04513921  0.00972028
 -0.02680274  0.03590879 -0.08534239 -0.06023825  0.04707886 -0.07586486
  0.01534363 -0.0559392  -0.00862762  0.08108475  0.20495455 -0.00149444
  0.18003042  0.08413872]