[ 0.0379098   0.15644735 -0.01421772  0.03871759 -0.02456436  0.16032556
 -0.05023919 -0.18739852  0.02775466 -0.04547803  0.15050784  0.00112287
 -0.05718898 -0.03328196 -0.02154889  0.00127003 -0.08792053  0.06127718
  0.00812451 -0.17266338  0.0781704   0.15113123 -0.1074374  -0.00400524
  0.10663415 -0.01331073  0.07347173 -0.03092355 -0.00661501  0.17931679
  0.00802357 -0.06595623 -0.04834927 -0.02518828  0.09617953  0.04972484
 -0.0455697  -0.21253209  0.11061886  0.11105624 -0.01276957 -0.04240528
 -0.01349669  0.12583339  0.01633503  0.07663268  0.06273186 -0.05662314
 -0.08839556 -0.13093531  0.13397048  0.15036131 -0.01755964 -0.01716073
 -0.04662695  0.08060957 -0.05548786  0.03187285 -0.04770605  0.07274492
 -0.01086183 -0.09068225  0.11560778 -0.00865371  0.04437878 -0.15184322
  0.0578748   0.01060221  0.03547311  0.19329134  0.0924013   0.02628838
 -0.01400537 -0.20759708 -0.0166376   0.03162053 -0.12275152  0.02074427
 -0.19132777  0.09489046  0.08165741  0.10268365  0.06035091  0.05198733
 -0.12594318  0.07500195  0.03936367 -0.18547533 -0.17491576  0.06772616
 -0.07980572 -0.11425082 -0.10234314  0.03791989 -0.09514568 -0.03914881
 -0.04942609 -0.0898831   0.11665794  0.02419236  0.01870429  0.12813587
  0.00736372 -0.01902298 -0.00022498 -0.00107735  0.0150874   0.07667485
 -0.14482448  0.02133     0.05989844 -0.1299738  -0.08261093 -0.02511547
  0.01381616  0.04928885 -0.12723786  0.01127435  0.0172115  -0.00959951
  0.08913185 -0.06679235 -0.00526099 -0.02004748  0.16046841  0.07662943
  0.09511874  0.07342765]