[ 0.01870683  0.07495886 -0.14007068  0.04723925 -0.16264053  0.05548247
  0.07267375 -0.01293113 -0.01514805  0.00109525  0.06237276 -0.09714162
 -0.00476531  0.08694106 -0.01822163 -0.12097429 -0.06941592  0.00951362
  0.15552887 -0.13544405 -0.0211686  -0.05302379 -0.06286093 -0.21699126
 -0.00953677  0.0146975  -0.08087146 -0.09863086 -0.00791134  0.10193956
 -0.05524976  0.09120125  0.03882203 -0.13723598  0.05125901 -0.02406505
 -0.026897    0.04549063  0.05136905 -0.01197011 -0.0449446  -0.02764104
 -0.12124536  0.04248198 -0.05542374  0.06588252  0.00733823 -0.13965455
 -0.10838492 -0.19321705 -0.06236197  0.18216564  0.13386981  0.05824479
 -0.07185197  0.06662871  0.09788715 -0.03442118  0.0089438  -0.02564776
 -0.01913323 -0.01327069  0.1082893  -0.0382124   0.0301206   0.12426931
  0.12862355 -0.02751329  0.08537912 -0.01401508  0.04555833 -0.08946288
  0.00095669 -0.03041888 -0.00726402 -0.01058003 -0.09967761 -0.20242114
 -0.10931122 -0.00637247 -0.1070029  -0.02016818 -0.07533167 -0.06407962
  0.01262287  0.09472929 -0.02432085 -0.18408452  0.00642868 -0.04220163
  0.00554441 -0.06442243 -0.00263041 -0.09010142 -0.00578462 -0.09393495
  0.07236511  0.02633218  0.09250815  0.09043588  0.02325176  0.12422189
  0.12024616 -0.05681587 -0.10196929  0.06137741  0.10915199  0.07872575
 -0.03993733 -0.02305248  0.03595315 -0.1349123  -0.08025697 -0.21767469
  0.03565353  0.00471179  0.01316841 -0.1121005   0.22785605 -0.13253257
  0.03183583 -0.17369421  0.04318753 -0.03322355  0.16677307  0.0067656
  0.12755911  0.11826041]