[-9.96621922e-02  1.33032501e-01 -9.11971480e-02 -2.53119580e-02
 -6.69319853e-02  5.41372877e-03  4.04227413e-02 -1.58399232e-02
  1.01424180e-01  4.45713252e-02  2.92370394e-02 -2.48991530e-02
 -5.16088642e-02 -7.03462809e-02  4.64247838e-02 -9.87976193e-02
 -1.01776794e-01 -7.26053417e-02  8.62926021e-02 -7.69060776e-02
 -1.27310574e-01 -9.52772889e-03 -1.24275982e-01 -1.48460299e-01
 -1.11593027e-03  4.50306758e-02  4.16852999e-03 -4.31999452e-02
  8.60272124e-02  3.11275981e-02  2.72819791e-02  8.94832835e-02
  1.35912433e-01 -6.41321316e-02  3.55325453e-02 -1.11012692e-02
  1.13863178e-01 -1.56724676e-02  6.16790690e-02 -4.65747043e-02
  1.33452907e-01 -1.81612641e-01 -2.19975580e-02 -2.34414800e-03
 -3.14025432e-02  1.00064181e-01  1.38765862e-02 -4.25995477e-02
 -1.26732633e-01 -2.20008269e-01 -2.25090638e-01  8.24447200e-02
  1.66714892e-01 -2.29666475e-02 -7.30262175e-02  1.09223463e-01
 -8.51849243e-02 -5.28147444e-02 -1.76845104e-01  3.85777541e-02
 -1.19751230e-01 -3.67846861e-02  1.08373187e-01 -2.82168705e-02
  3.80733199e-02  2.32998669e-01  5.92063926e-02 -6.14010319e-02
  9.61059704e-04 -1.77501172e-01 -5.61810397e-02 -1.59341425e-01
 -8.66503268e-02 -2.14786604e-02  1.75992683e-01  4.04554233e-02
 -3.94859314e-02 -9.51331183e-02 -5.29990196e-02 -3.45314071e-02
 -8.20002854e-02  1.33777112e-02 -4.88105044e-02  4.95225452e-02
  5.34643643e-02  1.15964234e-01 -1.53192980e-02 -6.30259961e-02
 -1.36956852e-02  6.52704388e-02  9.00114402e-02 -7.00676441e-02
 -2.23549120e-02  4.65300195e-02 -2.61454098e-02 -3.23492624e-02
 -2.60165390e-02 -7.85565451e-02  1.13296919e-01  2.16075145e-02
  5.82234049e-03 -8.32293332e-02  8.51190276e-03 -8.22238848e-02
 -6.81122914e-02  1.22841433e-01  1.32803440e-01  7.36044571e-02
 -8.49908069e-02  5.47465263e-03  5.64267710e-02 -9.62408632e-02
 -4.82689328e-02 -1.47985369e-01  2.02598938e-04 -8.90184343e-02
 -1.22555584e-01 -4.64316756e-02  2.18886122e-01 -4.45819348e-02
  1.07014641e-01 -1.38982326e-01 -1.95356887e-02  2.77030207e-02
  1.04904264e-01  5.31535596e-02  1.23793818e-02 -3.83582991e-03]