[-0.04560057  0.15342519 -0.09308272  0.10002065 -0.09506105  0.09149461
  0.09490339 -0.10391422  0.01787632 -0.01614816  0.04648401 -0.04572111
 -0.06575634 -0.02996453 -0.03029911 -0.05914884 -0.14917348 -0.01673955
  0.09543434 -0.09945843 -0.00672563 -0.09272068 -0.1102565  -0.09503601
  0.04644531  0.00413086 -0.11568975 -0.12207465  0.06575495  0.11803094
 -0.00200809  0.13471034  0.00427821 -0.09499241  0.056292    0.02336011
 -0.03934662 -0.03557251 -0.00405884 -0.06177556  0.05723294 -0.12104903
 -0.01601571  0.06952081 -0.01945721  0.10984939  0.11486819 -0.09741475
 -0.19159263 -0.20401892 -0.09694811  0.10276967  0.12997122 -0.03206359
  0.03558805  0.12306094 -0.04806434  0.05386368 -0.02437885 -0.01316405
 -0.06852265  0.02460657  0.17388943 -0.0742539   0.11890808  0.18334964
  0.06836542 -0.13117045 -0.02858912  0.01309674 -0.0152855  -0.03533078
 -0.02395192  0.01443539  0.06862878 -0.00367444 -0.03880074 -0.0960229
 -0.11320006 -0.03576754 -0.05794682  0.02502333 -0.11528238 -0.07367267
 -0.04030622  0.09770702 -0.04265167 -0.15880305 -0.05727289  0.05388156
  0.09230777 -0.06871579 -0.06931959 -0.09066336  0.00344975  0.00462512
  0.0492286   0.00869919  0.15808077  0.07763002  0.00391025  0.03280443
  0.06722965 -0.08423185 -0.14116083  0.13934468  0.09181615  0.12064179
 -0.06333578 -0.01012126  0.05514111 -0.05425217 -0.07673648 -0.24764287
  0.07761323 -0.02159542 -0.02917495 -0.0764032   0.23205382 -0.03024626
  0.06845672 -0.13983132  0.04636694  0.00272256  0.08404963  0.11670123
  0.10398845  0.03272067]