[ 0.02186953 -0.0348098   0.09974729 -0.05344383  0.00281813 -0.03687236
  0.0221314   0.07430311  0.04544829 -0.07734816  0.05869177  0.04650065
  0.0155421   0.01385399  0.10579499 -0.09633835  0.00213083 -0.14935172
  0.03038745  0.11874478  0.03822524  0.01112075 -0.0574569   0.06562008
  0.0298687   0.13817731  0.05929694 -0.03717437  0.03085647 -0.01871084
  0.03488807 -0.064875    0.12423813  0.12459832  0.02555609  0.03120625
  0.16559637  0.2193667   0.02991197 -0.11805581  0.08882404 -0.0556962
  0.04657352  0.0076287  -0.05766654 -0.02261055  0.04909126 -0.04464563
 -0.03855837 -0.00982514 -0.16444069 -0.0547525   0.01518273  0.09173292
  0.22157927  0.01017285 -0.18284683  0.06065598 -0.19202965 -0.12198644
 -0.08251342 -0.17506585  0.09387897 -0.05108856  0.05096436  0.12468433
  0.02360724  0.02796684  0.00165072 -0.07602467 -0.03553054 -0.06970377
 -0.1039554  -0.00166767  0.15280198 -0.04893653  0.03140951  0.05686866
  0.12466681  0.07161125 -0.10364451  0.03859025  0.05964755 -0.04489201
  0.09316283 -0.15903199  0.08327013  0.15489882  0.13631177  0.08617842
  0.12503876 -0.11575703  0.01931956  0.06910358 -0.06686424 -0.07838761
  0.01994245 -0.05306982  0.05569174 -0.09390066 -0.09860083 -0.02277496
 -0.05745407 -0.03142313 -0.11268169  0.10597395 -0.00445735 -0.0301837
  0.04602157 -0.14153495  0.03625028  0.0741916  -0.16204146  0.03614767
  0.13181347 -0.02964142 -0.02250938 -0.19257492 -0.01142538  0.0658173
  0.07975773  0.10224568  0.02997733  0.12132316  0.04877514  0.00275845
  0.2017995  -0.02335472]