[-2.24766508e-02  3.65778245e-02 -9.80572775e-02 -7.53305107e-02
  2.81087384e-02  1.02887362e-01 -1.34555856e-02 -7.87152851e-04
 -6.79627731e-02  3.15331966e-02  9.78369564e-02  8.09651390e-02
  2.88885888e-02  9.65023488e-02  5.42735271e-02  2.07662210e-02
 -2.95466203e-02 -2.20764820e-02  7.98976421e-02 -4.44157980e-02
 -1.14811547e-02  5.84678017e-02  5.57814389e-02  1.04140475e-01
  3.26303281e-02  1.19560957e-01  2.03257591e-01 -5.21640405e-02
  7.56556392e-02  3.98845151e-02  3.42151173e-03 -3.60234901e-02
  5.22813387e-02  1.44538013e-02 -1.10128127e-01  8.15935731e-02
 -9.53173265e-03  2.48058643e-02 -2.94143390e-02  1.49014354e-01
  6.79378957e-02  9.19619109e-03  2.68218517e-02  1.75921381e-01
 -1.89604968e-01 -5.54131940e-02  1.50928408e-01 -8.09461474e-02
 -4.26252671e-02 -4.32850309e-02  4.79945019e-02 -4.81941812e-02
 -1.12370059e-01  3.13677937e-02  1.02869675e-01  1.42185584e-01
 -2.79104207e-02  2.48578236e-01  3.32486592e-02  3.20134824e-03
 -1.91047341e-01 -1.25548154e-01  2.03568310e-01 -7.86035210e-02
  9.56450701e-02  1.49254026e-02 -4.62919474e-03 -1.38763310e-02
  2.21375469e-02  1.58202142e-01 -2.36362088e-02  1.11689456e-01
 -2.13874411e-02  1.99062508e-02  1.65376201e-01 -3.10375597e-02
 -4.50055934e-02  1.06472068e-01 -1.07905395e-01 -9.30232406e-02
  3.12910634e-05  6.70776740e-02  7.58815110e-02 -2.68510617e-02
 -1.10006444e-01 -1.28255859e-02  1.14649706e-01 -1.33182751e-02
 -2.46880986e-02 -2.18457617e-02  6.25316333e-03 -9.50551629e-02
 -9.92339924e-02 -9.26437974e-02  1.18059218e-01 -1.39330849e-02
 -4.04758677e-02  1.01074867e-01  1.14222609e-01  9.64755844e-03
 -1.71601608e-01 -6.97001209e-03  9.15042758e-02  6.61343858e-02
 -1.55124247e-01  6.86149821e-02 -1.50954351e-01 -1.85027439e-02
 -3.90592180e-02 -1.87069535e-01  5.15042432e-02  1.17388822e-01
  2.57741194e-02 -1.75102483e-02  5.10179847e-02 -2.49762088e-03
  7.73256421e-02 -1.43381178e-01  7.05296323e-02  1.05078056e-01
  1.55003980e-01 -7.60916546e-02  1.07488288e-02  7.87714310e-03
 -1.10579118e-01  8.33517835e-02 -1.40610989e-02  1.28230274e-01]