[-5.33511043e-02 -5.93193173e-02  1.31249204e-01 -5.86048812e-02
 -4.78511723e-03 -1.74002871e-02  1.62135973e-03  9.64541361e-02
  5.71874902e-02 -9.49960351e-02  4.91177849e-02 -8.03808719e-02
  1.81174390e-02  1.18649133e-01  1.18934125e-01 -5.65780662e-02
 -1.35300949e-03 -2.53284839e-03  3.02583016e-02  1.52968522e-03
  1.21783301e-01 -1.02199223e-02  8.70583113e-03  5.37702926e-02
  6.61311895e-02  3.55232619e-02 -6.05494110e-03 -3.35946772e-03
  1.23638660e-01 -5.86547181e-02  1.18942544e-01 -1.47021338e-01
  1.28111377e-01 -7.41358055e-03  7.95277581e-02  2.90724002e-02
  4.65043373e-02  1.77030131e-01 -3.71854752e-02 -1.43196121e-01
  4.95709330e-02  8.88239965e-02  3.21197696e-02  8.58992636e-02
 -6.96946979e-02 -1.73321292e-01  2.24416563e-03 -5.30884676e-02
  8.53791088e-03 -9.87444222e-02 -2.42790878e-01 -1.56998649e-01
  8.58879313e-02  3.72184329e-02  6.74941614e-02  6.82926551e-02
 -1.02063999e-01  1.31291136e-01 -7.77759030e-02 -2.06142530e-01
 -1.16921164e-01 -5.67832626e-02  9.39197913e-02  2.10587513e-02
  3.21708247e-02  2.74282217e-01  2.14553922e-02 -5.98944910e-02
 -7.21640745e-03 -8.52423087e-02 -1.67677004e-04 -6.27369657e-02
  1.29985986e-02 -7.00285509e-02  8.98399875e-02 -1.09511197e-01
 -4.14414555e-02 -7.15696588e-02  9.83138606e-02 -4.66943793e-02
 -3.95917408e-02  5.32987900e-02  2.18565017e-02 -8.18810388e-02
  1.11439563e-01 -1.03822500e-01  2.07539555e-02  1.31581575e-01
  9.20950621e-02  3.32632884e-02  1.67569429e-01 -5.15509844e-02
 -1.68405902e-02 -4.97314185e-02  6.39517307e-02 -6.31147996e-02
 -9.60827693e-02  1.20267689e-01 -4.52086441e-02  3.38137485e-02
 -6.56818673e-02 -5.86588569e-02  6.64844066e-02 -1.41903862e-01
 -1.15823977e-01  1.52348414e-01  8.48852172e-02 -1.50388330e-01
  1.55990720e-01 -1.72962457e-01  3.91698889e-02  3.51080708e-02
 -7.61680380e-02  1.27628511e-02  1.33638039e-01  7.71355489e-03
  1.61793996e-02 -8.52570534e-02  1.42857002e-03 -2.95595769e-02
  2.73590740e-02 -2.91332603e-02 -3.97386067e-02  1.54495817e-02
 -6.33659065e-02  4.86652218e-02  1.20974064e-01  6.07995018e-02]