[-9.18543562e-02  2.37474274e-02  6.22593351e-02 -1.52453810e-01
 -7.95535445e-02 -1.91970617e-02 -3.57172079e-02  1.53593898e-01
 -3.77882197e-02  1.16595775e-01  4.11513597e-02 -2.05449201e-02
  5.60886748e-02  9.92381871e-02  1.13987915e-01 -1.75708737e-02
  3.25616635e-02 -1.69436913e-02  9.44518596e-02 -1.49956578e-02
 -1.40815871e-02  1.12905037e-02 -1.86414141e-02  1.11372240e-01
 -6.23841621e-02  1.89867556e-01  1.41755074e-01 -2.51742378e-02
  1.06379084e-01 -7.15231299e-02 -1.37090907e-02 -8.17982182e-02
  1.05515800e-01  4.87938151e-02 -3.29589173e-02  4.86063361e-02
  1.44347474e-01  2.22774312e-01 -4.41546878e-03  4.60298695e-02
 -5.78279886e-03  1.18764089e-02  2.01798435e-02  3.31026539e-02
 -3.86742577e-02 -9.07954201e-02  1.16978988e-01 -7.17134103e-02
 -8.78345519e-02 -7.16982111e-02 -5.66579103e-02 -1.14297599e-01
 -7.84314871e-02  9.80266929e-02  1.20118245e-01  1.34524450e-01
 -2.80673131e-02  1.21574596e-01 -2.52571329e-02 -1.46302506e-01
 -8.00774395e-02 -1.28355876e-01  8.71878266e-02 -6.47651330e-02
  6.32215664e-02  1.27299771e-01  3.39185819e-02 -5.93660492e-03
  6.24559298e-02  1.46027440e-02 -7.18983486e-02 -2.98869386e-02
 -4.89843786e-02  5.98973408e-02  1.69413924e-01 -1.02734827e-01
 -2.27682237e-02  1.62699908e-01  9.30140913e-02 -2.00817794e-01
 -9.53490213e-02  1.11976385e-01  2.36349683e-02 -7.19446316e-02
  3.17538274e-03 -9.21359137e-02  8.56876075e-02  1.01588361e-01
  1.67169407e-01  1.10305641e-02  4.05981392e-02 -7.29752928e-02
  5.95229827e-02 -5.25321551e-02  1.19482934e-01  1.90768635e-03
 -4.49493993e-03  8.10693800e-02  3.80915068e-02  2.46699303e-02
 -1.49502724e-01 -4.57624793e-02 -2.31913719e-02  1.54513074e-02
 -8.16349685e-02  6.75918162e-02 -8.97891223e-02 -1.83377013e-01
  6.27951929e-03 -2.02795416e-01 -2.14712843e-02  1.16113402e-01
  4.55865450e-03 -1.90573893e-02  1.09321401e-01 -3.69552374e-02
  5.73969409e-02 -2.53168553e-01  6.01210981e-04 -5.49456552e-02
  1.05381250e-01 -1.34208810e-03  5.52180558e-02  4.04143073e-02
 -7.93075189e-02  3.84707600e-02  1.58738811e-04  1.76709034e-02]