[-0.1175903   0.06775878 -0.03317694 -0.13645829 -0.00827224  0.01367151
 -0.07015261 -0.03224583 -0.01271307 -0.02034006  0.00528967 -0.08847506
  0.11822948  0.14200071  0.04102589  0.10205134 -0.02008849 -0.0383155
  0.02347457 -0.06573398  0.14232597 -0.04151547  0.05708246  0.0271989
  0.0651965   0.11312109  0.02630897 -0.0701355   0.19174036  0.05145381
  0.12919387  0.00525909  0.06646345 -0.06137667 -0.009251    0.01880471
  0.01896221  0.20117734  0.07667485  0.01531148 -0.03013132  0.05196453
  0.05445969  0.08953717  0.01787017 -0.09151296  0.1252993  -0.03397866
 -0.05753702 -0.19589449 -0.15555765 -0.14183217  0.08539815 -0.00371266
 -0.0280866   0.10841808  0.03513853  0.21179137  0.02005626 -0.20840813
 -0.09496551 -0.01773496  0.13506043  0.01569893  0.01893706  0.21912208
  0.01851346  0.03741382  0.06035017 -0.1206198  -0.0534177   0.00126897
 -0.05572383 -0.07236165  0.15093377 -0.06855464 -0.09503955 -0.04036267
  0.00230406  0.00321764  0.03059012  0.08787677  0.00837645 -0.03405396
 -0.03344191 -0.01836254  0.02974822  0.04077718  0.02207968 -0.10399833
  0.04043589 -0.02558471 -0.00627573 -0.0341441   0.0839152  -0.00298226
 -0.10295807  0.23380616  0.00539249  0.04189798 -0.08976638 -0.12793285
  0.03692646  0.08660109 -0.16519421  0.08826336 -0.07462126 -0.02645848
  0.11044909 -0.18863831  0.01541327  0.06331578 -0.108871    0.00335251
  0.05377951  0.08167326 -0.12680683 -0.05404429 -0.0208772  -0.01057664
  0.03184762 -0.00980404 -0.04027955 -0.0451858  -0.21599466  0.07820886
 -0.14439173  0.06057461]