[-0.04763727  0.03737572  0.0874137  -0.15886213  0.01597257  0.01097092
 -0.0343131   0.03576655 -0.12329688 -0.02766562  0.01962523 -0.07144251
  0.05910271  0.15538278  0.17468782  0.03269299 -0.00182598 -0.10841923
  0.06587003 -0.0391842   0.05042663  0.06924374 -0.07337138  0.04437878
  0.07653487  0.17989667  0.04733809  0.02448196  0.15483779 -0.02320261
  0.06899566 -0.07536428 -0.02098236  0.01531442 -0.00480035  0.09126814
  0.05315661  0.09121983  0.0911731   0.01857569  0.05208383  0.05552698
  0.11330998  0.09832121  0.01351931  0.00072941  0.13699952 -0.03825973
 -0.107068   -0.16464284 -0.13638875 -0.16191316 -0.03446282  0.02766612
  0.07847814  0.08895998 -0.16130422  0.25296962 -0.00906052 -0.12400277
 -0.06656626 -0.03543311  0.09394141  0.0313831   0.01544376  0.22092295
  0.04082449  0.02008079  0.09137122 -0.0862265  -0.0070358   0.04039613
  0.00596709 -0.02645508  0.16472095 -0.088096   -0.07293797  0.03959404
  0.06799453 -0.03856117  0.08680297  0.11036176  0.03199676 -0.07853854
 -0.04053798 -0.07924322  0.08764317  0.05958972  0.03074482  0.00403399
  0.11840151 -0.02801331 -0.03265754 -0.01897727  0.03435292  0.01895788
 -0.02480653  0.08363465  0.0264007  -0.00153491 -0.2190572  -0.05525579
  0.03769823 -0.00608324 -0.23965874  0.14651032 -0.11055541 -0.03219179
  0.05208754 -0.18278107  0.11355092  0.05259591 -0.14484653  0.0246514
  0.07852545 -0.005547   -0.06008769 -0.13310844 -0.07086346 -0.06958336
  0.07010646  0.01825137  0.02719358  0.04697225 -0.13285808  0.03237602
 -0.03228867 -0.00356194]