[ 0.01165604  0.15605184 -0.07371829 -0.0618321  -0.00160209 -0.00950868
  0.01400524 -0.08716966 -0.01396457 -0.00186053  0.13174625 -0.04855689
  0.08867856  0.2290996   0.14788707 -0.06061549  0.10161167 -0.17084573
  0.0548061   0.01992246 -0.09070707  0.08204601 -0.04414791 -0.02633991
  0.0044886  -0.00206773 -0.01273551  0.09275086  0.12231533  0.09912514
  0.0378457   0.00633932  0.05837697 -0.06652302 -0.05310892  0.14983718
  0.08594496  0.09422196  0.05475881  0.14680421  0.00142753  0.08077551
 -0.07517481 -0.0669616  -0.06263898  0.18460523  0.01601781 -0.00932938
 -0.0005879  -0.13583082 -0.13134912  0.1563994  -0.03323987  0.00859494
 -0.0292763   0.04651354 -0.14588623  0.15066554 -0.11042703  0.12526825
 -0.18510361 -0.01846859  0.07588283 -0.11679792 -0.0037359   0.10985332
  0.13870977  0.09357002 -0.00541717 -0.09349257  0.1464258   0.00796011
 -0.01208896 -0.00588858  0.21114121  0.08552545 -0.04560762 -0.03785058
 -0.02493841  0.02429824  0.03197949 -0.00948734 -0.01455316  0.00965856
 -0.00741586  0.07970098  0.01002657 -0.12677531 -0.09208286 -0.02386671
  0.01298788 -0.1294876   0.07554757  0.0621376   0.02219661 -0.18002851
 -0.00230456 -0.09723976  0.08309054  0.0076309  -0.13197497  0.0379598
  0.03304301  0.02043884 -0.23701176  0.19185871 -0.00555533  0.03559175
  0.0709155  -0.06816361  0.06863148 -0.06429784 -0.0919878   0.05676332
 -0.05575455  0.02476238 -0.09801102 -0.03330644  0.01302471  0.04324397
 -0.00642101 -0.07434965 -0.08023058  0.14125995  0.02658595  0.07470943
 -0.040904    0.02340475]