[-7.01907054e-02  9.41066891e-02 -3.50406915e-02 -1.81771353e-01
  1.16739348e-01  7.59953260e-02 -7.24642798e-02 -2.77124736e-02
 -7.95213729e-02 -1.46739297e-02 -2.75186021e-02 -2.20414829e-02
 -9.93719772e-02  1.50692975e-02  7.99420401e-02  5.99462502e-02
 -6.30452707e-02 -7.83220902e-02  1.77033812e-01 -1.19706288e-01
 -1.17937522e-02  1.83499113e-01  1.25240693e-02 -2.02350274e-01
  2.99223978e-02  1.08025923e-01  1.15601622e-01 -2.79528252e-03
  1.04560003e-01 -3.59536568e-03 -1.75368842e-02 -1.72123849e-01
  6.49466664e-02 -7.60796219e-02  1.07889943e-01  6.86484650e-02
  1.06066629e-01 -1.34372562e-01  1.53689697e-01  7.63528645e-02
  2.82828510e-02  3.64748947e-02  9.67964455e-02  2.90392824e-02
 -4.69857156e-02  2.26317346e-01  1.14858091e-01 -6.33393824e-02
 -1.22018345e-01 -7.57184923e-02 -1.52332887e-01  2.31390484e-02
 -2.50331573e-02  4.14844006e-02 -3.24781947e-02  5.01020327e-02
  7.28028715e-02  3.13897729e-02 -2.08063945e-01  1.29185304e-01
 -1.01892650e-03  9.58143268e-03  1.27228811e-01 -1.05498163e-02
  1.31298572e-01 -5.29364310e-02 -7.14487508e-02  8.01387504e-02
  1.40132189e-01  7.14370459e-02  5.64691573e-02  5.82299829e-02
 -7.43484944e-02 -1.06130332e-01  1.08711362e-01  1.07549757e-01
 -9.79830921e-02  9.84402150e-02 -5.66614605e-02 -1.34966016e-01
  2.78249048e-02  1.52959794e-01  6.33012801e-02  2.18256593e-01
 -7.22946674e-02  6.05274625e-02  1.34178693e-03  4.63496037e-02
 -8.44492614e-02  3.38405706e-02  9.14999843e-02  1.44310119e-02
 -1.21690206e-01  7.58225620e-02  7.89258853e-02 -3.18401344e-02
 -1.23067871e-02  9.84524935e-02 -6.82647666e-03  3.79018337e-02
 -9.82338488e-02 -5.99587895e-02 -2.89294124e-02 -1.23087816e-01
 -6.31906614e-02  7.94735551e-02  2.40849070e-02  1.68729777e-04
 -9.77012813e-02  1.37671651e-02  7.28214979e-02 -1.57652780e-01
  4.12298851e-02 -6.57161418e-03  2.40437184e-02  2.89557241e-02
 -5.85762672e-02 -3.89099717e-02 -3.74698155e-02 -1.95760792e-03
  9.26941186e-02 -2.18699984e-02  6.34006709e-02 -2.86732614e-02
 -4.64221425e-02  6.28374517e-02  1.21556930e-02  6.17615506e-02]