[-4.98170182e-02  1.00244477e-01 -1.43982321e-01 -1.55075088e-01
  1.09091565e-01  2.66630519e-02 -1.16841502e-01 -1.71833321e-01
 -1.00474440e-01  3.67486887e-02 -2.87186448e-03  2.43297475e-03
  3.31526957e-02  9.50131267e-02  1.01206861e-01  1.29143283e-01
  1.75742842e-02 -7.70159140e-02  1.86396644e-01 -5.69763370e-02
 -2.57695895e-02  1.72443166e-01  3.13269570e-02 -8.04043040e-02
  6.12772256e-02  1.59546703e-01  1.44928008e-01 -5.16543239e-02
  1.03341468e-01  1.63337037e-01  6.86936779e-04  1.44896738e-04
  9.54314247e-02 -6.06448986e-02  5.54694943e-02  8.81556720e-02
  1.06695615e-01 -9.25243646e-02  1.78614765e-01  7.90841728e-02
 -3.40530910e-02 -2.38329507e-02  1.20391689e-01  7.88485110e-02
 -2.48642080e-02  2.42835447e-01  1.69481426e-01  1.64814442e-02
 -7.55600706e-02 -1.31883293e-01 -3.18303369e-02 -2.01098509e-02
  4.77538370e-02 -3.45452055e-02 -1.35937557e-02  8.36395621e-02
  2.01071985e-02  1.06767677e-01 -8.92621353e-02  1.23274289e-01
 -3.83071825e-02 -4.50152121e-02  1.06802292e-01 -7.55607989e-03
  9.95315537e-02 -6.29698187e-02 -7.48405755e-02  9.68699753e-02
  1.01381287e-01 -3.78316678e-02 -1.14702974e-02  2.95353793e-02
 -1.39572799e-01 -1.74537569e-01  1.10636272e-01  9.27159190e-02
 -6.30429164e-02  7.05118328e-02 -7.76470155e-02  9.88768972e-03
  1.34443238e-01  9.81736258e-02  1.47617434e-03  1.42657563e-01
 -9.16302577e-02  1.78749897e-02 -1.02993511e-02 -6.72426075e-02
 -1.22544296e-01  1.91580374e-02 -2.01433338e-02  2.87188739e-02
 -1.04110628e-01  1.09607920e-01  2.38150116e-02  3.86970975e-02
 -5.40329777e-02  1.07361451e-01  9.16760787e-02 -4.41050045e-02
 -6.02127276e-02 -4.76907715e-02  5.61850960e-04 -6.26503769e-03
 -1.38749644e-01  3.26697119e-02 -7.98847601e-02  3.00632212e-02
 -5.98133802e-02  2.37992406e-02  7.51292855e-02 -1.10908195e-01
 -3.11710909e-02 -1.54556092e-02 -5.97404763e-02  4.89655174e-02
 -1.10195771e-01 -5.05674742e-02 -9.90551934e-02  6.04364127e-02
  1.09297045e-01 -1.92462076e-02  1.73969194e-02 -9.55431815e-03
 -1.26645833e-01  6.92967698e-02 -8.78248662e-02  2.85747238e-02]