[-0.01985775  0.01267351 -0.11532928 -0.11499889  0.05213824  0.03975066
 -0.1295113  -0.0697895  -0.06795546 -0.03348373  0.08508721  0.01032953
 -0.03428474  0.0878716   0.09094355  0.06552891  0.03856143 -0.12461965
  0.25865263 -0.0703427  -0.0020057   0.1325205   0.02061204 -0.10608526
  0.09725977  0.18218009  0.21202502 -0.06420732  0.06225527  0.04403448
  0.059363   -0.16262423  0.12099859 -0.09066109  0.03666944  0.10515557
  0.0732078  -0.04727957  0.2028701   0.09585031 -0.02068145  0.0505956
  0.02337937  0.06686626 -0.03156747  0.12030189  0.10043372 -0.1052983
 -0.05850205 -0.16398238 -0.13150814 -0.01321951  0.04701022  0.00835085
 -0.0552563   0.08201368 -0.01008369  0.13679327 -0.18082912  0.12710802
 -0.06415458 -0.09799384  0.1785869  -0.06242007  0.1387814  -0.01216806
 -0.01742995  0.09404087  0.13520631 -0.02341991  0.02946696  0.03676093
 -0.12913969 -0.1724036   0.12522508  0.04494519 -0.0652184   0.05834517
 -0.08777596  0.0277336  -0.02821968  0.06613733  0.05720216  0.09854464
 -0.08998492  0.01127859  0.0338088  -0.03126072 -0.10069807 -0.07967493
  0.01623601 -0.0073527  -0.07370051  0.14488047  0.09888165 -0.04066466
 -0.01709521  0.02695     0.03096086  0.00811783 -0.16833821 -0.07267712
 -0.04605823 -0.07533196 -0.0964139   0.10825029  0.04759607 -0.04327221
 -0.07353196 -0.06564655  0.03684281 -0.12814835  0.02496311  0.00185215
  0.04307493  0.03256953 -0.11686712 -0.06626026 -0.03005272  0.01681286
  0.05651312 -0.04930706 -0.00969903 -0.00972242 -0.01262406  0.08379287
  0.00296935  0.0840068 ]