[-0.0183112   0.1839598  -0.00201772 -0.09067427  0.06836799 -0.05416165
 -0.02751646 -0.12302656 -0.04209513  0.02295105  0.05952619 -0.0495955
  0.03603124  0.11861556  0.10678334  0.01860457  0.07937901 -0.11062719
  0.02641035  0.0578257  -0.03475906  0.03345769 -0.09366353 -0.05282284
  0.04673522  0.06147181 -0.03426542  0.06509278  0.11323829  0.08821252
 -0.03024419 -0.00848858  0.06576987 -0.01917127  0.02938397  0.0989301
  0.12440024  0.06972945  0.12092245 -0.01474516  0.00253354  0.00419551
  0.06059308 -0.09440754  0.04312602  0.32123482  0.0848563   0.00564488
 -0.17565124 -0.17980553 -0.16261421  0.07315842  0.01392607 -0.01581725
  0.02086421  0.02741252 -0.14242984  0.04154279 -0.15151261  0.05776065
 -0.02174019  0.00552018  0.02503227 -0.017874    0.02008157  0.13359235
 -0.00306706  0.16484803  0.03155237 -0.12819709  0.10246133 -0.05442344
 -0.06604998 -0.13574995  0.19694921  0.13755047 -0.05105222  0.05490788
  0.04379399 -0.01646849 -0.00591589  0.11196861 -0.05092812  0.05669366
 -0.03014474  0.08192323 -0.01896846 -0.02586294 -0.05655508  0.07813118
  0.04300039 -0.07925335  0.03695545  0.13777803 -0.06559524 -0.08775136
 -0.00229882 -0.07895739  0.07700615 -0.08808214 -0.06569102 -0.02451888
 -0.04028178 -0.01918286 -0.19491325  0.15278909 -0.00453414  0.09021736
  0.02076383 -0.05037773  0.09194456 -0.08435701 -0.10785101  0.04646556
 -0.01018205 -0.00815097 -0.29034725 -0.05625288 -0.07827266 -0.00997604
 -0.01140524  0.03614017 -0.05813858  0.12992626  0.03331319  0.08817226
 -0.01972608 -0.11191126]