[-0.07291216  0.00250954  0.0782147  -0.13539144  0.00950625  0.1608903
 -0.13342112  0.05212197 -0.01803715 -0.0684594   0.04807097 -0.04278094
 -0.10364374 -0.08638568  0.09313775 -0.0218942  -0.15718004 -0.09386386
  0.13719666 -0.11670937  0.05709382  0.12272488  0.01178134 -0.017016
  0.0569719   0.09951001  0.14572263 -0.0996605   0.05424864 -0.13513282
  0.11740002 -0.33490214  0.01286524 -0.03827479  0.08850174  0.11070975
 -0.01086042 -0.09278817  0.08863892  0.10993157  0.06771535  0.00142367
 -0.0918456   0.07605167 -0.02403567  0.03253908  0.06492444 -0.05721817
 -0.11862385 -0.05767121 -0.165548   -0.009273    0.01745288  0.00934024
 -0.02960188  0.06725728  0.03144694  0.09193968 -0.1725101   0.00614042
 -0.05170654  0.01142028  0.16717799  0.01429134  0.09531553 -0.04025707
  0.03347515  0.06186488  0.13663091  0.12862656  0.03363214  0.0661348
 -0.07734252 -0.10712653  0.14210695 -0.00881205 -0.17448936  0.11593891
 -0.00539284  0.04897507 -0.05924513  0.09146594  0.10931716  0.09418853
 -0.0968704   0.03361184  0.1023096   0.07862549 -0.08533431 -0.01951173
  0.12415432  0.00984364 -0.03330033  0.07843113 -0.00136556 -0.0697202
 -0.03930582  0.01929154 -0.03255663  0.01596866 -0.07493063 -0.04910941
 -0.1009028  -0.17347085  0.0133457   0.0981923   0.05485155 -0.07931763
 -0.08729596 -0.04551338  0.06895112 -0.0333374   0.0441087  -0.04556677
  0.09144168  0.09018414 -0.12194629 -0.05919537 -0.01618674  0.00858685
  0.08799002 -0.07720767 -0.01903726 -0.03563518 -0.02998637  0.12442298
  0.05860021  0.12527031]