[ 0.03386894  0.14033636  0.00979133  0.01974267  0.052967    0.217906
 -0.0894407  -0.21864471  0.07215754 -0.06723662  0.01275131 -0.01368854
 -0.00145658  0.01889893  0.11509989 -0.01521498 -0.05540208 -0.10110632
 -0.03634447 -0.11151738 -0.02900388  0.11785267  0.02215339  0.006382
  0.15212739 -0.10620298 -0.02033172  0.02293952 -0.05863598  0.09510133
  0.16764951  0.04884197 -0.04245231  0.044554    0.03020556  0.09760011
  0.06830623 -0.14199391  0.14510581  0.07211443  0.08001477 -0.09307256
  0.01544818 -0.13789546 -0.00654318  0.0470439  -0.00974996  0.07627401
  0.02120906  0.00221763  0.06570362  0.11330295  0.12658605 -0.01736812
 -0.03483671  0.00926568 -0.02387715  0.02156384 -0.06978488  0.00824277
 -0.12598976  0.07410952 -0.003673   -0.16190889 -0.02362116  0.0754348
  0.07689926  0.13843343 -0.09644808  0.09724842  0.05293706  0.08810683
 -0.10431951 -0.10705264  0.12274824  0.1034371  -0.05120109 -0.13935196
 -0.07191167  0.20999581  0.10116359  0.03490395  0.13412814  0.10092832
 -0.04399819  0.06056347  0.00733011 -0.07604466 -0.16553332  0.07972871
 -0.02327126 -0.11710988  0.07967838  0.14579488 -0.17361589 -0.06469997
 -0.07173608 -0.03787672  0.05737767 -0.03750802  0.09238054  0.01050069
 -0.06836537  0.05746833 -0.01263401  0.03518537 -0.04332166  0.04218846
 -0.10888264  0.08728158  0.03811319 -0.03734781 -0.02867042  0.0512248
 -0.04240371  0.05035599 -0.19101031  0.16798449 -0.02705901  0.13831821
  0.15226854 -0.06121102 -0.00449668 -0.02470201  0.06888621  0.07730512
  0.02958475  0.05956984]