[ 4.82993051e-02 -1.50277585e-01 -9.30324495e-02 -2.75951438e-02
  8.13925862e-02  1.35844544e-01 -8.42805281e-02 -3.80956642e-02
 -2.43160278e-02 -1.86058760e-01  3.44694126e-03  1.96105123e-01
 -4.19197939e-02 -9.87968892e-02 -7.34232068e-02 -5.69766164e-02
 -1.79422960e-01 -9.83175933e-02  2.87128426e-02  1.05782770e-01
 -1.42932998e-03  1.21967740e-01  3.97709534e-02  7.24877939e-02
 -6.27826434e-03  8.21629092e-02  2.06084341e-01 -7.56344125e-02
 -1.56952441e-01  2.08364297e-02 -3.84203829e-02 -1.56756103e-01
 -1.70013765e-04  8.40122178e-02 -9.87702329e-03  7.33093694e-02
 -1.47281857e-02 -1.63828969e-01 -7.43121058e-02  1.84424110e-02
  1.22491695e-01 -7.63031840e-02  5.22781052e-02  1.74648017e-01
 -1.56247556e-01 -6.04094118e-02  1.07026190e-01  2.07954068e-02
  1.71124302e-02  2.12241471e-01  1.10258497e-02 -1.46133929e-01
 -4.35536634e-03  6.84423894e-02  1.94211498e-01 -2.38715913e-02
 -1.14366874e-01  9.48931202e-02 -9.13496837e-02  3.16075678e-03
 -4.37990986e-02 -1.49349952e-02  1.83847129e-01  2.97720227e-02
  2.75268648e-02 -1.45640150e-01 -2.18354855e-02 -3.28292139e-03
  3.81765477e-02  7.41854161e-02 -5.40064164e-02  3.75743099e-02
  1.29143549e-02 -3.68902534e-02  5.19218259e-02  2.84129456e-02
 -1.57168712e-02  9.19946097e-03 -2.60794461e-02  1.33277476e-01
  1.05812468e-01  8.83752387e-03  8.74266028e-02  2.09498331e-02
 -9.69736576e-02 -1.19432174e-02  8.95107761e-02  7.53163248e-02
 -4.21243943e-02  1.00753024e-01  8.26304257e-02 -7.73639679e-02
 -1.15569256e-01  5.55049703e-02 -1.14225283e-01  8.62607453e-03
 -4.70871888e-02 -2.93319076e-02  6.35010898e-02 -9.34574530e-02
 -2.06548218e-02  8.61641206e-03 -4.06308612e-03 -1.09831780e-01
 -4.92987595e-02  2.25014519e-02 -1.06765397e-01  4.85581271e-02
 -2.54933685e-01  4.91207018e-02  1.37088865e-01  4.27124947e-02
  4.03079800e-02  1.36791337e-02 -8.44069347e-02  3.56868543e-02
  2.79914644e-02  1.58356782e-02 -2.58823782e-02  1.02556735e-01
  9.14979875e-02 -2.24231500e-02  6.71107844e-02 -6.43192604e-02
 -4.27073687e-02  4.66254130e-02  7.06294104e-02  5.89063875e-02]