[ 0.08759847 -0.20316815 -0.03937887 -0.02619057  0.07872351  0.07287481
 -0.01506026  0.04979266 -0.02415681 -0.15993012  0.02279273  0.20034732
 -0.0205138  -0.10924613 -0.04169508 -0.06265651 -0.15190628 -0.1397365
 -0.05219271  0.13975319 -0.03248694  0.13717717 -0.01305737  0.06079565
 -0.05548541  0.10294146  0.17604569 -0.02736067 -0.15052511 -0.03406008
 -0.08707912 -0.0978545  -0.0245026   0.12902349 -0.07656054  0.04779118
 -0.04429447 -0.11393002 -0.12358498  0.0254254   0.16197403 -0.08166462
 -0.00372921  0.13928445 -0.12677203 -0.0405586   0.01562299  0.02813555
  0.01728174  0.18745407  0.02008093 -0.12940542 -0.06930792  0.05284248
  0.1868023  -0.05823726 -0.19389658  0.07079408 -0.10075095  0.07356773
 -0.02671418 -0.05700672  0.1183655   0.08770063  0.00096814 -0.14091316
 -0.02117034  0.033823    0.05147829  0.02622677 -0.04074767  0.00849637
  0.04797263  0.00118004  0.03505425  0.03239498  0.01145702  0.01066216
 -0.01787863  0.12737805  0.10956318 -0.04384954  0.0794242  -0.02183682
 -0.07905646 -0.04730204  0.14882573  0.08613916 -0.04074536  0.11347948
  0.08542127 -0.06660981 -0.14016148  0.0798078  -0.15191221  0.04582531
  0.00033114 -0.17099965  0.08006915 -0.10040733 -0.02616353  0.01646741
 -0.01869004 -0.10251251 -0.06391998 -0.00861449 -0.12536734  0.0707994
 -0.21135809  0.00330877  0.14984681  0.08296198 -0.00200751  0.01174555
 -0.04269617  0.00136363  0.00388112  0.01094675 -0.04077281  0.08429579
  0.0594966   0.01809047  0.05941337  0.00708097  0.03037925  0.0114209
  0.07202169 -0.00159315]