[ 0.05471458 -0.04967028 -0.09363095 -0.10218287  0.1722146   0.09963979
  0.07045574 -0.01072756 -0.20681702 -0.01196932 -0.06754979  0.13680574
  0.08577441  0.07893075  0.06905603 -0.02190361 -0.03467084 -0.06807723
  0.03435468  0.13625276 -0.01737001  0.04377247  0.00882762 -0.00712036
 -0.01891447  0.07555363  0.0036961  -0.01593779 -0.05286736  0.09596648
 -0.13290727  0.05678366 -0.02814036  0.10081585 -0.00741605  0.04318221
  0.07951184 -0.03020328 -0.00691915 -0.08174187  0.10958583 -0.03850386
  0.21624814  0.03195452 -0.18602435  0.06294387  0.16293247  0.04494593
 -0.08162707  0.12543546  0.00838029 -0.19584982 -0.06695969  0.10793739
  0.25946438 -0.00476037 -0.11650579  0.15082321 -0.06159554 -0.0270972
 -0.03164588  0.03678043  0.10635556 -0.08388818  0.08184741  0.08492377
 -0.09552956  0.0690108  -0.04570176 -0.068556   -0.00375126  0.09988579
 -0.00125459  0.01488643  0.07609209  0.12101311  0.05754298 -0.02782024
  0.0964592  -0.06169464  0.10575122  0.02125159  0.03282316  0.01728262
 -0.08187222 -0.03339123  0.05789468  0.09781745  0.09308755  0.15198937
  0.09884551 -0.0972084  -0.08676175  0.0155939  -0.10585198  0.02267847
  0.01453231  0.07145465  0.05190493 -0.06224725 -0.02838574  0.01645082
  0.05393404  0.00462193 -0.20995007  0.10412285 -0.21171963  0.08679101
 -0.15287095 -0.01025806  0.12031757  0.05637806 -0.03492012  0.02758409
 -0.04597028 -0.01209447  0.02652745 -0.02412101 -0.0843031   0.09088133
  0.08526999 -0.03037457  0.14068478  0.02023723 -0.10545801  0.03967299
  0.00323337 -0.06651632]