[ 5.75750433e-02 -9.87176746e-02 -6.30216971e-02 -6.74604774e-02
  6.64681271e-02  1.00239366e-01 -3.59387286e-02  2.33504642e-02
 -6.18274733e-02 -1.66168511e-01  5.13314083e-02  1.28339425e-01
  3.00844461e-02 -1.15012094e-01 -7.47946501e-02 -1.67962685e-02
 -2.21806273e-01 -1.23852164e-01 -1.13608807e-01  1.30996406e-01
  1.94968637e-02  8.53686631e-02  3.85312317e-03  3.01254429e-02
 -3.09739579e-02  6.03516549e-02  1.22213744e-01 -1.24547081e-02
 -7.16903359e-02 -2.42607426e-02 -4.53390405e-02 -1.11683749e-01
 -9.55920219e-02  8.26137513e-02 -8.86872783e-02  5.30801564e-02
 -1.07025601e-01 -1.33421645e-01 -4.77673262e-02  9.31046456e-02
  1.33531123e-01 -9.43743661e-02  1.34441815e-02  1.90590352e-01
 -1.10143460e-01 -7.17644319e-02  5.63999824e-02  6.17468655e-02
 -1.32499775e-02  1.89800307e-01 -2.92629302e-02 -1.04165457e-01
 -1.30493611e-01  5.65270521e-02  9.00739208e-02 -7.75221363e-02
 -1.58894911e-01  1.09899610e-01 -6.64890334e-02  4.18296978e-02
 -5.72053380e-02 -2.15501321e-04  1.70023099e-01  1.28626034e-01
 -7.26897493e-02 -1.27143756e-01  2.13799044e-03  1.26733948e-02
  6.67485222e-02 -8.01949389e-03 -1.78538263e-02  6.70658648e-02
  8.26320052e-02  3.36042568e-02  8.08109045e-02 -1.70570444e-02
 -3.89576405e-02 -7.21149798e-03 -3.81812863e-02  1.83274090e-01
  1.65481851e-01 -7.07486421e-02  8.32767412e-02  1.98520999e-02
 -1.58431754e-01  8.71582702e-02  1.21223815e-01  5.04229218e-02
 -4.07237634e-02  3.64183374e-02  9.75549594e-02 -8.18539560e-02
 -1.42926991e-01  3.37340534e-02 -1.53285861e-01 -1.89565271e-02
 -7.06885234e-02 -6.43410459e-02  3.38611044e-02 -9.14876834e-02
 -6.79762885e-02 -6.63934555e-03  8.51776823e-03 -2.36210749e-02
 -4.48017195e-02  5.30098006e-02 -1.32374555e-01  2.13411927e-01
 -1.42019853e-01 -1.89812481e-02  1.28587633e-01  8.40420276e-02
 -4.88297977e-02  6.77873865e-02 -9.10584331e-02  3.84866223e-02
  7.29541644e-05  9.61791873e-02  6.18472346e-04  9.14628580e-02
  3.15474793e-02 -2.34521925e-02  4.02491465e-02  1.14377867e-02
 -7.64584169e-02 -2.62166676e-03 -1.48581974e-02  5.70335053e-02]