[ 0.16360718 -0.13379908 -0.00414235  0.03182475  0.15674256  0.18365195
  0.10207608  0.02345244 -0.0720406  -0.15551543  0.07283628  0.14419885
  0.03243918  0.0223998   0.06771635 -0.08256058 -0.05243387 -0.01972529
 -0.08055411  0.09186707  0.07939975  0.02794748  0.05650831  0.10735094
  0.07198408 -0.1454692  -0.00237431 -0.01659663 -0.10965689  0.05110192
  0.00444935 -0.04397117 -0.06985587  0.17107482 -0.06809383  0.03790124
 -0.06524078 -0.12376997 -0.04405858 -0.02196589  0.13532753 -0.01746335
  0.04993289  0.0127345  -0.18220106 -0.15193325 -0.0243092   0.01347812
  0.01893022  0.19640622  0.00800323 -0.13594884 -0.07305525  0.04627105
  0.11157215  0.00550044 -0.15636018  0.20193638 -0.11327845  0.07464426
 -0.0942629   0.04261961  0.12422343 -0.14672568  0.02180244  0.0567719
 -0.04718633  0.01855733 -0.15455632  0.06514208  0.02515279  0.13494918
 -0.0071055   0.01658592 -0.01339227  0.03244699  0.12154263 -0.1344662
  0.00274474  0.08519803  0.00952626 -0.09739402  0.08800063 -0.04732737
 -0.08832591  0.02530484  0.07964355 -0.00099583 -0.03559498  0.11001208
  0.16086093 -0.17600523 -0.08232383  0.06620002 -0.06717449 -0.02015002
 -0.10137302 -0.06651923  0.0127688   0.01922004 -0.0060715   0.00884388
  0.00095866 -0.00244865 -0.05977236  0.12092592 -0.0867146   0.04608307
 -0.10522062 -0.05781129  0.05319681  0.06282965  0.01296164  0.07701529
  0.03673248  0.04267118  0.09495568  0.12301801  0.02335311  0.21581011
  0.06073102 -0.06445751 -0.02038166  0.07158183 -0.00708506  0.04210455
  0.09206012  0.00850624]