[-4.26753350e-02 -5.57817034e-02 -3.82118896e-02 -1.38598740e-01
  5.03850095e-02  6.02617674e-02 -1.85856283e-01  7.38937361e-03
 -9.05259699e-02  8.90549738e-03  5.41900955e-02 -5.43698110e-02
  6.83786124e-02  1.59918204e-01  1.17884353e-01  1.82711538e-02
  1.23665847e-01  7.65309669e-03  1.82328075e-01  1.90107878e-02
  5.98014146e-02  7.37129971e-02  5.02293222e-02 -9.47726145e-03
  3.93481031e-02  9.93773267e-02  1.03205189e-01 -8.37362483e-02
  1.69089428e-04 -6.45049289e-03  6.27270788e-02 -2.31941238e-01
  1.16580300e-01 -9.70038027e-02  9.49004516e-02  1.28034920e-01
  4.56095263e-02  4.26120311e-02  8.25332180e-02  1.75130367e-02
 -7.52491727e-02  1.58810243e-01 -4.91302498e-02  2.62789968e-02
 -4.58477736e-02  4.56715189e-02  8.18329081e-02 -2.98196375e-02
 -5.08247204e-02 -1.35380074e-01 -1.11606926e-01 -1.33258566e-01
  8.01356882e-02  1.67614035e-02 -4.19657715e-02  6.16502538e-02
  2.07275301e-02  7.02317506e-02 -4.53973897e-02 -6.85179830e-02
 -1.39445141e-02  5.81737421e-03  5.61128147e-02 -3.12806293e-02
  7.51659721e-02  2.39592921e-02  2.24772226e-02  1.85445502e-01
  1.45505816e-01 -8.34258571e-02  1.21950261e-01  1.62277147e-02
 -3.83388214e-02 -2.93326199e-01  6.09233305e-02  7.19536915e-02
 -1.82596326e-01  5.68880029e-02  5.16402684e-02  1.91234692e-03
 -5.40541559e-02  1.20565630e-01  9.03692842e-03  2.91111544e-02
 -4.54557724e-02  3.64268944e-02  4.91869785e-02  5.38231321e-02
 -1.23310806e-02 -8.70246887e-02 -2.68739704e-02  1.64251924e-02
  5.08234538e-02  1.03951640e-01  3.68366460e-03 -9.67561305e-02
 -4.68770340e-02  6.28250539e-02 -1.04874335e-01 -3.37350741e-02
 -3.38750035e-02 -2.05202624e-02 -1.91535316e-02 -1.47145748e-01
 -1.04789272e-01  1.02889374e-01  4.81836451e-03 -1.82293728e-01
 -3.93030234e-02 -3.03313732e-02  3.41998115e-02 -1.01491615e-01
  3.31260301e-02  1.03387504e-03 -2.42602956e-02  6.06524162e-02
 -2.54706293e-01 -9.69541147e-02 -1.88219428e-01 -9.12032574e-02
 -3.48725989e-02 -6.54680207e-02 -6.14531972e-02 -3.38404104e-02
 -3.36664207e-02  1.02340996e-01 -5.95271364e-02  6.56459332e-02]