[-0.03457386  0.06234006  0.04744776 -0.0270205   0.04940068  0.05136365
 -0.11321997 -0.09266806 -0.21240994  0.0171704  -0.01422619 -0.07163978
 -0.02517006  0.06761504  0.12176403  0.03937714  0.05752927  0.05806741
  0.22690122 -0.04630125  0.06214612  0.07091591  0.01496673 -0.08046359
  0.09527206  0.04628782 -0.08621401 -0.07947087  0.03853566  0.06652846
 -0.03022085 -0.10285759  0.05568516 -0.10758629  0.18209374  0.05114621
  0.03470518 -0.10696735  0.17052525 -0.06357168 -0.08089097  0.06122486
  0.06694649 -0.07766705 -0.00436028  0.2178605   0.15363273 -0.07010859
 -0.1744426  -0.13742708 -0.04520374 -0.01092607  0.13721456  0.01472638
 -0.04363111  0.0213511   0.14926288 -0.04614897 -0.04858695  0.00974912
  0.09193885  0.12960693 -0.02885453 -0.01863599  0.10123558  0.05759912
 -0.03613442  0.06349647  0.05526568 -0.05182488  0.085274    0.0069728
 -0.06673577 -0.20599732  0.05725759  0.10896137 -0.14930271 -0.01821125
  0.06543227  0.01439139 -0.01965943  0.10765976 -0.00961734  0.09418228
 -0.02205445  0.08957541 -0.07224163 -0.05561107 -0.10878137  0.01434819
  0.00798451  0.10432968  0.01386899  0.10486918 -0.08018554 -0.05277696
  0.00931833  0.15999813 -0.05451248 -0.02698716  0.03423238  0.04823565
  0.01618384 -0.13922328 -0.05053492  0.10106999  0.11528177 -0.01979749
 -0.02027062  0.05563565  0.03859914 -0.20185477  0.03197778 -0.13291124
 -0.01602052  0.06880595 -0.19257717 -0.03185076 -0.13145599 -0.06153584
 -0.01822682 -0.0980498  -0.02137857 -0.10305478 -0.00786489  0.14566812
  0.04792054  0.03480217]