[ 5.42576872e-02  1.70725435e-01  3.28300893e-02 -4.27088812e-02
 -5.28517663e-02  1.34933919e-01 -1.35038525e-01  2.10337508e-02
 -1.82402611e-01  1.09337904e-01  6.03347421e-02 -1.88377783e-01
  3.60500365e-02 -4.75029275e-02  1.39499113e-01  8.90088528e-02
  5.29143028e-02  9.28029511e-03  8.16049650e-02 -2.90895291e-02
  6.25815541e-02  9.26695857e-03  8.41085427e-03 -3.89103070e-02
  6.65011182e-02 -2.50547752e-02 -3.76569331e-02 -6.18464164e-02
  6.30686432e-02 -6.49802107e-03 -8.91552772e-03 -3.56254652e-02
 -1.62626598e-02  6.33440912e-03  8.21429417e-02  6.75602406e-02
  3.26401740e-02 -6.52115270e-02  1.50069922e-01 -5.53946048e-02
 -1.43853664e-01 -1.26090229e-01 -2.68978961e-02 -1.04961023e-01
  1.03946194e-01  2.12428525e-01  9.88291651e-02  5.53539991e-02
 -3.06573808e-01 -7.28235915e-02  1.80881284e-02  1.26003057e-01
  5.76216578e-02 -1.24719413e-02 -9.97638926e-02 -2.52318326e-02
  9.99701247e-02 -1.46495879e-01  2.29216386e-02 -8.34772885e-02
  5.53041920e-02  9.72993895e-02 -3.78445759e-02 -6.99860826e-02
 -1.76392309e-02  8.88921320e-02 -1.53768593e-02  1.50299311e-01
  2.71837581e-02 -2.05295999e-03 -6.84938254e-03 -2.90851854e-02
 -1.38109177e-01 -2.01286554e-01  6.91725016e-02  6.52295596e-04
 -5.96216619e-02  6.87106773e-02  7.73626640e-02  1.18477516e-01
  6.73028361e-03 -4.86935163e-03 -6.26409724e-02 -2.58344132e-02
 -3.45728584e-02  1.47715658e-01 -1.13102108e-01 -8.13940987e-02
 -4.77470551e-03  1.22526988e-01  2.69531086e-02  3.61414589e-02
 -5.35081737e-02  1.84568033e-01 -1.24829471e-01  1.07794954e-02
  3.06568686e-02  7.44005591e-02 -4.80441228e-02 -8.73476788e-02
  1.18380621e-01  5.11142835e-02 -8.78052413e-02 -5.39713912e-02
 -1.10190223e-04  9.30200890e-02  3.85845788e-02  2.25724857e-02
  2.71333680e-02 -1.94170028e-02  8.31111707e-03 -2.46610139e-02
  1.00323157e-02 -9.93817672e-02  8.41602609e-02  2.25553177e-02
 -2.46952698e-01 -2.76523381e-02 -3.60807180e-02 -2.30686758e-02
 -1.15959877e-02 -1.11430496e-01  7.92280138e-02  3.33305560e-02
  1.07225873e-01  5.66829368e-02  1.17916770e-01 -5.88724278e-02]