[-0.12421     0.09457966  0.03108685 -0.01029439 -0.00478905  0.07730039
 -0.0352317   0.00356986 -0.04563072  0.09225168 -0.03862678 -0.11581089
  0.00797208  0.02718273  0.09525774  0.00548556 -0.01960801  0.07931086
  0.09221474 -0.03329516  0.02973927 -0.11717372 -0.06337433  0.00054708
  0.06843165 -0.00487877 -0.15847251 -0.0411468   0.06843863 -0.01375766
  0.04190299  0.03466824  0.05223041 -0.02824311  0.11293675  0.08276609
  0.06868947 -0.05164292  0.02022554 -0.19702366  0.05198181 -0.07482947
  0.14718772 -0.07439412  0.04256     0.01746037  0.13399708  0.03279036
 -0.17415552 -0.13943486 -0.15909392 -0.10684854  0.15325734 -0.01560258
  0.07020233  0.12083818 -0.01286348 -0.04904336  0.00349036 -0.18061619
 -0.03656349  0.14507161  0.00190586 -0.06330869  0.03077164  0.36005884
 -0.04581189 -0.03760741 -0.04522569 -0.09091672 -0.04377515 -0.04203058
 -0.05859083 -0.08189539  0.12493939  0.02852325 -0.03708697 -0.01762389
  0.10706967 -0.14187562 -0.04479667  0.11376863 -0.06638759 -0.01249172
  0.01252538  0.12448008 -0.0768017   0.05826712  0.08939621  0.12005111
  0.12323259  0.03964565  0.0222995  -0.02053171 -0.02066534  0.04585715
 -0.05664788  0.16774312 -0.03632022 -0.00651292  0.08210296 -0.06424374
  0.04396501 -0.16952296 -0.06687246  0.19514279  0.04890095 -0.07930405
 -0.0163477   0.01219618 -0.00720067 -0.03495165  0.01675536 -0.17234436
  0.07741548 -0.04423926 -0.07735109 -0.05532922  0.03587008 -0.06558772
  0.08167673 -0.13656771  0.0631086  -0.03453675 -0.10636711  0.1393913
  0.0619696  -0.0077582 ]