[-4.73666005e-02  9.36596766e-02  4.63678576e-02  1.35949701e-01
 -8.25975910e-02  6.82045296e-02 -6.56587109e-02 -4.26323414e-02
 -2.17202399e-02 -5.73299304e-02  4.62679341e-02 -1.03162833e-01
 -4.79047261e-02 -6.30273446e-02 -2.44216435e-03  2.59379041e-03
 -6.66339472e-02  1.05089499e-02  9.35504511e-02  3.28782536e-02
  1.16408132e-01 -1.98406860e-01 -6.48059603e-03  9.21104476e-03
  1.27319247e-01 -6.43725172e-02 -1.22271866e-01 -9.84720215e-02
  3.28623056e-02  2.20819129e-04  7.48587251e-02 -4.53690104e-02
  6.84954450e-02 -3.59317698e-02  1.08497933e-01  4.18474339e-02
  3.65586719e-04  4.73523745e-03  1.30025735e-02 -2.22489014e-01
 -1.98308639e-02 -1.00769423e-01  6.15816861e-02 -4.47399244e-02
  5.71256727e-02 -2.16996130e-02  1.33857310e-01 -4.93167527e-02
 -1.90149888e-01 -7.42953494e-02 -1.60707086e-01 -2.96950880e-02
  1.90049633e-01 -2.05942104e-03  5.13220392e-02  5.43555915e-02
 -9.14753415e-03 -7.55104646e-02 -1.61696598e-02 -1.95166633e-01
 -1.29211880e-02  9.76516828e-02  7.65386224e-02 -8.59411582e-02
  7.80120268e-02  2.93574959e-01  2.03468581e-03 -1.21779725e-01
 -9.04818177e-02 -7.49093816e-02 -6.60730228e-02 -7.11353794e-02
 -6.59070387e-02 -7.79303163e-02  9.20942798e-02 -4.90406342e-02
  2.45774984e-02 -5.40716313e-02  6.16814345e-02  7.32395351e-02
 -1.12129532e-01 -1.91962142e-02 -9.38754231e-02 -8.40242729e-02
  2.49429531e-02  1.10568747e-01 -1.49559155e-01 -4.63412376e-03
  4.03779745e-02  8.01514238e-02  1.26552939e-01 -6.25459198e-03
 -1.17604132e-03  2.97511239e-02 -3.52855474e-02 -2.46262215e-02
 -2.39944942e-02  1.40613586e-01 -1.02292784e-02 -1.34725943e-02
  5.58633283e-02 -3.37333642e-02 -1.12366984e-02 -1.54693574e-01
 -2.46024458e-03  2.13714197e-01  2.03304812e-01  2.24114507e-02
  2.96481512e-02 -3.40560563e-02 -5.48961088e-02 -2.36744471e-02
  1.07185878e-02 -1.43498480e-01  1.07317135e-01 -8.37213267e-03
 -9.36744958e-02  9.86426603e-03  9.69500020e-02 -1.20298564e-02
 -4.27542515e-02 -1.04030237e-01  1.34060523e-02 -2.82082055e-02
  4.14861403e-02  1.43821731e-01  1.89280733e-01  8.83333944e-03]