[-0.05706246  0.06827354 -0.01477986  0.08144459 -0.01734961  0.08081555
 -0.03200635 -0.05716112  0.06787027 -0.04254216  0.03142762 -0.07948495
  0.01830702 -0.00873354 -0.00203122  0.00991797 -0.09568074  0.01604872
  0.03501589  0.01349478  0.16506563 -0.18511292 -0.03233177  0.03171468
  0.14213789 -0.08742641 -0.10685319 -0.09600191  0.01809592  0.10386917
  0.07966566 -0.00349602  0.09233574  0.00322497  0.10783411  0.06395889
  0.02369626 -0.02947203 -0.01894438 -0.26651344  0.01766677 -0.13862793
  0.13489905  0.02262409  0.04626935 -0.03905286  0.10537004  0.01423001
 -0.12278895 -0.09407718 -0.15707128 -0.07822093  0.18518639 -0.01489333
  0.1353581   0.10203041 -0.08048049 -0.0465712  -0.0290169  -0.21762241
 -0.0352683   0.03512637  0.08618342 -0.05889978  0.05400999  0.28356385
 -0.0573251  -0.05248592 -0.07791179 -0.0685745  -0.06258408 -0.05826298
 -0.10511854 -0.19042842  0.08072691  0.02062036  0.04196183 -0.04014185
  0.04127738  0.06487162 -0.05849076 -0.00345049 -0.06188151 -0.03042576
 -0.01098145  0.10170361 -0.09355007  0.0302823   0.0759329   0.13653554
  0.11058143 -0.06877407 -0.04470758  0.00369602 -0.09484733  0.00406311
 -0.10268024  0.13196009  0.04310537 -0.02909029  0.1399845  -0.04083613
  0.02383672 -0.16494013 -0.04572432  0.17576994  0.07603633  0.02118946
 -0.01205906 -0.02831964 -0.04558863 -0.03617667 -0.06789103 -0.13425349
  0.11247985  0.03485053 -0.07538914  0.02262405  0.05940847  0.05190921
  0.03635043 -0.0873842   0.01780627  0.00580709 -0.02410116  0.13901757
  0.16417576  0.03195913]