[-0.00157086 -0.04922545  0.18833736  0.15406221  0.14241341  0.0480579
 -0.04118168 -0.16031191  0.10428327 -0.09527473 -0.04307355  0.01960691
 -0.05168416  0.05427707  0.11594839  0.07959891  0.08035443  0.07405002
 -0.08106501  0.01200115  0.07135268  0.00693017  0.04574829  0.10816405
  0.16320071 -0.11143474 -0.15201142 -0.00896793 -0.05585789  0.00563514
  0.16576982  0.14692223  0.0299206   0.06559762  0.09727144  0.08085532
  0.0401684  -0.011674    0.00123511 -0.18780047  0.08477651  0.04490847
  0.08656099 -0.2227857   0.04685834 -0.01352939 -0.03680677  0.01360552
  0.02781403 -0.054496   -0.00467742 -0.09963582  0.19281334 -0.0713947
  0.0710462   0.02272291 -0.04054674 -0.01328954 -0.03917297 -0.02859865
 -0.04821802  0.08562282 -0.13380498 -0.13158782  0.09813669  0.21356611
 -0.06586694  0.05952961 -0.17373654  0.08223685  0.02870176  0.05185667
 -0.05462871 -0.12389663 -0.00105561  0.07759284  0.0378202  -0.07543346
 -0.0040021  -0.00593738  0.02170846  0.11192894 -0.01427664 -0.04148347
  0.05198677 -0.04311464 -0.04718244  0.08354379 -0.15261176  0.11557525
  0.0682524   0.02996804  0.03649186  0.09629222 -0.04743445  0.1217248
 -0.07676867  0.00862876  0.00618394 -0.00355734  0.11664563 -0.11735979
 -0.07090516 -0.06564676  0.03936867  0.04494915  0.05192746 -0.1591672
  0.05760233  0.02349519 -0.10603444  0.02949004  0.0332137  -0.02096537
  0.11741222 -0.02471009 -0.17148156  0.10303564 -0.10876191  0.09078024
  0.05685792  0.09238502 -0.02453685 -0.01731281  0.04052265  0.13674036
  0.10401774 -0.07643687]