[ 0.01696507  0.15511771  0.00287986 -0.13663207 -0.03038148  0.01056395
 -0.02291035  0.03091335 -0.09801674  0.13202594  0.07877542 -0.11601417
  0.01920182  0.2088903   0.15381147  0.04405595  0.12043139 -0.07146514
  0.10268356 -0.06720231 -0.08386166  0.18841666 -0.03233056  0.00704011
 -0.05490353 -0.03230029  0.11603081  0.15802561  0.16881967  0.06441374
 -0.12500292 -0.10776335  0.00976327 -0.0599674  -0.04107472  0.12351212
  0.04323157 -0.05871011  0.00962493  0.22411297 -0.18071531  0.06887728
 -0.09634524 -0.09903575  0.0611444   0.27646932  0.01325581  0.00826296
 -0.07075391 -0.05727147  0.04632716  0.23047842 -0.12561198 -0.01280597
 -0.07423865  0.05127648  0.01105371  0.03791739 -0.033941    0.19759808
 -0.00212959  0.02449804 -0.00883903 -0.05565241 -0.01648401 -0.07042235
  0.04974172  0.10288192  0.03203738  0.10675672  0.0903393   0.02923684
 -0.04645843 -0.0521899   0.10046534  0.08098667  0.01152396  0.1291323
 -0.01054341 -0.12800622  0.11673561  0.01694755 -0.04437578  0.02241397
 -0.01703226  0.0525002  -0.07436183 -0.12973246 -0.06883463  0.08513054
 -0.04390614 -0.01397228 -0.01158375  0.13026235  0.08009117 -0.01674978
  0.04049213 -0.09391236  0.10657416  0.03462975 -0.01580217  0.09139565
 -0.04705664 -0.04446628 -0.14149374  0.0849974  -0.04782679 -0.12046243
  0.01288217 -0.05130106  0.07185307 -0.0558222   0.07659292  0.00250994
 -0.02112539  0.06579342 -0.00567187 -0.01104667 -0.07099769  0.00948934
 -0.03270847 -0.10668729  0.01863713  0.06314934  0.02096258  0.09680795
 -0.03231042 -0.0484532 ]