[ 0.04432746  0.35380998  0.00607064  0.05760454 -0.03665488  0.13692109
 -0.03362284 -0.10044002 -0.05223913  0.06578771  0.09936402 -0.08018282
 -0.06525742 -0.13343075  0.01985793 -0.03806181 -0.03465316  0.09634244
  0.00855471 -0.05989584 -0.00213819  0.09640766 -0.06328884  0.05003506
  0.08638931 -0.15927903  0.0382999   0.03080185  0.09413916  0.16971475
 -0.08116521 -0.09991812 -0.02268845  0.01164525  0.08473161 -0.04011437
  0.05550136 -0.18032774  0.0014599   0.03465192 -0.05426004 -0.12772706
  0.0807644   0.09809574 -0.03319446  0.11256243  0.1756541   0.01108022
 -0.19529019  0.0517286   0.19686006  0.18464431 -0.08736246 -0.01269184
 -0.01568441  0.03234134 -0.0474034  -0.10028279  0.05585973 -0.05392716
 -0.0059725  -0.04381205  0.05679573 -0.07784528  0.00546797 -0.10180703
  0.05128646 -0.13267294 -0.08803923  0.15041719  0.0048109   0.01752184
 -0.00187168 -0.0466798   0.01700531 -0.02816655 -0.01825721  0.11907359
 -0.05220805  0.01737138  0.07093968  0.08118127 -0.03057106  0.04491528
  0.0670272   0.08389128 -0.14640805 -0.15465151 -0.00368571  0.18906562
 -0.04609469 -0.10928737 -0.12331937 -0.01553331 -0.06250369 -0.09950063
  0.01062962  0.01555035  0.08311266 -0.05742355  0.01937513  0.16428255
  0.08120961 -0.00874596 -0.10920262  0.0400975   0.04187416  0.11357875
 -0.05418381  0.06618955  0.11178457 -0.03438638 -0.01967703 -0.00881261
 -0.059861   -0.07853995 -0.04465321 -0.02515249  0.04252068 -0.02301319
  0.04532065 -0.02621215  0.03017879  0.040467    0.13981085  0.0020872
  0.15676431 -0.0414792 ]