[ 0.04680314  0.33701444 -0.02639203  0.06532733 -0.02102177  0.17862611
 -0.02157883 -0.06904392  0.0010639   0.06781755  0.10896403 -0.07409673
 -0.07385933 -0.17316973  0.02256415 -0.0778773  -0.06111407  0.11125236
 -0.01503676 -0.10317723 -0.00162386  0.05908582 -0.06857648 -0.00800927
  0.12447388 -0.20061831  0.01235334  0.021481    0.01893779  0.12800303
 -0.02024299 -0.11513937 -0.07480621  0.03016223  0.07247421 -0.03953329
  0.04222826 -0.23305255  0.02586037  0.05478919 -0.01073137 -0.11158846
  0.06668556  0.11189618 -0.03683421  0.00094258  0.12433977  0.01690193
 -0.12407689  0.07557397  0.18393496  0.13645479 -0.13622135 -0.01654359
 -0.07329892  0.03019059 -0.08421102 -0.11905101  0.04257165 -0.05746051
  0.00468793 -0.06069345  0.05319067 -0.11167052 -0.0056391  -0.10400786
  0.08384447 -0.10070607 -0.04221291  0.16826615  0.02478904  0.0923766
  0.0320437  -0.03247941 -0.05340181 -0.06667336 -0.02942582  0.08828495
 -0.09071024  0.01141549  0.01878279  0.09204287 -0.00794702  0.06006523
  0.03873064  0.09836292 -0.09839411 -0.14116341  0.0431752   0.12265752
 -0.05356549 -0.12503442 -0.10306891 -0.06611077 -0.05027473 -0.1401096
 -0.02386706 -0.03029553  0.01792171 -0.01153111 -0.03238815  0.11726146
  0.08626986 -0.0208112  -0.05619459  0.0303549   0.03660547  0.11698911
 -0.11158726  0.12141285  0.08645346 -0.05271832 -0.02066536  0.0217681
 -0.0588119  -0.11547343 -0.01892683  0.00486794  0.07340275 -0.06048815
  0.05343269  0.01797995  0.03448442  0.08828382  0.16575953 -0.08504588
  0.130771   -0.01192634]