[ 0.04737201  0.32677636  0.02314369  0.08733811 -0.02993584  0.1697664
 -0.05459447 -0.10519069  0.09517468  0.03014403  0.13190755 -0.07862662
 -0.09096538 -0.14264604  0.01189184 -0.07953657 -0.03737845  0.09928384
 -0.05005949 -0.10765287  0.02112501  0.08448827 -0.05982043 -0.00807755
  0.13212202 -0.22153352  0.01746276  0.05105338  0.00555972  0.1179711
  0.01611842 -0.12373917 -0.03716329  0.0343915   0.09354793 -0.02369071
  0.07598085 -0.17596783  0.0323448   0.0416169  -0.03077357 -0.08769066
  0.01074033  0.02439309 -0.00896919 -0.00489711  0.04980366  0.01607421
 -0.0742193   0.06457899  0.15978044  0.20250095 -0.10257085 -0.00184275
 -0.08054764  0.00962522 -0.058118   -0.16672373 -0.01773021 -0.06340487
  0.00112224 -0.07802147  0.02739584 -0.12514676 -0.00120191 -0.09399448
  0.09900462 -0.03764166 -0.04251927  0.20684144  0.05389801  0.0615246
  0.00938188 -0.07570979 -0.039045   -0.04465189 -0.03061798  0.07098044
 -0.10433408  0.02502311  0.00331403  0.11615636  0.01817944  0.06890495
  0.06408963  0.08565562 -0.10453783 -0.10788604  0.01174635  0.13147996
 -0.05925795 -0.14811687 -0.0573015  -0.00152231 -0.07363163 -0.1690049
 -0.04763401 -0.07599938  0.03040881 -0.00277181  0.02961708  0.10434906
  0.03506158 -0.03521589  0.0062765   0.02059106  0.07832593  0.06003876
 -0.08987315  0.11757931  0.05130786 -0.06254136 -0.01148018  0.05931379
 -0.03050443 -0.09621399 -0.08074238  0.0401726   0.05140955 -0.0500472
  0.04308216  0.04889833  0.0176578   0.08334582  0.23621342 -0.05922253
  0.17098528 -0.0052135 ]