[ 0.04779747  0.31835309  0.0086331   0.08335622 -0.02758334  0.16715747
 -0.0108264  -0.05515227  0.08335497  0.0351313   0.13005014 -0.03569583
 -0.04667967 -0.1756126  -0.03157866 -0.05660408 -0.04753173  0.04607458
 -0.08831849 -0.07460823  0.04979193  0.07448905 -0.10590337  0.04482064
  0.10756011 -0.19307399  0.00885468  0.02342696  0.02594347  0.15681441
 -0.00928174 -0.14528523 -0.05760796  0.0208124   0.04948418 -0.04582969
  0.04081526 -0.15200579 -0.00839118  0.06850302 -0.02488616 -0.07924899
  0.01971918  0.07759836  0.00164305 -0.0146609   0.07576431 -0.02210085
 -0.07394913  0.05026318  0.19634815  0.17678457 -0.13282457 -0.01302612
 -0.01757039  0.01524114 -0.10312479 -0.1171957   0.01800398 -0.08342233
 -0.01578168 -0.12614003  0.03626907 -0.10227315 -0.01533173 -0.1580804
  0.10219451 -0.04272224 -0.03957343  0.12416136  0.08887059  0.07865102
  0.02484648 -0.09930515 -0.01732065  0.01798415 -0.04469634  0.11803041
 -0.08553869  0.0928782   0.02445718  0.07775652  0.06439888  0.10004371
  0.05606011  0.08187638 -0.03773664 -0.0988072   0.02441019  0.09790541
 -0.13866256 -0.1713455  -0.09290518  0.01100246 -0.11672618 -0.16680978
 -0.00958808 -0.1162476   0.02319245 -0.01301028  0.01997086  0.1371547
  0.04064616 -0.00192632 -0.07931317  0.00893303  0.03373534  0.09479415
 -0.09890637  0.08615821  0.06900711 -0.05355408 -0.06414378  0.06229393
 -0.03828964 -0.04186173 -0.12660195  0.04643356 -0.0173919  -0.0371867
  0.00165529  0.0548948   0.01320098  0.06606954  0.22280619 -0.01179714
  0.13547637 -0.00224623]