[ 3.12270913e-02  3.39394182e-01 -1.57575421e-02  9.49678570e-02
 -3.11632939e-02  1.85143411e-01 -2.99142320e-02 -7.15149567e-02
  2.10871585e-02  9.92559120e-02  1.21817663e-01 -7.72788674e-02
 -5.38933426e-02 -1.99018627e-01  5.69750257e-02 -2.74613164e-02
 -6.81720898e-02  7.86570087e-02 -3.14166732e-02 -1.05375774e-01
  5.25959209e-03  4.58007790e-02 -6.05262965e-02  6.65704533e-03
  1.34015456e-01 -1.94780976e-01  4.49581724e-03 -2.11562626e-02
  1.95460115e-02  1.28311247e-01 -9.54678690e-04 -4.77232151e-02
 -6.05500937e-02  5.89951053e-02  5.66130355e-02 -2.71166768e-02
  7.56520331e-02 -2.06359863e-01  2.86768116e-02  5.62902950e-02
  1.56691968e-02 -1.62063897e-01  5.76016903e-02  6.42769858e-02
 -1.92065779e-02  1.31352758e-02  1.36098340e-01  2.35607773e-02
 -1.29147202e-01  3.93139273e-02  2.11407751e-01  1.33894876e-01
 -1.22491434e-01 -1.82091594e-02 -4.85531874e-02  4.09113429e-02
 -6.86682463e-02 -1.59348726e-01  4.70631570e-02 -5.26461564e-02
 -1.77231897e-02 -9.52736586e-02  1.43615846e-02 -1.38300389e-01
  2.34662797e-02 -7.76651055e-02  8.16298127e-02 -7.73906931e-02
 -3.63229923e-02  1.60628676e-01 -1.22816321e-02  1.00509599e-01
 -1.10823922e-02 -4.31968644e-02 -1.38994204e-02 -5.77439629e-02
 -1.97529029e-02  1.21506006e-01 -1.04127631e-01  4.41907905e-02
  2.68601347e-02  6.97974786e-02 -5.93521446e-03  5.52291237e-02
  2.63059754e-02  1.20849431e-01 -8.00577924e-02 -1.36066094e-01
  1.23461243e-02  1.24864884e-01 -7.34696016e-02 -1.22122250e-01
 -1.07813455e-01 -3.73399667e-02 -1.04017779e-01 -1.09237380e-01
 -2.85335016e-02 -4.57542725e-02  5.58298230e-02 -1.29172653e-02
  1.50921918e-03  8.26508179e-02  6.28704503e-02  8.50570868e-05
 -2.21905559e-02  1.00156870e-02  2.15321686e-02  1.25632778e-01
 -1.06048644e-01  1.10808343e-01  2.60509644e-02 -2.30726041e-02
 -3.01260073e-02 -1.81961134e-02 -2.76557747e-02 -1.13731876e-01
 -5.90693057e-02  4.61420929e-03  5.66353053e-02 -3.08203083e-02
  8.13323483e-02  3.33274342e-02  4.77626994e-02  1.16106324e-01
  1.86454907e-01 -5.76359592e-02  1.29719302e-01 -9.09890607e-03]