[-0.10436939  0.03598836  0.06131937 -0.03392769  0.01688253 -0.12494559
 -0.08856954 -0.07120551  0.12812182 -0.0794749  -0.00781775 -0.01175811
 -0.05701157  0.04018144  0.08996439 -0.05704399 -0.03217075 -0.08977445
  0.11850668 -0.01820002 -0.00251152  0.11023933 -0.01011919 -0.1263537
  0.0505925   0.07199062  0.01254305 -0.05465997 -0.01047776  0.06071942
  0.04958596 -0.09459791  0.22204897 -0.05670708  0.12725757  0.03658764
  0.18736999  0.06750058  0.08101807 -0.00952171  0.06255599  0.03295561
  0.00375094 -0.0319163  -0.04034182  0.18758401  0.03618242 -0.11524109
  0.05962027 -0.12837473 -0.16892543  0.05033078  0.13494496  0.0517874
  0.0204661   0.02433304  0.06366287 -0.1532568  -0.17352322  0.02634208
 -0.00257987 -0.11418556 -0.07745545  0.07042935  0.04556786 -0.06024779
  0.05490584  0.06529009  0.16312198 -0.08696601  0.08632017 -0.09538437
 -0.07269914 -0.16460288  0.14729975  0.12157258 -0.1695435   0.01274173
 -0.01810364  0.06505699 -0.08717352  0.13456459  0.05303451  0.20833695
  0.09336762  0.03496016  0.03314195  0.04570318 -0.10456017 -0.0441201
 -0.03596859  0.00777265  0.06862772  0.02831972 -0.11277356 -0.14797601
 -0.05648554  0.0142132   0.04153419 -0.05646188 -0.03487725 -0.02934217
  0.03127119 -0.0887472  -0.01343331 -0.02154791  0.09707936  0.02000733
 -0.01038136  0.0598579  -0.01373296 -0.21854001 -0.12799881 -0.04161356
 -0.07496322  0.04184241 -0.12808503 -0.13679917 -0.09016468 -0.02828663
  0.06548636  0.12109349 -0.1002625   0.02870195  0.04752814  0.01547285
  0.07372215  0.11794151]