[-0.10766409  0.17244039  0.03464373 -0.09686275  0.02606088 -0.04469103
 -0.09117828 -0.12600915  0.07929808 -0.07619563 -0.00671163 -0.04842755
 -0.00852465  0.05608618  0.09020553 -0.06353188 -0.04573505 -0.11410212
  0.02849714 -0.06766435 -0.02640162  0.10219251  0.00783628 -0.14222901
  0.08435191  0.00535659 -0.00579598  0.0280607   0.04518665  0.07471062
  0.09676386 -0.07381356  0.15456982 -0.05551698  0.07797869  0.01362048
  0.12751688  0.05905498  0.12562063  0.06228836  0.06193176 -0.00037631
  0.00218667 -0.03331322 -0.03527342  0.20303828  0.0191408  -0.04972171
 -0.01964687 -0.12632559 -0.16619235  0.12470132  0.11951242  0.00569823
 -0.08669959  0.01811936  0.03084811 -0.04988649 -0.16733187  0.0070097
 -0.06839962 -0.022141   -0.02409687  0.04985386 -0.00689906  0.0191895
  0.05719146  0.11963882  0.05736884 -0.08941954  0.11741114 -0.08134162
 -0.07380667 -0.14595352  0.20292757  0.14528115 -0.18595235 -0.09054937
 -0.02761622  0.13148861 -0.05356226  0.07610434  0.08513639  0.22133201
  0.01292146  0.06928439  0.01887201 -0.02830937 -0.12883629 -0.03654441
 -0.04509059 -0.06881915  0.09584995  0.06437847 -0.10901228 -0.1859293
 -0.07977811  0.02877152  0.0161364  -0.06365629 -0.03619599 -0.00868294
  0.01286931  0.02210314 -0.06720333  0.02396241  0.04130086  0.12952511
  0.02124653 -0.00122195  0.06554553 -0.17531417 -0.16137485  0.05408142
 -0.10860025  0.05037063 -0.22493951 -0.01180003 -0.01111171  0.04406844
  0.06888295  0.03979812 -0.1582911   0.01500296  0.04705422  0.01838777
 -0.00599766  0.08211452]