[-0.0443873   0.08021582  0.07616056 -0.0110018   0.06719125 -0.09085961
 -0.09092864 -0.07757054  0.05706893 -0.01451621 -0.00321487 -0.07532512
  0.00349076  0.04446352  0.1587733   0.01553364  0.04886551 -0.07466399
  0.0439978   0.05175865  0.01557777  0.05876406 -0.00360734 -0.08091801
  0.07378124  0.00344793 -0.06952365 -0.03243418  0.00033527  0.06230555
  0.02807213  0.00610893  0.1704213   0.00932276  0.12722456  0.0940199
  0.18741223  0.03089763  0.04930472 -0.12985563  0.02175504 -0.04016007
  0.05529779 -0.08742098  0.01204855  0.31247944  0.05418552  0.01506772
 -0.04749209 -0.10406215 -0.12243743  0.06516797  0.1079588  -0.00661281
  0.06996147 -0.0122164   0.00255267 -0.2165767  -0.08629099 -0.00231145
  0.01802424 -0.0452322  -0.15473963  0.04211438  0.02847542  0.00563971
 -0.01905032  0.15595984  0.10372662 -0.07035592  0.07028897 -0.09184779
 -0.10661153 -0.24011245  0.12916972  0.1379299  -0.09918986  0.08371539
  0.04025596  0.07848564 -0.03211589  0.09439015 -0.03319431  0.1429847
  0.07156748  0.07440285 -0.03148697  0.04012763 -0.08708773  0.09782607
  0.00542298  0.02768566  0.01695864  0.06843279 -0.19219393 -0.06755485
 -0.03775159  0.016128    0.03393402 -0.14190874  0.07274467 -0.0038731
  0.01261343 -0.1157347  -0.04106358  0.00834929  0.02865716  0.0536542
  0.05826265  0.07352889 -0.02378413 -0.14623918 -0.14231724 -0.05942082
 -0.02121195  0.01953328 -0.19698082 -0.13181096 -0.13871896  0.02545932
  0.0509596   0.12666333 -0.0423025   0.12368087  0.06295039  0.01487463
  0.12806749  0.01346046]