[-0.02348225  0.03554621  0.04094163 -0.07804513  0.0743697  -0.15460566
  0.00557707 -0.08289636  0.09620439  0.02428403  0.03961239 -0.00219993
  0.05526326  0.16833323  0.13299483  0.01555424  0.08951888 -0.09291325
  0.02278725 -0.00225033 -0.00300275  0.14939424 -0.08411806 -0.07159968
  0.04229742  0.10859694  0.0174717   0.06970249  0.05558198  0.14916171
 -0.02297766  0.05787501  0.1565026   0.00143866  0.04927078  0.03103504
  0.2061812   0.11140253  0.12328158 -0.01157798  0.04359306  0.04538301
  0.07263986 -0.06161722 -0.00684593  0.17587155 -0.03002299 -0.03351781
  0.09840848 -0.18949801 -0.0473896   0.07443715  0.01661439  0.04207381
  0.07992548  0.00924694 -0.0500335  -0.07410546 -0.14907481  0.07192101
 -0.01828692 -0.20287992 -0.11122657  0.07408783 -0.00967604 -0.01212647
  0.0060019   0.17247431  0.14602385 -0.11861981  0.09909531 -0.06686976
 -0.06411995 -0.18670389  0.12621503  0.14465006 -0.06799062  0.05083253
 -0.01673083  0.01988352  0.0549942   0.12158467  0.0863796   0.16169341
  0.0851523  -0.03826354  0.08024577  0.05466098 -0.05084248  0.01659965
 -0.08655445 -0.04010193  0.02262334  0.09187371 -0.15148947 -0.10797406
 -0.04498134 -0.08160906  0.09873365 -0.08278012 -0.00096431  0.00117417
  0.03802102  0.01802706 -0.08044372 -0.0425299  -0.03608589  0.01851651
  0.05213485 -0.00786662 -0.00783679 -0.14446495 -0.19986343  0.06533197
 -0.03101036  0.01370623 -0.13653786 -0.1025783  -0.18356596 -0.01683785
  0.06244471  0.13772999 -0.0452938   0.08425437  0.03792407  0.00539472
  0.01984764  0.03585336]