[-0.09364539  0.17235966  0.03011858 -0.15730262  0.04400203  0.09819024
 -0.07621837 -0.00924823 -0.03680563 -0.05149204 -0.0711607   0.00842873
  0.02145932 -0.04049125  0.04496759 -0.08163264 -0.12396511 -0.16242781
  0.0423179   0.06882954  0.02077416  0.03875717 -0.02632076  0.045675
  0.04387738  0.03146108  0.03361636  0.03030716  0.08079772  0.04799743
  0.0432114  -0.21467073  0.06561508  0.03925928  0.04961785  0.0534501
  0.10982631  0.01566388 -0.00115381 -0.03018438  0.06260517 -0.09103893
  0.17104052  0.05444947 -0.04309825  0.05723104  0.19429484  0.04879146
 -0.12233791  0.10309541 -0.12523381 -0.04574099  0.0187918   0.04955002
  0.19545557  0.04343147 -0.12870188  0.09100356 -0.12043471 -0.19272268
 -0.0820693   0.03547791  0.14210965 -0.02795806  0.01035359  0.07123434
 -0.00579882 -0.00766661 -0.06374875 -0.0538785  -0.00827721  0.01483171
 -0.09071572 -0.0075276   0.22245976  0.08831701 -0.03912419  0.04853499
  0.15780222  0.07896122  0.01014916  0.06236798  0.09793629  0.14541425
  0.00678751 -0.03323521 -0.0033894   0.13196479  0.13518898  0.13330284
  0.07359647 -0.10858901  0.02745411  0.05953022 -0.08241074 -0.1064929
 -0.02213141  0.12258948  0.00213452 -0.11433584 -0.0436632   0.01985096
 -0.0293118  -0.06029116 -0.22905038  0.16792203 -0.09479301  0.04419608
 -0.05414834 -0.01987488  0.15719101  0.01805903 -0.10587115  0.05832913
 -0.04189017  0.04226289 -0.05516274 -0.0239836  -0.04397092  0.11584853
  0.09556579 -0.0085443   0.02600886 -0.02622496 -0.13589311  0.09029678
  0.07826906  0.00408093]