[-0.00133091  0.02629951 -0.04072728 -0.14899892 -0.05227369  0.10919091
 -0.16771977  0.04159959 -0.09753719 -0.01726925  0.07262958  0.02357752
  0.04435873  0.06880387  0.04846285 -0.05210754  0.00266607 -0.09858117
  0.11477     0.04859256 -0.01237124  0.09888643  0.04241407  0.20591691
  0.01149825  0.12144843  0.29417187 -0.01711499  0.02395475 -0.01663799
  0.00542205 -0.28600502  0.06067597  0.03968298 -0.07331453  0.09963527
 -0.00720434  0.05311319 -0.04709351  0.12982924 -0.05980316 -0.00554595
 -0.03487243  0.14344855 -0.05477184 -0.02742465  0.13439912 -0.00432073
 -0.1081055   0.0669399   0.02683751 -0.05744476 -0.0151106   0.02831446
  0.09359555  0.08739792 -0.08306365  0.22379087  0.01923221 -0.13883078
 -0.10123689 -0.02404652  0.20175405 -0.0288559  -0.01223555 -0.01443883
  0.05627104  0.04930538  0.0249822   0.06942587 -0.02607768  0.00184321
 -0.06015075 -0.05712295  0.17879701 -0.04080609 -0.05896112  0.09987622
  0.05698443  0.06844673 -0.00145058  0.03417598  0.06173942 -0.07696779
 -0.06665165 -0.0608651   0.04947339  0.01367661  0.07076221  0.04551353
  0.00889564 -0.10502295  0.019798    0.08489946  0.04011813 -0.0323636
 -0.02240274  0.02599198  0.0573631  -0.10342617 -0.09214618  0.05131347
 -0.04063611 -0.02294513 -0.19413103  0.09697059 -0.13661446 -0.1358718
 -0.09474471 -0.16164644  0.16967213  0.14568965  0.05095429  0.04858507
 -0.01878033  0.05421536 -0.0831771  -0.11499809 -0.02780809  0.04268767
  0.05378134 -0.08830298 -0.00691913 -0.03605603 -0.08552615  0.10299651
  0.0085809   0.02140317]