[-0.01797982  0.19967145  0.130357   -0.08935223 -0.04505263 -0.07186402
 -0.11648855 -0.02181516 -0.0720043  -0.00823591  0.05075442 -0.11978256
  0.07228465  0.18475719  0.14883597  0.02939287  0.19544423 -0.04752567
  0.03363312  0.0534572   0.04554423  0.08169249  0.01866319  0.15863083
  0.02041105  0.0107122   0.04121598  0.08698026  0.18435293  0.07061759
  0.01365916 -0.04120859  0.13866292  0.06530038  0.00083128  0.07608331
  0.16202509  0.21024787  0.01898333  0.02352344 -0.14556688  0.05418145
  0.04948567 -0.08943401  0.0757201   0.17788121  0.13854325 -0.01368388
 -0.15770103 -0.05466521 -0.02696038  0.08410642  0.01984033  0.01279941
  0.03356947  0.062135   -0.02182333  0.05287217 -0.00042237 -0.10642031
 -0.05253614 -0.00745392 -0.04482989 -0.07003286 -0.02113803  0.08526669
  0.0525024   0.03133323 -0.06801423  0.00615919 -0.00080454 -0.12861978
 -0.11542168 -0.06109551  0.1840041  -0.01624743  0.00451174  0.09620572
  0.10495136 -0.01926701 -0.01454576  0.10709424 -0.05245    -0.05853269
  0.09034138 -0.03614117 -0.10172512 -0.0465787  -0.00167097  0.1205947
  0.02141371 -0.07721984  0.06356002  0.09594408  0.07296892 -0.02764972
 -0.02088182  0.10218221  0.02718637 -0.07517619 -0.07513895  0.05325073
 -0.05000162  0.11113788 -0.17662594  0.10069078 -0.03819094 -0.0932759
  0.15554604 -0.18874232  0.02341984  0.04236253 -0.10538555  0.07586261
  0.01827292  0.01492922 -0.10156174 -0.19018094 -0.07291183  0.04806498
  0.00127121  0.07336371 -0.05511559  0.08220802 -0.02005768  0.04689907
  0.06483777 -0.09875483]