[ 1.98411215e-02  1.07874326e-01 -2.07759030e-02 -8.92616361e-02
 -2.28420533e-02  2.69450508e-02 -1.24536805e-01  4.40152772e-02
 -1.90326646e-01  3.73940840e-02  2.99798753e-02 -2.64255516e-02
  1.25455698e-02  1.34059772e-01  5.35930470e-02 -8.63811176e-04
  1.69408932e-01 -4.57539894e-02  1.74866721e-01  5.75462617e-02
 -5.18097579e-02  1.35193944e-01  6.73220456e-02  5.18701337e-02
 -3.43376212e-02  1.30922988e-01  2.10736245e-01  1.49774943e-02
  7.75963962e-02 -6.97045121e-03 -7.55413473e-02 -1.36524320e-01
  5.65553419e-02 -4.10042034e-04 -3.81282419e-02  6.72199950e-02
  8.90089199e-02  1.58103839e-01 -1.19161326e-02  1.33524254e-01
 -1.09913774e-01  1.02843113e-01 -3.03332265e-02  3.79275493e-02
 -8.72665569e-02  1.62935659e-01  1.56069040e-01 -7.07331374e-02
 -1.03013381e-01  1.94838457e-02  1.21728241e-01  1.30797282e-01
 -9.81469825e-02  6.51713163e-02  7.37452284e-02  1.66665670e-02
  1.00059897e-01  7.20048994e-02  7.12763146e-02 -5.07730544e-02
 -3.00399642e-02 -6.19086251e-02  7.11798966e-02 -1.07225955e-01
  7.71195963e-02 -1.57356367e-01  7.21181482e-02  5.22592701e-02
  6.50281534e-02  1.72247261e-01  4.81004119e-02  3.44748870e-02
 -1.33396722e-02  1.49642266e-02  1.02053776e-01 -2.65201461e-02
 -4.22801860e-02  2.23232552e-01  2.24258639e-02 -6.97088316e-02
 -5.57069965e-02  1.08677186e-01  6.26228228e-02 -2.19775029e-02
  1.27184642e-02 -1.08684860e-01  2.56937090e-03  3.43260132e-02
  4.46523987e-02 -8.99407174e-03 -6.97599277e-02 -2.46965028e-02
  2.33445149e-02  2.40382627e-02  1.17809333e-01 -1.01867154e-01
  1.44846901e-01  8.68435279e-02  2.50723516e-03 -8.30697939e-02
 -1.29371241e-01  1.75409764e-01 -4.00250452e-03  1.07501209e-01
 -1.57111123e-01  1.58383474e-02 -6.54975250e-02 -1.11215279e-01
  3.94960456e-02 -1.24720544e-01  6.25904128e-02  6.46890029e-02
  8.58911686e-03  9.04228911e-02 -1.44708063e-02 -3.47410180e-02
 -3.27750668e-02 -2.49720663e-01 -7.82202929e-02 -1.23375319e-02
 -1.49903493e-02  3.87740508e-02  4.64156009e-02 -3.38730179e-02
  2.05871295e-02  3.74996662e-02  4.05912474e-02 -8.16514657e-05]