[ 0.08073594  0.00805451 -0.00131232 -0.06239084  0.0354793   0.12503612
  0.03650373  0.09072678 -0.17085816 -0.14668569 -0.02548378  0.01205403
  0.11814748 -0.06639992 -0.07745628 -0.08277729  0.00661934 -0.04144839
 -0.14226058  0.19386785  0.09402666 -0.02263948 -0.03482997  0.00826187
 -0.09578683  0.04216119 -0.0972296  -0.11267716 -0.02685918 -0.04306155
 -0.06181746 -0.00864572 -0.11162531  0.11942904 -0.02168231 -0.01916097
  0.01564723  0.15424499 -0.10077058 -0.06861392  0.1020981   0.00074217
  0.02548389  0.08986171 -0.08207554  0.01427643  0.14583319 -0.01950681
 -0.2071535   0.06920634 -0.04615936 -0.16868277 -0.05534176  0.09385256
  0.09759104 -0.04806675 -0.10287591  0.08215677  0.04787167 -0.2081233
  0.02640034  0.09226371  0.09944124 -0.05184808  0.05043699 -0.03749084
  0.08354943  0.01746128  0.00392309 -0.11957189  0.02280478 -0.03974168
  0.10477488  0.00810624  0.00532632  0.01308893 -0.06144848  0.02757845
  0.08247651  0.03629076 -0.03243097  0.02921675 -0.02604953 -0.095266
 -0.06692524  0.00918078  0.11260301  0.07596516  0.03836254  0.03695176
  0.11352209 -0.15547688 -0.02093757 -0.02609576 -0.12677626 -0.01102639
  0.10486907  0.01384675 -0.07830017 -0.02398654 -0.05008044  0.09922305
 -0.03303164  0.13630788 -0.17246939  0.03504298 -0.11867224  0.16626751
 -0.12577407 -0.05826776  0.12020496  0.08848382 -0.15968555  0.04806719
 -0.05022465 -0.03448556 -0.20917425 -0.12384216 -0.08566281 -0.05308841
 -0.12016495  0.07530516  0.05355687  0.0484112   0.0622884  -0.0466423
 -0.07439774 -0.15622889]