[-0.04835293  0.22715378  0.07834696 -0.10215101 -0.07294316  0.08162212
 -0.11816519  0.04911098 -0.04322356  0.06327146 -0.05020267 -0.18216591
  0.03997766 -0.08150715  0.14434791 -0.00122845 -0.0474862  -0.12937132
  0.00680479 -0.06345227  0.01588796 -0.00925995  0.09853569 -0.04496085
  0.05704929 -0.05496832 -0.03106771 -0.08259501  0.07236408 -0.03655609
  0.11897083 -0.01813575  0.04246918  0.04790721  0.00931653 -0.01079071
  0.07436638  0.1090582   0.08812253  0.04287727 -0.06199793 -0.16804878
 -0.08994637 -0.10668945  0.07315067  0.20319308  0.04772631  0.04318812
 -0.19604337 -0.01428166 -0.02708357  0.20722941  0.11263744 -0.03543442
 -0.11246862 -0.01987223  0.17562568 -0.13516384  0.00483096 -0.14543542
 -0.01843674  0.05531194 -0.09421234 -0.03380075 -0.05517082  0.03040664
  0.05197075  0.16919304  0.01182587  0.00165454 -0.04492258 -0.03907262
 -0.18988685 -0.07531007  0.15984571  0.0145941  -0.10629532  0.00528956
  0.0839611   0.23548207 -0.09664525 -0.03820468  0.02272937  0.08581846
  0.03398488  0.04053554 -0.03899195 -0.01869844  0.0059405   0.02880013
 -0.02677321  0.00513656  0.06470427  0.12019684 -0.13622946 -0.06131602
  0.02448482  0.10524412 -0.02295698 -0.11080418  0.08907063  0.01472801
 -0.10513616  0.10654737 -0.01455342 -0.02440569 -0.03918432  0.09177475
  0.10506982 -0.04183974  0.02430155  0.05675057 -0.12227204 -0.0434349
  0.02127706  0.07155575 -0.22993597 -0.06913674  0.03377429  0.10256568
  0.06025369  0.02384136 -0.03882467  0.04549322  0.04388276 -0.01911654
  0.05575846  0.00588391]