[ 0.02702875  0.25065422  0.10992131 -0.12902941 -0.01890207  0.08730983
 -0.15155038 -0.00323644 -0.07498089 -0.01749956  0.01326145 -0.14109726
  0.00164765 -0.03223657  0.0831706   0.08647813 -0.00185518 -0.11677895
 -0.0124586   0.00504003  0.11038364  0.12528354  0.00233856  0.07687189
  0.0502273   0.02551116  0.02898295  0.0095358   0.1968848   0.04544958
  0.04000929 -0.09560176 -0.01904413  0.06924086  0.01301873  0.05121518
  0.06510557  0.06610829  0.12883306  0.0783797  -0.14696008 -0.06315524
 -0.00306558 -0.06451452  0.16458245  0.18956044  0.14442801  0.03308441
 -0.22181493  0.04245185 -0.00763832  0.19855708 -0.01509682  0.01091572
  0.00150295 -0.02971551  0.06373314  0.01387464 -0.05496576 -0.13822617
  0.01357914  0.03865313  0.05776609 -0.01515936 -0.09384366 -0.03756277
  0.04184739  0.10543323  0.01403576  0.08061098 -0.01382195 -0.00370848
 -0.15697438 -0.03261708  0.15253803 -0.05430798 -0.0341088   0.12347787
  0.07844801  0.13786891  0.08131642  0.12171672  0.02638128  0.02586927
  0.04236114  0.00234766 -0.08381494  0.0068164   0.03086974  0.12332699
  0.06321295 -0.04465596 -0.05415072  0.19930477 -0.02053228 -0.0104187
  0.00518039  0.08207521 -0.00625485 -0.09147622  0.00415189  0.03129169
 -0.1470343   0.09279055 -0.14021888  0.09334268 -0.07143725 -0.00079636
  0.10518549 -0.10273445  0.10519703  0.09267397 -0.1271451   0.0702788
  0.07056322  0.07967073 -0.15902039 -0.09723495 -0.05928027  0.06820881
  0.03157954  0.08329932  0.0831325   0.02839242 -0.04121522  0.04225104
  0.11615248 -0.07096586]