[ 0.06453442 -0.06597024 -0.16414763  0.00914714  0.07231923 -0.00410012
 -0.03279851 -0.01691843 -0.00756135 -0.06432491 -0.04517591  0.09805385
  0.08524787 -0.10037839 -0.11351175  0.04910455 -0.09416931 -0.18559486
 -0.11183684  0.18016496  0.01849218 -0.02949071  0.00956421 -0.13332355
 -0.02707581  0.09614746 -0.03758753 -0.09117275 -0.13185072  0.06522528
 -0.02827304  0.15074867 -0.06067648  0.01916094 -0.0852184   0.02933016
 -0.07283588  0.05022981 -0.01324001 -0.03355895  0.02491371 -0.08293302
 -0.00795995  0.08456704  0.0023904   0.07873596  0.02824615  0.04453979
  0.04054278  0.08809461  0.05173692  0.02473659 -0.04615564  0.00409527
  0.11431606 -0.15676892 -0.09399654 -0.0730615   0.01002679 -0.02893147
  0.02591886 -0.10444494  0.0273285   0.09505302 -0.03207143 -0.20881464
 -0.00366891  0.18775761  0.11872609 -0.11569763  0.05372344  0.05887308
  0.02672419 -0.06244991 -0.05044901  0.08723619 -0.03054968 -0.02222649
 -0.05333207  0.26055816  0.09236366 -0.07551368  0.01691706  0.05906308
 -0.08460599 -0.00522909  0.09356581  0.07699036  0.05317429 -0.04426892
 -0.11476909 -0.02137151 -0.11699569  0.08520063 -0.21382616 -0.0025699
  0.08572391 -0.11571954 -0.00121311 -0.13792957  0.01738642  0.01884146
 -0.04012778  0.06409825 -0.10640033 -0.06281943 -0.16680337  0.23742786
 -0.03238205  0.07283371  0.02458333  0.04904579 -0.20169693  0.04291278
 -0.05165621  0.02820215 -0.13446783  0.00156767 -0.06189368  0.05408981
 -0.05380072  0.14351091  0.1256264   0.03939755  0.0633598  -0.08105154
  0.01608303 -0.00895602]