[-1.58267077e-02 -2.83484254e-02 -1.29966974e-01 -3.45138349e-02
  1.22631945e-01 -7.53538013e-02  3.46030816e-02 -2.32911315e-02
 -3.44152376e-02 -5.57324886e-02 -1.25044242e-01  1.35502845e-01
  9.91658494e-02 -5.94653301e-02 -8.34375694e-02 -6.26641605e-03
 -9.62008908e-02 -1.85981661e-01 -1.07617281e-01  1.85062423e-01
 -4.78562564e-02 -5.73741570e-02  2.80713513e-02 -1.22769378e-01
 -1.94273964e-02  3.16343568e-02 -3.62890773e-02  1.24670174e-02
 -8.27852711e-02  9.39685330e-02 -3.90020609e-02  1.30955815e-01
 -1.47047266e-02  1.06486194e-02 -1.09239697e-01 -4.17377837e-02
 -5.52118346e-02  2.39026211e-02 -7.35383630e-02 -2.63949800e-02
  8.58662650e-02 -9.55799446e-02  9.95285213e-02  9.20360014e-02
 -7.29663447e-02  7.99064264e-02  2.86576692e-02  5.83188944e-02
  8.37751627e-02  1.12010807e-01  4.31845561e-02 -3.82805616e-02
 -5.11592925e-02 -2.69948803e-02  1.10391803e-01 -1.19006425e-01
 -1.35314733e-01 -1.38030071e-02 -4.52033570e-03  2.61315387e-02
 -1.27241059e-04 -6.11103177e-02 -3.10023241e-02  1.24923177e-01
 -6.36027940e-03 -1.58547461e-01 -6.30668327e-02  7.48929158e-02
 -5.08118654e-03 -1.78461090e-01  2.20816601e-02  5.43846563e-02
  3.87411751e-02  4.82093496e-03  3.76155972e-03  1.55442730e-01
  3.30843069e-02 -6.08204007e-02 -3.74989491e-03  1.98455453e-01
  7.54799470e-02 -1.48298860e-01  5.22046126e-02  1.56640097e-01
 -4.52833064e-02 -4.79744971e-02  7.49368519e-02  9.41035599e-02
  5.61041459e-02 -3.29729021e-02 -1.28907233e-01 -1.80333126e-02
 -7.37496912e-02  3.83771807e-02 -1.88569218e-01 -1.98626257e-02
  4.77215722e-02 -4.73028570e-02  6.26063626e-03 -1.25926077e-01
 -2.08925009e-02  1.52346864e-02  1.07018575e-02  1.05936028e-01
 -1.33368984e-01 -5.23269922e-02 -1.76173002e-01  2.85709411e-01
 -2.19552405e-03  5.55756725e-02  4.48646024e-02  2.01050881e-02
 -1.93538472e-01  8.94608349e-02 -1.52069002e-01  9.43567883e-03
 -4.47085090e-02  1.07676521e-01 -4.73849289e-02  1.45712942e-01
 -5.35606071e-02  1.20445162e-01  3.11341183e-03  3.92846344e-03
 -2.17749998e-02 -6.96714669e-02 -8.17175955e-02 -2.68675182e-02]