[ 0.0731306  -0.02039166 -0.08873107 -0.06351031  0.01336011  0.0545149
  0.02829083  0.14121376 -0.09351304 -0.08414689 -0.10652301 -0.02186794
  0.05121437 -0.11604924 -0.05343475  0.0548891  -0.08902518 -0.14192392
 -0.14264476  0.06419593  0.0448927  -0.02567833 -0.04693013 -0.10246409
 -0.05820826  0.02743835 -0.05938334 -0.11071575 -0.12618048 -0.03483024
 -0.04757041  0.05868518 -0.13942254  0.05599845 -0.08868033 -0.00556964
 -0.06896921 -0.00237706 -0.08740265  0.01613618  0.02765449 -0.04623177
  0.04870028  0.11628181  0.09536422  0.12959252  0.09321374 -0.02807481
 -0.15430379  0.06723369  0.03651264 -0.13268247 -0.0715571   0.01930341
  0.04691134 -0.08190782 -0.09542227  0.00613724  0.12623423 -0.08672385
  0.09594884  0.02720391 -0.02796539  0.05036158 -0.03188604 -0.14158925
 -0.01305318  0.11153508  0.11267068 -0.1132142   0.03328117  0.02260077
  0.05962624 -0.06425931 -0.05493624  0.05851828 -0.05167892  0.02721897
 -0.02955935  0.0991865   0.0713991  -0.04591205 -0.08356516 -0.04313662
 -0.14002591  0.0921545   0.07071956 -0.02487543  0.00602291  0.004436
 -0.03770351 -0.05005249 -0.17253959 -0.06081314 -0.11024508  0.17538147
  0.13175611 -0.08497968 -0.04105935 -0.00714253 -0.08241523 -0.00686424
 -0.02368837  0.07750362 -0.1899551  -0.07348002 -0.2407089   0.20890208
 -0.16279006 -0.01481809  0.08319183  0.05517486 -0.15362348 -0.06302199
 -0.01373363  0.01431842 -0.14117062 -0.05637549 -0.0341198  -0.05247356
 -0.05644397  0.12317721  0.15375386  0.08625481  0.08297736 -0.15194568
 -0.06604784 -0.12607653]