[-0.05616151 -0.00935993 -0.14802639 -0.11259784  0.06322382  0.04651693
 -0.08797889 -0.028362   -0.16308448 -0.0067588  -0.11822206  0.07036971
  0.114411    0.00403389 -0.03745835  0.03415457 -0.13479738 -0.14744726
  0.02554813  0.16145429  0.00221272 -0.09756505  0.10077977 -0.01954353
  0.01474956  0.12658559  0.05060352 -0.07645655 -0.07285833  0.04194696
 -0.04068196  0.01127652 -0.02234043  0.0418392  -0.08391833  0.03285457
  0.00274499  0.05958815  0.00101074 -0.01250414  0.0247085  -0.10926804
  0.1735065   0.09359918 -0.08407149 -0.00553863  0.21257618  0.05742165
 -0.02385684  0.1566377   0.02863688 -0.17667681 -0.0320337   0.08832502
  0.20305219 -0.04352689 -0.01121119  0.09245939  0.06714322 -0.17761382
  0.00088106  0.02221655  0.09366194  0.03006412  0.00344862  0.00390372
 -0.05909037  0.08453161  0.05593193 -0.11162984 -0.07511369  0.11360884
 -0.0156688   0.04102873  0.12383499  0.04669991 -0.0032878   0.00530502
  0.07262664  0.11635136  0.07810686 -0.04171966  0.04656436  0.0517063
 -0.12314532  0.00288091  0.0456705   0.13629316  0.16412362 -0.03018972
 -0.03213565 -0.03988377 -0.00149493 -0.01431329 -0.12655912  0.00120375
 -0.00694221  0.17244121  0.02681808 -0.12144002 -0.05842302 -0.02954332
  0.02307892  0.0983061  -0.13831449  0.04379744 -0.24910934  0.17166191
 -0.09704265 -0.01205375  0.04991157  0.12789993 -0.07620478  0.04411067
 -0.11037485  0.03891851 -0.00980732  0.00683996 -0.05939381  0.08219643
  0.0314221   0.04348776  0.11305869 -0.04669842 -0.20603098 -0.00211016
 -0.09347958  0.03167941]