[-9.79256909e-03  7.67255202e-02 -1.71929816e-04  6.82009831e-02
  4.04612394e-03 -8.45589861e-03 -9.07984152e-02 -2.00067192e-01
 -1.38059795e-01  3.03395223e-02  3.43373604e-02 -2.96611385e-03
 -3.88762876e-02  3.88758928e-02  1.34143770e-01 -6.05922714e-02
  3.02335601e-02 -7.10170493e-02  2.59598166e-01  8.31160471e-02
 -1.16681814e-01  6.22748882e-02 -4.42269631e-02  5.14602549e-02
  7.65836313e-02  6.21771030e-02 -2.87709013e-02 -5.91974668e-02
  1.87509693e-02  1.18130185e-01 -2.52860822e-02 -3.87338214e-02
  6.11993447e-02 -8.92796218e-02  8.45134333e-02  1.29049763e-01
  4.27031703e-02 -1.31724313e-01  8.20308700e-02 -1.59392729e-02
 -1.87150296e-02 -5.86684272e-02 -2.22020037e-02 -7.35552013e-02
 -3.92789729e-02  2.92970002e-01  1.42321512e-01  5.65950852e-03
 -8.04837570e-02 -9.28819776e-02 -1.93341505e-02  8.80649313e-02
  1.74975291e-01 -5.64345010e-02  5.90167493e-02  2.87475921e-02
 -2.53018048e-02 -1.15384953e-02 -4.62870970e-02  1.15185440e-01
  4.45554079e-03  9.17869955e-02  5.47225541e-03 -3.45613435e-02
  4.53058481e-02  2.87394393e-02  6.93525895e-02 -3.08204945e-02
 -1.78209937e-03 -9.00344625e-02  1.65094864e-02 -1.12617575e-02
 -8.23790729e-02 -7.09108636e-02  1.40896484e-01  8.64159539e-02
 -6.57520816e-02  1.85499433e-02  6.36193827e-02  1.35751858e-01
  4.03879918e-02  3.47018465e-02 -6.46736845e-02  3.44493166e-02
  6.15016334e-02  4.02454771e-02 -8.47651660e-02 -1.08235694e-01
 -1.35551482e-01  5.92583120e-02  1.18940538e-02  9.98093635e-02
  8.74259919e-02  1.52751565e-01 -1.36300638e-01 -9.17090103e-02
  3.32669243e-02 -3.82874385e-02  1.34720877e-01 -1.27049595e-01
  2.28707213e-02  7.85397142e-02  1.04752611e-02 -1.56664103e-01
 -1.32275462e-01  1.34956598e-01  1.09887712e-01  4.80259396e-03
 -2.82847062e-02  1.56590223e-01  1.21921100e-01 -1.20663151e-01
  2.02970952e-02 -1.47983044e-01 -1.21012598e-01  3.03034522e-02
 -1.41498089e-01 -6.29528835e-02 -8.95871744e-02  7.38998363e-03
  5.72810182e-03 -9.90880132e-02 -7.20370412e-02 -1.90321915e-02
 -2.73739137e-02  1.76443562e-01  4.67227250e-02 -2.71712244e-03]