[-0.15299354  0.01495567  0.11564192 -0.03149415  0.01190934  0.0770193
 -0.12740463 -0.0291518  -0.01113152 -0.06963155 -0.01936072 -0.01621229
 -0.02438031 -0.06894519  0.1344118  -0.08445758 -0.10644617 -0.15619496
  0.11844804  0.02871946  0.00442075 -0.06813921  0.01072817  0.02495742
  0.1220093   0.06066585 -0.05034646 -0.09397713 -0.0060673  -0.12310806
  0.24105626 -0.20056826  0.03903742 -0.02256017  0.07683222  0.12221469
  0.02146003 -0.00656294  0.06843518 -0.02572652  0.1340414  -0.04222617
 -0.02868303 -0.02819272 -0.00416866 -0.01996628  0.08050986  0.00067998
 -0.03694774 -0.07177581 -0.23936953 -0.11796359  0.1473652  -0.05539078
  0.01450478  0.05477312 -0.10428107  0.07438944 -0.13482305 -0.08806342
 -0.08441842  0.08884611  0.0564071  -0.05169722  0.0939725   0.15268286
  0.07157059  0.00901882 -0.00661519 -0.10948254 -0.00746546  0.05038456
 -0.07516916 -0.05565915  0.18577673  0.01763132 -0.11940087 -0.00158177
  0.12094382  0.19122382 -0.12803352 -0.00960901  0.06765443  0.07790133
 -0.03929355 -0.02132451  0.07094529  0.11035801 -0.02950879 -0.0736402
  0.08604515  0.04604602  0.16724567  0.09095094 -0.09587765 -0.11836357
 -0.04237811  0.02511741 -0.07045711 -0.05304822 -0.09104681 -0.09896213
 -0.1075075  -0.14177811 -0.01547503  0.17607911  0.08955699 -0.01923716
 -0.00699009  0.03481046  0.02125723 -0.03108749 -0.03948885 -0.02926322
  0.00522677  0.04375228 -0.19020958  0.01654572 -0.03873177  0.06354067
  0.02246926 -0.03629006 -0.12880231 -0.00278702 -0.08453667  0.12625708
 -0.00757     0.06742378]