[-0.17391174  0.11841641  0.0763251  -0.20766456  0.02757231  0.04070725
 -0.06773538  0.0373102  -0.02000174  0.08898468 -0.06436113 -0.10009029
  0.00222624  0.00028989  0.22177406 -0.1031054  -0.07890728 -0.13608555
  0.09153887 -0.0380539  -0.13818228  0.05983785  0.02274015 -0.06697474
  0.00672176  0.02686178  0.00484159  0.02777217  0.08172648 -0.14327867
  0.12524404 -0.25064129  0.06341774 -0.06815586  0.09533149  0.07396154
  0.09060721  0.02561861  0.03038874  0.06050174  0.07925356 -0.00888503
 -0.06123062 -0.0242464  -0.05924865  0.14357804  0.00637123  0.09023698
 -0.0614005  -0.04903727 -0.23097132 -0.03898032  0.04921148 -0.06227277
 -0.06818225  0.03863684 -0.0552787   0.03976163 -0.13656968 -0.01913062
 -0.09844729  0.09180655  0.01650129  0.01839375  0.03599828  0.1140613
  0.03817203  0.11126699  0.03037782 -0.11510112  0.06811938  0.0259162
 -0.03253602 -0.04408484  0.20544244  0.08142541 -0.17710651  0.01483734
  0.16417216  0.0234375  -0.04119801  0.00465133  0.04272116  0.16061889
 -0.00461722 -0.0216052   0.04376862  0.09452225  0.02808086 -0.00862691
  0.05716348  0.04414802  0.15690869  0.05279185 -0.0575224  -0.14804532
 -0.031983    0.00366829 -0.06865901 -0.05633458 -0.04737033 -0.05520141
 -0.05985671 -0.17446192 -0.09799363  0.10774413  0.01764075 -0.06374037
  0.03649329  0.06603739  0.14140254 -0.0293531   0.01375969  0.02780762
 -0.07700185  0.03365311 -0.18138091  0.03212341 -0.07131401  0.00598774
  0.04184324 -0.08748403 -0.11432648  0.0311755  -0.09181803  0.06662773
 -0.09505995  0.01622308]