[-1.47857994e-01  9.85151995e-03  9.02835093e-03 -9.13246721e-02
 -1.84008945e-02  2.45054197e-02 -1.54093564e-01  1.80374477e-02
  3.80613171e-02 -6.84882477e-02 -3.20305414e-02 -1.41587565e-02
 -8.02599918e-03 -3.99189219e-02  7.37870708e-02 -7.60639831e-02
 -7.85713494e-02 -1.75472617e-01  1.54164568e-01  6.33821562e-02
 -9.12412535e-04 -8.63060355e-02  5.35172373e-02  1.32165980e-02
  7.47274980e-02  8.81545022e-02  8.54668245e-02 -1.17413051e-01
 -4.36747409e-02 -9.94759500e-02  1.75643325e-01 -2.67399102e-01
  1.58017293e-01 -8.74824263e-03  7.91599974e-02  9.95489955e-02
  1.26853779e-01  9.25106853e-02  1.41129429e-02 -6.53780028e-02
  6.11775033e-02 -4.99489866e-02  3.74322161e-02  4.25283052e-02
 -2.34013237e-02 -4.58588498e-03  1.22300439e-01 -1.40892798e-02
 -4.71428223e-02 -2.03763857e-03 -2.55596668e-01 -1.89421818e-01
  1.41573325e-01  1.43285571e-02  8.08821842e-02  7.01040775e-02
 -9.29849297e-02  4.97898348e-02 -1.34957850e-01 -1.59227282e-01
 -6.45974278e-02 -2.93293069e-05  9.39654484e-02 -7.24637061e-02
  1.12515919e-01  1.01050377e-01  1.70215908e-02  2.17208769e-02
  3.12821344e-02 -1.34586915e-01 -4.87175658e-02 -3.41446176e-02
 -1.12543382e-01 -1.17563546e-01  1.94340602e-01  2.21234597e-02
 -7.75826201e-02  6.43105358e-02  1.36090010e-01  1.22098342e-01
 -1.70832038e-01 -1.34700872e-02  1.61335766e-02  7.91747048e-02
 -3.06048822e-02 -2.81082112e-02  2.17488352e-02  1.31321803e-01
  7.04861358e-02 -3.96819040e-02  6.10126257e-02 -3.00110672e-02
  1.35320112e-01  4.04092483e-02 -3.17160971e-02 -8.76752138e-02
 -4.28601019e-02  7.97870085e-02 -4.63737696e-02 -6.40738383e-02
 -1.05387904e-01 -1.14270784e-01 -9.60503295e-02 -1.50377795e-01
 -4.91569601e-02  1.26014918e-01  3.51212583e-02 -5.25204018e-02
 -8.09578151e-02 -9.34885722e-03  8.44271667e-03 -2.23201420e-02
  1.19316415e-03 -1.58630740e-02 -6.57648221e-03  3.89119722e-02
 -1.38004601e-01 -6.40991181e-02 -3.29765156e-02  5.07585965e-02
  3.08285616e-02 -1.20857905e-03 -7.55179375e-02  2.67352313e-02
 -7.03862533e-02  6.20466657e-02  7.45301228e-03  4.85694893e-02]