[-0.12424761 -0.0181266   0.06220954  0.01599912  0.02687785  0.02478867
 -0.09858404 -0.04759946  0.05514123 -0.10724638  0.00951969  0.03506717
 -0.09325054 -0.04940953  0.10601076 -0.11387602 -0.11668558 -0.12792388
  0.17881073  0.05865242 -0.0646556  -0.00726536  0.10988978 -0.04281977
  0.08823221  0.05409232  0.06120932 -0.10075439 -0.02430901 -0.1041191
  0.1630345  -0.19716503  0.19737582 -0.04450253  0.09853353  0.08339578
  0.10357074  0.05455679 -0.00577776 -0.0540374   0.15348765 -0.04246926
 -0.0237666   0.01970328 -0.19964799  0.00647679  0.0777113  -0.06383969
  0.03436608  0.01315034 -0.23278518 -0.06073412  0.15353294  0.02319551
  0.07003938  0.0283361  -0.00496744 -0.01345727 -0.17668889 -0.03296947
 -0.15890834 -0.02588022  0.08807334 -0.05779227  0.1605102   0.09527914
  0.0389963  -0.06142175 -0.00621352 -0.03003738 -0.01542673  0.00157038
 -0.05785942 -0.00345944  0.21186921  0.01271252 -0.09463943 -0.00868038
  0.04801035  0.10149241 -0.14057913 -0.00791565  0.07296158  0.1174804
  0.06167845 -0.02985762  0.02038413  0.12868592 -0.05035153 -0.03174715
  0.10419551  0.01721578  0.08272568  0.0187262  -0.0395311  -0.1752241
 -0.04568283  0.09359448 -0.00340281 -0.05795848 -0.09136742 -0.06948288
  0.00148837 -0.18261677  0.0068716   0.12612553  0.16616344 -0.01989203
  0.03743439  0.02735853  0.00465192 -0.04231574  0.03545016 -0.03646404
 -0.01703381 -0.00369908 -0.03969642 -0.04416853  0.03206398  0.10085876
  0.07796318 -0.03203868 -0.10811538 -0.00988485 -0.01942289  0.09640759
  0.1242942   0.1579276 ]