[-0.11937906  0.06717236  0.01501384 -0.15700518  0.10194803 -0.02051806
 -0.06133037  0.03171245 -0.06674988  0.07797238 -0.05978626 -0.09938473
  0.03951521  0.09488358  0.23739249 -0.04598678  0.06458707 -0.09374712
  0.10819829  0.05639142 -0.15435204  0.03273656  0.13420801 -0.17225501
  0.01169874 -0.0242027  -0.03315751  0.06349973  0.07228143 -0.13205144
  0.09560753 -0.12647171  0.15047526 -0.06694248  0.09085753  0.0772369
  0.13989867  0.08769426  0.02995701 -0.03947221  0.03324762  0.04523701
  0.00564839 -0.09455135 -0.14137998  0.16172361 -0.00606923  0.09102558
 -0.02789164 -0.00878946 -0.24808234 -0.05509631  0.04851283 -0.03537985
 -0.10785865 -0.02097798 -0.00865725 -0.03884047 -0.12480586  0.02999927
 -0.12052953  0.09772665 -0.03105979 -0.05221821  0.08064422  0.16768686
 -0.03734035  0.13434884 -0.02475352 -0.15836097  0.07461265 -0.00140223
 -0.02271855 -0.05493414  0.14785963  0.0873473  -0.08026229 -0.05157627
  0.14651233 -0.0450891  -0.05437583 -0.03706845 -0.01026302  0.15085289
  0.05512826 -0.00513057 -0.06026942  0.10654522  0.03968748  0.00525719
  0.0795777   0.05479464  0.10629277  0.07283203  0.01726793 -0.14401092
 -0.03402403  0.09972345 -0.13162722 -0.05066091 -0.05820214 -0.07299623
 -0.00662441 -0.1564362  -0.0797472   0.13190283  0.0749109  -0.05634138
  0.14678958  0.05492919  0.04411159 -0.05714557  0.05925401  0.07700457
 -0.07814546 -0.03267634 -0.11692314  0.04943361 -0.05795923  0.04284397
 -0.00945961 -0.07181635 -0.08628181  0.05934258 -0.04430303  0.00279335
 -0.03991074 -0.00789732]