[ 0.08988447  0.04818057  0.09942753 -0.04025457  0.20382801  0.10299388
  0.07239085 -0.13707054  0.03940331 -0.08146079 -0.00831405  0.03421772
 -0.02386441  0.15085636  0.11015635 -0.01597511  0.07674775  0.01052193
 -0.09490443 -0.08526362  0.03704821  0.1702396  -0.07579936 -0.03209681
  0.12208711 -0.08433172 -0.08034777  0.16367602  0.04478983  0.10127317
  0.05653784  0.06648968 -0.04973673  0.03427921  0.07686132  0.03338906
  0.03068512 -0.08401869  0.11041179 -0.07852824  0.08718652  0.08732601
  0.09764132 -0.13632497 -0.00472167  0.09346292 -0.11607318  0.03314411
 -0.0054407  -0.10032436 -0.02737308  0.06325282  0.03723107 -0.0369979
  0.00979398  0.00983543 -0.13747793  0.13897939 -0.18663603  0.08277368
 -0.03969633  0.05457953 -0.00100317 -0.0667534   0.01616248  0.15556261
 -0.04875991  0.1710518  -0.12790692  0.08542296  0.15842031  0.06588014
 -0.02190145 -0.14105482 -0.01129617  0.15836078  0.02707377 -0.15195009
 -0.0199974  -0.05833422  0.10405777  0.13003449  0.09780618  0.06232637
  0.02247917 -0.08488492  0.03275898  0.03199536 -0.10663755  0.15826945
  0.08199329 -0.10449788 -0.02903729  0.16863254 -0.04029812 -0.00753357
 -0.05707366 -0.09861613  0.01641721  0.02702412  0.06568997  0.00968571
 -0.04240519 -0.0123953  -0.12883009  0.08969395 -0.03029926 -0.05539723
  0.00936877 -0.02566599  0.10644371 -0.06978041 -0.0765308   0.13425182
  0.08483194 -0.01071976 -0.16885981  0.1442679  -0.07479884  0.0840722
  0.07271773  0.01164315 -0.00880206 -0.00689027  0.08842637  0.08528446
  0.07104436 -0.09274166]