[ 0.09572767  0.05973247  0.0647312  -0.14698493  0.05978663  0.04142315
 -0.05875943 -0.05082056  0.08072159 -0.15291035  0.09044661 -0.02137717
 -0.00403983  0.15210789  0.0607076  -0.06115092  0.00706588 -0.02537998
 -0.06349037 -0.0188903   0.08808054  0.23436151 -0.01206544 -0.06541413
  0.02508171  0.00603726  0.11366154  0.14840223  0.02271036  0.08894707
  0.00590154 -0.17094946  0.10497653  0.0499233   0.10884486  0.05249077
  0.08084617  0.07744445  0.08150441 -0.01543034 -0.06440465  0.09596691
  0.04647812  0.03996007 -0.04547048  0.03556679 -0.06294273  0.00310884
 -0.01195343  0.06687375 -0.09129786  0.11440212 -0.03972294  0.1050129
  0.05438675 -0.02623356 -0.10926598  0.07400208 -0.21064688 -0.05837037
 -0.08622856 -0.10176384  0.13767451  0.01869133 -0.04217533 -0.00397484
 -0.00619956  0.15496592 -0.01872739  0.10715303  0.165066   -0.07702912
 -0.01778817 -0.14811708  0.02809572  0.01986279 -0.04051441 -0.12286776
  0.00399129  0.02145104  0.09417333  0.09028606  0.09794787  0.05150295
  0.02336408 -0.09895602 -0.00462394  0.04050549  0.06135777  0.18209103
  0.08433419 -0.19934529 -0.05750531  0.11836632 -0.00124143 -0.11475783
 -0.08847523 -0.0020256  -0.00449929 -0.02930585 -0.00220454  0.10748399
 -0.02367765 -0.07028117 -0.11021765  0.08372755 -0.01778845 -0.07704042
  0.05393817 -0.10599476  0.1355048  -0.05526394 -0.1267802   0.21076782
  0.06364342  0.03640682 -0.02239069 -0.0066799  -0.01480303  0.04584824
  0.09320229  0.00732348  0.05261462  0.03048589  0.12857144 -0.02844667
  0.25751057  0.02037357]