[ 9.18341577e-02  1.77532688e-01  5.39389625e-02 -1.53251857e-01
  2.44295578e-02  2.96921823e-02 -1.78307537e-02 -2.54761875e-02
 -8.67460370e-02 -1.04342308e-02  2.66048294e-02 -1.27705261e-01
  7.33414069e-02  1.21691480e-01  5.98208606e-02  7.24841096e-03
  6.02980442e-02  3.86517160e-02 -4.26678434e-02  1.12635375e-04
  1.22053541e-01  1.22754321e-01 -2.87518688e-02 -2.96403971e-02
  8.03290680e-03  1.54873484e-03 -1.18052112e-02  1.01510756e-01
  1.42022550e-01  1.42043844e-01 -1.00654744e-01 -6.90181032e-02
  4.08862196e-02  4.28987592e-02  1.33108184e-01 -4.88944091e-02
  1.10261098e-01  1.39211997e-01  1.14037998e-01 -1.22764178e-01
 -1.54362738e-01  2.33235750e-02  1.25002861e-01  1.93207210e-03
  2.21432671e-02  1.18255958e-01  6.18798211e-02  5.52324876e-02
 -1.94565192e-01  4.76487493e-03 -3.98067161e-02  9.30103809e-02
  8.60927720e-03  9.41542014e-02  5.83950654e-02 -3.73818241e-02
 -1.17880795e-02  2.31510978e-02 -8.28652084e-02 -2.00233653e-01
  1.55267371e-02 -8.87559913e-03  8.66192281e-02  2.55685411e-02
 -6.95785731e-02  1.24717496e-01 -4.85620759e-02  1.14491969e-01
 -4.57233712e-02 -2.98985783e-02  7.32838213e-02 -1.13559887e-01
 -5.06228954e-02 -1.24324515e-01  3.67400497e-02 -1.40214711e-03
 -1.66839454e-02 -8.59611034e-02  1.32710040e-01 -6.88419305e-03
  1.10861905e-01  9.93658155e-02  2.19660508e-03 -2.30522715e-02
  7.10949525e-02 -6.48836717e-02 -9.81245041e-02  1.61445066e-02
  1.52851105e-01  2.13763937e-01  9.39804539e-02 -1.29317150e-01
 -6.22742139e-02  9.56483185e-02 -3.93565781e-02 -6.81877956e-02
 -1.77329853e-02  1.28605232e-01 -1.67838875e-02 -7.36592039e-02
  9.07472968e-02  1.24511681e-01  8.46687332e-03  8.31958931e-03
 -1.85348526e-01  8.57464224e-02 -2.96906065e-02 -9.94184241e-03
  1.23981148e-01 -1.17450930e-01  1.67654842e-01 -4.48392378e-03
 -1.42007336e-01  1.22442968e-01  7.08401054e-02  3.51932868e-02
 -1.11767285e-01 -3.87371406e-02 -5.48265055e-02 -4.03902866e-02
  2.07430869e-02 -1.23066111e-02  9.19646323e-02  6.40455587e-03
  3.91957797e-02 -6.81426562e-03  1.78769916e-01 -9.59758461e-02]