[ 0.03805394  0.1097251   0.18024509 -0.05962431  0.14716661  0.16206451
  0.07958382 -0.02249615 -0.03750526 -0.02638992  0.02156437  0.00451329
 -0.03079698  0.05603646  0.19044589 -0.04267272 -0.03729881  0.08909827
 -0.0950937  -0.15956903  0.04482602  0.18620612 -0.0356598   0.00663938
  0.15725529 -0.16031827 -0.01529706  0.16430387  0.04425276  0.05676791
  0.05077751 -0.09493648 -0.0710397   0.08808424  0.07862202 -0.03620115
  0.00646012 -0.18599914  0.07624549  0.0164692   0.13032691  0.03079841
  0.18506706  0.02046075 -0.1147513  -0.10770509 -0.03733659 -0.00285912
 -0.02458761  0.01124328  0.09192736 -0.06892973 -0.10251604  0.00168822
 -0.01902529  0.06487782 -0.15312143  0.15546265 -0.09545165  0.03895684
 -0.09134142  0.00708807 -0.00048708 -0.06745163  0.04529873  0.13133353
 -0.0563487  -0.01663679 -0.18080346  0.13664156  0.10296202  0.14257471
  0.05391648 -0.06809435 -0.00059789  0.03773833  0.00749273 -0.12624742
 -0.01385206 -0.07573795  0.11577614  0.05262329  0.17267483  0.09800711
 -0.02597438 -0.05768403  0.04024519 -0.00613759 -0.04954101  0.17195719
  0.05416254 -0.1553098  -0.09796566  0.0124917  -0.04098551 -0.02422981
 -0.1206554   0.0017694  -0.03389128  0.0808833  -0.04248479  0.04392537
  0.05326808 -0.01352406 -0.06679294  0.07562345 -0.03754475 -0.02033023
 -0.01538408 -0.06934086  0.10257991 -0.04358394 -0.02575255  0.14756733
  0.03923402 -0.05513186  0.01634945  0.17999886 -0.02747801  0.07860053
  0.14680929 -0.0616258  -0.03970828 -0.01396707  0.08116734  0.01346057
  0.08579793 -0.00660207]